0.123494 0.591458 0.075054 0.335842 0.814856 14
0.027481 0.583823 0.054874 0.342847 0.801179 14
0.342865 0.634707 0.370119 0.726251 0.727901 14
0.697787 0.634495 0.363673 0.730158 0.717738 14
0.932459 0.622731 0.050223 0.121468 0.586411 14
0.525884 0.469382 0.111162 0.195107 0.576349 14
0.809913 0.514919 0.169475 0.348293 0.551811 14
0.197458 0.521508 0.082223 0.223059 0.433692 14
0.898255 0.504492 0.036909 0.104869 0.382232 14
0.056763 0.586570 0.121135 0.336904 0.356235 14
0.975712 0.686853 0.049127 0.512269 0.341566 14
