0.402173 0.678323 0.246569 0.233664 0.869928 1
0.532851 0.630176 0.213926 0.213614 0.803354 1
0.514659 0.538292 0.139989 0.277887 0.766836 14
0.135863 0.305050 0.043847 0.162324 0.734184 14
0.806904 0.608146 0.172918 0.189515 0.730196 1
0.373649 0.577574 0.132427 0.275443 0.678077 14
0.780430 0.488148 0.122281 0.248793 0.487886 14
0.442459 0.430757 0.046228 0.110034 0.476393 14
0.269405 0.368154 0.044806 0.086275 0.418512 14
0.809934 0.533946 0.089533 0.238379 0.282872 14
0.682481 0.460890 0.053747 0.073551 0.253676 1
