0.455542 0.429037 0.211538 0.214656 0.878117 15
0.638734 0.682217 0.167310 0.263196 0.815079 15
0.893524 0.730916 0.121124 0.163221 0.809920 15
0.267047 0.124029 0.156623 0.199158 0.775574 15
0.269539 0.366749 0.192378 0.365196 0.770425 15
0.632788 0.428785 0.148032 0.221325 0.765335 15
0.439793 0.698682 0.212785 0.227174 0.754645 15
0.529680 0.923227 0.145656 0.153378 0.746710 15
0.834704 0.617451 0.224739 0.164886 0.727772 15
0.357012 0.917629 0.224361 0.164341 0.712398 15
0.238231 0.643094 0.186417 0.312038 0.685342 15
0.835834 0.273010 0.220610 0.292987 0.671809 15
0.427731 0.152417 0.199822 0.287000 0.651882 15
0.942449 0.847788 0.112267 0.109365 0.501314 15
0.664709 0.270218 0.245839 0.516320 0.479462 15
0.739776 0.880652 0.183546 0.221673 0.254767 15
