0.787812 0.596454 0.091971 0.402393 0.816586 14
0.706279 0.606242 0.107990 0.396918 0.811204 14
0.227530 0.543630 0.071679 0.288311 0.774921 14
0.419880 0.605682 0.114325 0.452519 0.743396 14
0.841218 0.689614 0.226494 0.232181 0.701412 1
0.163930 0.550663 0.067478 0.254613 0.670396 14
0.169114 0.604466 0.145478 0.170089 0.630752 1
0.494925 0.576214 0.105078 0.435941 0.592121 14
0.315445 0.603030 0.146833 0.171496 0.406311 1
0.668194 0.421212 0.045803 0.073771 0.376882 14
0.585011 0.625302 0.155551 0.237425 0.337053 1
0.663114 0.493488 0.059736 0.135989 0.252055 14
