0.696599 0.724307 0.444036 0.209664 0.924833 6
0.260755 0.805349 0.473307 0.233735 0.922262 6
0.884877 0.504591 0.173863 0.106084 0.912132 6
0.460165 0.635309 0.405246 0.143720 0.854498 6
0.114347 0.505976 0.172514 0.095307 0.832875 6
0.292862 0.528614 0.053924 0.149313 0.708163 14
0.411566 0.535886 0.253814 0.114282 0.584730 6
0.591144 0.520652 0.291709 0.124367 0.559289 6
0.683285 0.505190 0.120175 0.080924 0.489910 6
0.454903 0.435110 0.030521 0.076158 0.364090 14
0.895827 0.431447 0.031887 0.068207 0.335662 14
0.387799 0.466026 0.038438 0.040236 0.333419 14
0.948053 0.515394 0.064160 0.095860 0.324250 6
0.923100 0.430967 0.025938 0.053440 0.306224 14
0.431733 0.430450 0.027958 0.073478 0.285397 14
