0.928324 0.721046 0.141123 0.218852 0.847429 1
0.770969 0.628919 0.082960 0.297458 0.836439 14
0.649537 0.709330 0.113983 0.189142 0.779572 1
0.950453 0.640082 0.095106 0.327486 0.779028 14
0.266542 0.618283 0.091606 0.313421 0.776657 14
0.794088 0.699900 0.122767 0.177271 0.774329 1
0.283899 0.729562 0.134320 0.259985 0.770308 1
0.656747 0.627305 0.108554 0.292138 0.723750 14
0.510012 0.614690 0.131585 0.295026 0.681336 14
0.495349 0.710919 0.126095 0.219555 0.675020 1
0.358404 0.591066 0.051948 0.178415 0.555306 14
0.335066 0.660447 0.077041 0.158592 0.463305 1
0.389530 0.625925 0.074624 0.098834 0.334208 1
