0.835453 0.866531 0.327388 0.169399 0.929805 6
0.439426 0.884051 0.352821 0.154378 0.926560 6
0.236301 0.850738 0.040905 0.133819 0.769789 14
0.956070 0.486405 0.059899 0.200552 0.667554 4
0.028997 0.888591 0.054403 0.165692 0.622534 14
0.138233 0.842548 0.027820 0.093190 0.621899 14
0.575383 0.807864 0.025929 0.068759 0.541050 14
0.686597 0.825155 0.041397 0.119837 0.538844 14
0.030697 0.888334 0.055140 0.167355 0.492810 6
0.076044 0.860210 0.038482 0.101967 0.489644 14
0.120698 0.842774 0.027321 0.090514 0.422660 14
0.891779 0.487313 0.058397 0.191112 0.401258 4
0.258544 0.850008 0.044139 0.131692 0.348994 14
