0.056025 0.729975 0.062947 0.245446 0.866217 4
0.669641 0.617694 0.464676 0.769963 0.809845 14
0.197633 0.688106 0.055909 0.202990 0.808056 4
0.142254 0.447426 0.053098 0.204390 0.751610 4
0.357665 0.697800 0.282782 0.607932 0.717421 14
0.246365 0.451798 0.046087 0.168203 0.686008 4
0.158965 0.929202 0.051839 0.140433 0.685450 4
0.119828 0.930085 0.051039 0.138754 0.637692 4
0.928381 0.656200 0.049242 0.155640 0.508156 4
0.038233 0.166945 0.052859 0.213930 0.499806 4
0.111397 0.445773 0.066992 0.212456 0.480744 4
0.308139 0.278971 0.050099 0.164457 0.460336 4
0.386000 0.314276 0.049496 0.144092 0.445603 4
0.972955 0.654480 0.049227 0.166248 0.396408 4
0.836051 0.384838 0.031621 0.086112 0.276134 4
