0.943979 0.713000 0.109878 0.389848 0.831822 9
0.601120 0.357059 0.174534 0.374186 0.802681 14
0.762753 0.360902 0.202716 0.358436 0.744199 14
0.826086 0.720092 0.138456 0.373081 0.660608 9
0.472077 0.374023 0.128583 0.357974 0.651066 14
0.104187 0.552287 0.205371 0.630185 0.625061 14
0.229738 0.559965 0.181707 0.601064 0.594563 14
0.364373 0.758270 0.228740 0.361982 0.575509 12
0.533954 0.441059 0.102633 0.230689 0.510287 14
0.840793 0.349272 0.093703 0.387304 0.430686 14
0.628493 0.714821 0.292651 0.378553 0.313558 9
0.629188 0.712084 0.292062 0.384993 0.288634 16
