0.918059 0.806821 0.165236 0.383771 0.811758 14
0.466345 0.795607 0.267552 0.409265 0.797684 14
0.196380 0.863940 0.245988 0.275022 0.782924 14
0.285706 0.754813 0.168868 0.303410 0.673820 14
0.189318 0.367677 0.191529 0.100417 0.668523 15
0.522415 0.410756 0.142708 0.104268 0.630491 15
0.597028 0.751534 0.093793 0.190102 0.579451 14
0.761394 0.906042 0.046500 0.172293 0.577484 4
0.724707 0.894531 0.041612 0.150438 0.435609 4
0.917839 0.952926 0.168351 0.093585 0.371744 14
0.073759 0.661624 0.145229 0.143906 0.353334 19
0.034314 0.810253 0.070370 0.388495 0.285667 14
0.690325 0.786937 0.127513 0.181006 0.283264 14
