0.480438 0.692020 0.233437 0.554127 0.802725 14
0.786060 0.605802 0.399818 0.777420 0.686736 14
0.240784 0.727916 0.293198 0.488116 0.604179 8
0.199698 0.393036 0.098154 0.195391 0.498230 8
0.033458 0.315614 0.067150 0.397075 0.478937 14
0.270478 0.684720 0.272210 0.562043 0.402202 14
0.219685 0.260310 0.125260 0.296911 0.364134 14
0.135154 0.124001 0.080921 0.253740 0.352602 14
0.607096 0.558420 0.022513 0.068196 0.319965 4
0.143040 0.639112 0.121136 0.317140 0.308785 8
0.349550 0.041703 0.059010 0.071104 0.286431 14
0.049548 0.170237 0.101671 0.181094 0.274985 14
