0.222041 0.258689 0.148722 0.215570 0.852866 14
0.740198 0.349493 0.221087 0.367786 0.785479 14
0.163741 0.828169 0.334962 0.353947 0.765536 8
0.599952 0.311338 0.163608 0.304273 0.765372 14
0.303767 0.358805 0.034904 0.145155 0.678983 4
0.396215 0.380522 0.043667 0.156712 0.677399 4
0.501811 0.475219 0.059305 0.212046 0.654694 4
0.503265 0.295898 0.131769 0.265024 0.636833 14
0.772438 0.812087 0.458736 0.373128 0.538194 8
0.133228 0.479627 0.257350 0.537118 0.511724 14
0.768723 0.566328 0.448846 0.726626 0.496565 14
0.444967 0.437789 0.048172 0.174238 0.464736 4
0.041797 0.310013 0.083866 0.309325 0.309226 14
0.233904 0.346020 0.030863 0.087108 0.259611 4
