0.892860 0.133398 0.099729 0.259783 0.846243 14
0.669787 0.061568 0.095729 0.122268 0.736783 14
0.763654 0.067926 0.075365 0.137058 0.619459 14
0.955479 0.099100 0.066594 0.182767 0.570269 14
0.137604 0.517785 0.273699 0.533070 0.570175 14
0.741323 0.594740 0.456971 0.613115 0.569368 14
0.821449 0.059805 0.072815 0.119927 0.549054 14
0.112309 0.227004 0.230523 0.444702 0.498727 14
0.293894 0.364625 0.238234 0.619681 0.485994 14
0.731153 0.031948 0.045753 0.063139 0.337230 14
0.456885 0.017570 0.041484 0.035553 0.281870 14
0.561539 0.019313 0.061982 0.039759 0.273487 14
