0.412081 0.419484 0.259976 0.346105 0.830444 14
0.064690 0.293386 0.129857 0.233753 0.781019 6
0.157783 0.620933 0.316893 0.756997 0.759589 14
0.211502 0.171244 0.206692 0.104315 0.743924 6
0.788648 0.738173 0.400789 0.535347 0.675510 14
0.677173 0.552763 0.123902 0.250415 0.668028 14
0.491234 0.857237 0.318249 0.281748 0.589668 14
0.151011 0.154915 0.087692 0.081293 0.583760 6
0.708682 0.180233 0.128808 0.085355 0.496787 6
0.037507 0.165255 0.076085 0.074381 0.369117 6
0.396628 0.165608 0.226845 0.065169 0.348827 6
