0.843538 0.315952 0.048649 0.068772 0.759295 3
0.515491 0.330989 0.037311 0.080986 0.725730 3
0.395775 0.313135 0.037629 0.068027 0.664642 3
0.682231 0.316505 0.037796 0.065453 0.653707 3
0.460203 0.317748 0.031859 0.064139 0.625789 3
0.709847 0.367991 0.106308 0.119601 0.589786 3
0.228639 0.315609 0.038090 0.065188 0.550735 3
0.494971 0.621566 0.135272 0.136705 0.514988 3
0.284488 0.315770 0.034879 0.065222 0.499732 3
0.332928 0.319764 0.032994 0.053983 0.445370 3
0.548207 0.321926 0.035543 0.073459 0.424107 3
0.181751 0.331040 0.038584 0.091838 0.423495 3
0.296420 0.438342 0.094234 0.037479 0.399711 3
0.897981 0.324113 0.029993 0.051054 0.325449 3
0.608513 0.322894 0.060568 0.045448 0.310353 3
0.121086 0.316230 0.039661 0.060535 0.258183 3
