0.673213 0.684683 0.263411 0.278665 0.896262 12
0.664500 0.595787 0.072675 0.218185 0.771574 14
0.115631 0.677465 0.069980 0.198120 0.752458 12
0.323999 0.668684 0.128190 0.205830 0.671257 12
0.114909 0.623821 0.077431 0.157236 0.631657 14
0.181253 0.682196 0.070506 0.149250 0.553350 12
0.285594 0.683184 0.091745 0.172538 0.535781 12
0.268077 0.608935 0.060733 0.158535 0.515335 14
0.313920 0.608790 0.057765 0.153683 0.478296 14
0.241649 0.685181 0.057922 0.164743 0.475344 12
0.233202 0.681902 0.132099 0.172900 0.288795 12
