0.391009 0.158292 0.066631 0.272038 0.790747 4
0.332283 0.669748 0.088634 0.393342 0.782976 4
0.632923 0.174611 0.083991 0.353380 0.769284 4
0.535823 0.161169 0.074984 0.290981 0.758876 4
0.721021 0.191047 0.088727 0.384282 0.755900 4
0.609731 0.453973 0.079163 0.342998 0.754187 4
0.408484 0.746605 0.080796 0.274876 0.741994 4
0.413866 0.430789 0.077385 0.266133 0.739581 4
0.536147 0.446492 0.084019 0.314956 0.721301 4
0.175731 0.625240 0.088952 0.347157 0.718929 4
0.461526 0.167726 0.071259 0.243344 0.715856 4
0.238510 0.188276 0.058096 0.290753 0.713726 4
0.092748 0.210951 0.068033 0.288169 0.706906 4
0.691874 0.440908 0.091711 0.324104 0.611699 4
0.502597 0.794905 0.091193 0.327956 0.609111 4
0.479682 0.429291 0.072323 0.293415 0.600379 4
0.320373 0.186060 0.067307 0.325427 0.597261 4
0.250819 0.632979 0.078145 0.346072 0.563847 4
0.313160 0.427594 0.068205 0.261350 0.560630 4
0.250552 0.419933 0.067185 0.246720 0.513373 4
0.143349 0.077308 0.061448 0.160323 0.498417 4
0.616709 0.817313 0.097248 0.343099 0.479801 4
0.460698 0.626973 0.080661 0.294051 0.461280 4
0.636078 0.078915 0.078906 0.169374 0.457495 4
0.282372 0.166412 0.054549 0.262473 0.448727 4
0.149017 0.430021 0.070692 0.277261 0.443838 4
0.202166 0.417075 0.059287 0.236260 0.434179 4
0.878624 0.223229 0.240376 0.450745 0.432750 14
0.787252 0.438955 0.086798 0.361633 0.389868 4
0.358068 0.413494 0.057970 0.251729 0.388880 4
0.161672 0.188331 0.084237 0.295523 0.379505 4
0.106482 0.612117 0.074724 0.344963 0.324826 4
0.424335 0.173417 0.140990 0.329253 0.307994 4
0.062230 0.598333 0.103114 0.315920 0.277083 4
