0.469945 0.199263 0.087278 0.128079 0.812007 14
0.244204 0.732112 0.454351 0.548991 0.718093 14
0.695226 0.629017 0.296612 0.440275 0.660289 14
0.939495 0.455918 0.120658 0.221792 0.599379 8
0.592419 0.450788 0.107995 0.233875 0.544051 8
0.447327 0.410698 0.134131 0.279715 0.504288 14
0.308306 0.380966 0.137068 0.209880 0.476676 14
0.349430 0.574535 0.288537 0.345822 0.426650 14
0.898422 0.770791 0.200070 0.453336 0.387001 14
0.833817 0.574005 0.069152 0.194238 0.361884 8
0.364516 0.171670 0.097019 0.160451 0.312982 14
0.129415 0.820901 0.259418 0.353265 0.309233 14
0.752225 0.411031 0.072124 0.121129 0.263441 8
