0.232624 0.609924 0.102309 0.439636 0.862765 4
0.933707 0.633820 0.114311 0.421674 0.855470 4
0.817288 0.631744 0.127932 0.436376 0.854883 4
0.115648 0.636686 0.100750 0.385538 0.850670 4
0.661908 0.609068 0.092494 0.445838 0.817244 4
0.390748 0.599312 0.090891 0.411219 0.749287 4
0.321795 0.620013 0.087685 0.378193 0.720687 4
0.041286 0.631536 0.078061 0.371047 0.704314 4
0.522214 0.620208 0.093375 0.416589 0.694342 4
0.381271 0.379311 0.108544 0.181753 0.622735 14
0.589242 0.611461 0.053810 0.425882 0.527187 4
0.461684 0.611690 0.070281 0.374722 0.506373 4
0.522447 0.442539 0.062794 0.201039 0.370975 4
