0.088163 0.762976 0.108800 0.416191 0.896149 4
0.683698 0.760610 0.111969 0.373475 0.889929 4
0.788114 0.752386 0.105867 0.399589 0.883716 4
0.190189 0.761012 0.101834 0.393793 0.882606 4
0.887862 0.760205 0.110223 0.405270 0.864640 4
0.581400 0.743367 0.089125 0.388042 0.862774 4
0.288143 0.767245 0.094443 0.376178 0.858001 4
0.383578 0.768547 0.089871 0.369481 0.851558 4
0.487099 0.765849 0.100250 0.382897 0.846694 4
0.805067 0.246729 0.114485 0.402432 0.796173 4
0.695635 0.243641 0.110851 0.388906 0.782146 4
0.492675 0.248009 0.095199 0.407646 0.763098 4
0.292804 0.222982 0.113964 0.422046 0.741847 4
0.193656 0.234542 0.107820 0.448488 0.715679 4
0.602659 0.252332 0.095320 0.393042 0.706561 4
0.894475 0.250834 0.115514 0.409417 0.683041 4
0.389575 0.220733 0.091170 0.404153 0.649811 4
0.092324 0.262410 0.116230 0.520848 0.434919 4
