0.221776 0.284987 0.080822 0.250644 0.849183 14
0.146105 0.405000 0.077207 0.103424 0.737902 14
0.027897 0.442540 0.056523 0.178998 0.733693 14
0.508240 0.567485 0.991236 0.652800 0.715512 6
0.744191 0.284269 0.097927 0.223945 0.678208 14
0.213613 0.390154 0.062050 0.078795 0.677857 14
0.305585 0.242918 0.069509 0.156732 0.674032 14
0.836701 0.336600 0.074203 0.163327 0.646529 14
0.110079 0.339443 0.067274 0.134063 0.640623 14
0.891467 0.328816 0.093364 0.187735 0.615266 14
0.597992 0.251157 0.067072 0.088268 0.570762 14
0.295320 0.314099 0.063629 0.133559 0.284620 14
0.014543 0.295886 0.029013 0.200102 0.279525 14
