0.487715 0.460610 0.104740 0.341140 0.829353 14
0.947957 0.615187 0.097703 0.286160 0.739254 12
0.784657 0.592024 0.202376 0.360941 0.711522 12
0.229838 0.597627 0.299767 0.448954 0.662414 12
0.520082 0.576692 0.307042 0.418038 0.645133 12
0.207785 0.457581 0.107541 0.376011 0.643592 14
0.031276 0.457274 0.061867 0.227084 0.429690 12
0.743313 0.481284 0.075594 0.260487 0.417419 14
0.973847 0.485205 0.055903 0.304857 0.404707 14
0.140334 0.645345 0.115552 0.359055 0.388491 12
0.725594 0.366953 0.156595 0.088911 0.297214 6
0.612512 0.494279 0.135922 0.294578 0.295225 14
0.286471 0.383323 0.053583 0.119467 0.291350 14
0.657061 0.410615 0.054077 0.114292 0.286858 14
0.636755 0.610582 0.126920 0.363103 0.264184 12
