0.854920 0.163032 0.078030 0.086342 0.794562 14
0.792447 0.656258 0.394215 0.675236 0.772038 14
0.912891 0.173473 0.060546 0.071871 0.673164 14
0.482870 0.356426 0.093497 0.190248 0.574707 14
0.920182 0.328047 0.114902 0.133473 0.558475 14
0.418489 0.371584 0.109410 0.198274 0.539157 14
0.142377 0.696143 0.285898 0.574972 0.529216 14
0.659448 0.386501 0.136428 0.230528 0.525615 14
0.228685 0.318933 0.401152 0.561983 0.482050 14
0.359520 0.477673 0.256212 0.354971 0.443682 14
0.476189 0.739972 0.484115 0.514299 0.292792 10
0.064675 0.118111 0.129541 0.227640 0.267872 15
0.238953 0.089584 0.111165 0.172731 0.250350 15
