0.307279 0.190597 0.148977 0.134352 0.634607 9
0.569315 0.673920 0.492016 0.680555 0.584989 16
0.871547 0.212489 0.126914 0.066142 0.577329 9
0.967089 0.159910 0.061067 0.043877 0.510909 9
0.194633 0.172485 0.099204 0.091405 0.452661 9
0.309310 0.191364 0.151180 0.136404 0.381606 16
0.038522 0.315394 0.078675 0.279498 0.337319 9
0.967299 0.256087 0.063424 0.063227 0.293953 9
0.043126 0.149497 0.085723 0.066978 0.279320 9
0.040361 0.316931 0.080065 0.291187 0.258142 16
0.853547 0.159825 0.079264 0.044087 0.258107 9
