0.340094 0.638729 0.215441 0.201438 0.911220 6
0.689113 0.590469 0.070979 0.281801 0.901344 14
0.917946 0.630747 0.072250 0.307820 0.831381 14
0.562550 0.584698 0.068778 0.219907 0.829172 14
0.505992 0.582518 0.046159 0.198312 0.829022 14
0.119935 0.682290 0.237598 0.643437 0.752775 14
0.464659 0.583322 0.056896 0.184484 0.735423 14
0.970872 0.632216 0.057538 0.326504 0.727778 14
0.623696 0.601851 0.064516 0.234067 0.706148 14
0.808030 0.606791 0.078769 0.336440 0.672491 14
0.757156 0.598356 0.069342 0.303065 0.543621 14
0.213923 0.569903 0.026052 0.071471 0.511927 14
0.189395 0.570014 0.023911 0.070019 0.327222 14
0.700859 0.281537 0.069894 0.144442 0.318464 14
0.165956 0.568319 0.022215 0.067406 0.275290 14
0.752593 0.265392 0.056776 0.160370 0.252126 14
