0.477469 0.522727 0.064600 0.093797 0.601144 14
0.589709 0.523101 0.071891 0.093093 0.575464 14
0.918925 0.862054 0.163138 0.280633 0.541842 14
0.248668 0.545036 0.056933 0.098674 0.487378 14
0.590870 0.526568 0.079004 0.091054 0.437514 13
0.477273 0.528343 0.067084 0.096340 0.404445 13
0.690978 0.519172 0.062512 0.074551 0.393949 14
0.382773 0.525945 0.065820 0.102540 0.386983 14
0.316536 0.541952 0.055627 0.102208 0.374364 14
0.588506 0.535239 0.083401 0.083336 0.367527 1
0.384009 0.534212 0.070312 0.099009 0.322176 13
0.689496 0.520507 0.069025 0.073626 0.315955 13
0.689496 0.520507 0.069025 0.073626 0.304826 1
0.472248 0.537080 0.079577 0.091526 0.277934 1
