0.477688 0.723898 0.165079 0.210314 0.739666 1
0.272259 0.614158 0.114737 0.301615 0.726794 14
0.774393 0.625933 0.090729 0.276498 0.644352 14
0.640221 0.710405 0.138064 0.217535 0.638456 1
0.271102 0.724322 0.154094 0.261152 0.634409 1
0.648235 0.620078 0.101177 0.281282 0.634016 14
0.934541 0.719874 0.136182 0.224769 0.617488 1
0.803701 0.704496 0.126741 0.179945 0.554081 1
0.958767 0.635608 0.084165 0.294170 0.538258 14
0.499058 0.622990 0.114431 0.285385 0.536814 14
0.361066 0.589798 0.050847 0.164089 0.392743 14
0.337949 0.667221 0.083092 0.154316 0.334167 1
0.314488 0.617101 0.111429 0.270079 0.313210 14
