0.480362 0.541254 0.138263 0.233424 0.783635 14
0.587854 0.558671 0.121290 0.222383 0.779292 14
0.715888 0.474351 0.119935 0.355476 0.563505 14
0.364084 0.469743 0.138436 0.369834 0.523062 14
0.215520 0.514489 0.151002 0.386437 0.432700 14
0.425692 0.414913 0.095712 0.274318 0.414349 14
0.814491 0.476858 0.152982 0.359058 0.404588 14
0.674500 0.564756 0.101606 0.242760 0.386721 14
0.389976 0.550717 0.115454 0.251765 0.362143 14
0.632732 0.434672 0.120159 0.264270 0.321083 14
0.284639 0.517663 0.122725 0.341961 0.279645 14
0.472523 0.775883 0.747395 0.415361 0.255671 10
