0.796774 0.355447 0.405212 0.281652 0.889748 6
0.349132 0.406866 0.441800 0.333723 0.808810 6
0.202220 0.293799 0.065931 0.142372 0.661471 14
0.883702 0.195189 0.056281 0.061609 0.615989 14
0.569449 0.281492 0.057559 0.157294 0.515220 14
0.032215 0.348282 0.063463 0.194408 0.500041 14
0.089507 0.346330 0.062224 0.203103 0.479834 14
0.504336 0.257804 0.052735 0.104388 0.404240 14
0.980238 0.185786 0.036585 0.074581 0.393643 14
0.281473 0.282703 0.081782 0.126162 0.374817 14
0.087123 0.287103 0.057902 0.093777 0.352326 14
0.928591 0.192626 0.033448 0.043466 0.315366 14
0.360750 0.240196 0.043006 0.049126 0.272824 14
0.439545 0.238075 0.055637 0.054671 0.266914 14
0.458829 0.238838 0.055954 0.064917 0.260057 14
