0.691745 0.266169 0.196705 0.369162 0.799641 14
0.827449 0.760316 0.290414 0.362668 0.790035 14
0.867914 0.246578 0.244405 0.422512 0.721052 14
0.549108 0.276968 0.180905 0.358707 0.637667 14
0.188952 0.748011 0.293314 0.372753 0.626366 14
0.380161 0.282402 0.185705 0.381356 0.615492 14
0.482320 0.769554 0.251430 0.319206 0.576433 14
0.156691 0.355313 0.220811 0.297585 0.576211 14
0.661587 0.836375 0.144600 0.212262 0.533306 14
0.609170 0.747603 0.126228 0.238262 0.367686 14
0.284112 0.296279 0.168994 0.359302 0.314616 14
0.393696 0.775828 0.197104 0.322160 0.296611 14
