0.030429 0.541095 0.063811 0.229561 0.747124 14
0.372157 0.706142 0.242840 0.564987 0.725584 14
0.669026 0.532401 0.056032 0.136442 0.718070 14
0.796221 0.530115 0.065781 0.144907 0.713208 14
0.171908 0.525199 0.080099 0.179921 0.705199 14
0.105887 0.545918 0.078381 0.192847 0.568473 14
0.534048 0.548645 0.089574 0.197301 0.564194 14
0.731647 0.531644 0.059617 0.138893 0.488821 14
0.469804 0.206599 0.256876 0.119488 0.478600 2
0.462672 0.430872 0.155166 0.345059 0.336410 14
0.138701 0.533065 0.109642 0.187201 0.259871 14
