0.961089 0.633822 0.080845 0.335651 0.746399 14
0.691643 0.597583 0.064485 0.257963 0.679366 14
0.805534 0.607592 0.090500 0.310889 0.664274 14
0.504959 0.592124 0.059659 0.207972 0.638909 14
0.766445 0.612480 0.079302 0.290075 0.618768 14
0.339864 0.651030 0.201863 0.185720 0.618025 6
0.560707 0.592552 0.069227 0.242477 0.614430 14
0.620240 0.599872 0.065402 0.210817 0.573861 14
0.919994 0.627850 0.068071 0.345748 0.544147 14
0.468519 0.584885 0.054430 0.168557 0.432300 14
0.217879 0.568371 0.029109 0.077170 0.420455 14
0.430170 0.569333 0.046323 0.139018 0.375590 14
0.081431 0.677390 0.167669 0.654123 0.292620 14
0.179576 0.570272 0.034178 0.070425 0.255860 14
0.701946 0.284443 0.073315 0.144041 0.254881 14
