0.455958 0.429214 0.214419 0.218036 0.880234 15
0.637896 0.684656 0.165350 0.269239 0.835973 15
0.265875 0.119524 0.169452 0.196892 0.775848 15
0.630929 0.435577 0.150471 0.200053 0.718719 15
0.523098 0.919644 0.156140 0.159254 0.708318 15
0.833562 0.275186 0.211091 0.292563 0.699209 15
0.439923 0.690215 0.210683 0.233028 0.674364 15
0.895917 0.733590 0.118520 0.172172 0.661895 15
0.234581 0.632271 0.182209 0.329581 0.649996 15
0.839644 0.621171 0.236670 0.165185 0.645178 15
0.266676 0.361326 0.183746 0.361867 0.636133 15
0.435173 0.150467 0.192856 0.287404 0.615054 15
0.355113 0.919713 0.219088 0.159691 0.507412 15
0.668914 0.273957 0.251144 0.525063 0.493812 15
0.766669 0.790151 0.145613 0.241741 0.472221 15
0.310289 0.739586 0.071965 0.102317 0.449657 15
0.941162 0.846331 0.113022 0.109428 0.302670 15
0.859934 0.936226 0.283229 0.126985 0.284018 8
