0.187012 0.351505 0.165787 0.130039 0.779152 3
0.842449 0.197047 0.088118 0.053089 0.672992 3
0.418741 0.596349 0.138564 0.182644 0.670978 3
0.718113 0.194804 0.072233 0.066289 0.668227 3
0.682867 0.291761 0.075996 0.077552 0.626009 3
0.951256 0.398044 0.100275 0.100473 0.603871 3
0.600128 0.288886 0.059389 0.086969 0.602529 3
0.969581 0.260558 0.064368 0.118471 0.582603 3
0.785085 0.293178 0.084903 0.058247 0.497853 3
0.297569 0.320978 0.073160 0.088479 0.478173 3
0.966168 0.114203 0.068275 0.225716 0.434779 3
0.072880 0.181797 0.145481 0.098990 0.324556 3
0.957222 0.325318 0.092999 0.265877 0.274024 3
