0.788822 0.590064 0.089832 0.394131 0.852094 14
0.229035 0.546593 0.074062 0.280028 0.807503 14
0.703563 0.604869 0.108112 0.389333 0.756770 14
0.419946 0.606299 0.109311 0.447977 0.709381 14
0.497217 0.542756 0.101897 0.384036 0.699246 14
0.165701 0.550905 0.066871 0.255316 0.678848 14
0.166521 0.604086 0.138668 0.174324 0.539611 1
0.847443 0.688563 0.215779 0.231174 0.495835 1
0.586572 0.625741 0.154832 0.230951 0.402261 1
0.314392 0.602454 0.125789 0.172173 0.371324 1
0.668830 0.424194 0.049269 0.079482 0.299703 14
