0.700618 0.721901 0.440699 0.211080 0.928027 6
0.261525 0.797369 0.456467 0.239505 0.904121 6
0.884207 0.504729 0.173124 0.106859 0.884735 6
0.462365 0.635126 0.406320 0.144130 0.853300 6
0.115287 0.506565 0.170773 0.092368 0.825647 6
0.417935 0.538485 0.265922 0.121504 0.623114 6
0.291755 0.528037 0.055522 0.149306 0.595026 14
0.684708 0.504608 0.121761 0.078296 0.568161 6
0.588794 0.522559 0.295923 0.133990 0.519372 6
0.923781 0.430320 0.025808 0.053104 0.418065 14
0.388634 0.466273 0.035957 0.040757 0.320393 14
0.455492 0.436090 0.030632 0.077071 0.316695 14
0.873936 0.438792 0.034685 0.083765 0.313809 14
0.896678 0.432671 0.032061 0.068699 0.309711 14
0.948507 0.515311 0.063158 0.093804 0.304266 6
