0.695956 0.380011 0.140523 0.344734 0.696009 14
0.860706 0.358972 0.152623 0.369345 0.657185 14
0.587720 0.359392 0.126830 0.304920 0.563162 14
0.916796 0.219773 0.064418 0.199539 0.556828 14
0.573551 0.430470 0.128673 0.297812 0.517605 13
0.670626 0.458526 0.176486 0.269456 0.512133 1
0.851459 0.454932 0.160949 0.262849 0.504419 1
0.670533 0.457957 0.176884 0.269477 0.493480 13
0.331994 0.193778 0.059962 0.133374 0.483496 14
0.310208 0.476316 0.206242 0.293218 0.459801 13
0.309724 0.496998 0.197551 0.265018 0.339807 1
0.316976 0.404797 0.198359 0.364036 0.333409 14
0.850579 0.442745 0.157676 0.277405 0.294641 13
