0.394660 0.280900 0.147616 0.234373 0.858764 14
0.570503 0.299065 0.140961 0.228951 0.827644 14
0.696276 0.323056 0.137302 0.296304 0.815447 14
0.803303 0.327605 0.154113 0.305167 0.769546 14
0.905604 0.506595 0.190668 0.491423 0.605780 14
0.818926 0.436511 0.153083 0.242223 0.571517 14
0.278928 0.238487 0.107228 0.102392 0.514784 14
0.123188 0.620761 0.243677 0.731282 0.481773 14
0.076404 0.350308 0.108025 0.232571 0.447674 14
0.581742 0.733123 0.624114 0.550457 0.419727 10
0.264585 0.633371 0.309442 0.695007 0.385444 14
0.193778 0.827886 0.391000 0.345358 0.343056 8
