0.217975 0.433365 0.095248 0.185888 0.777212 14
0.868818 0.544766 0.267587 0.306228 0.768837 12
0.889898 0.440105 0.093393 0.256776 0.750457 14
0.668254 0.366353 0.040887 0.099886 0.695642 14
0.194370 0.535013 0.159568 0.321903 0.638045 12
0.561732 0.378893 0.047011 0.094701 0.623443 14
0.367233 0.451693 0.109560 0.276110 0.622732 14
0.315110 0.550431 0.155553 0.368626 0.605445 12
0.438185 0.555251 0.203961 0.353951 0.604144 12
0.768153 0.404572 0.068504 0.163168 0.599671 14
0.569551 0.419690 0.123924 0.114957 0.593175 12
0.693989 0.501967 0.140838 0.277199 0.477684 12
0.672680 0.414179 0.135136 0.120492 0.412414 12
