0.835251 0.865753 0.325953 0.167382 0.931885 6
0.441585 0.882227 0.349022 0.154385 0.919794 6
0.236455 0.850560 0.040682 0.132214 0.755846 14
0.028586 0.888677 0.051536 0.163818 0.751612 14
0.686101 0.825035 0.040512 0.121498 0.530980 14
0.076109 0.856688 0.040062 0.102062 0.522172 14
0.138661 0.842882 0.025649 0.087177 0.508785 14
0.575701 0.809191 0.027904 0.074021 0.465210 14
0.118595 0.843543 0.027447 0.088550 0.368258 14
0.020433 0.858458 0.042262 0.111128 0.350109 6
0.259207 0.850741 0.044449 0.131595 0.338886 14
0.030636 0.888310 0.050919 0.163705 0.310478 6
