0.908228 0.792015 0.040166 0.134773 0.840020 14
0.127555 0.762515 0.041315 0.144272 0.838452 14
0.191581 0.764360 0.045487 0.144275 0.808041 14
0.255068 0.766650 0.048630 0.142789 0.792370 14
0.433894 0.772349 0.038506 0.139824 0.733159 14
0.308774 0.767568 0.044776 0.136034 0.727175 14
0.673032 0.781438 0.041639 0.119034 0.591956 14
0.540939 0.779882 0.039090 0.111799 0.416035 14
0.769536 0.783330 0.039258 0.116777 0.406941 14
0.859456 0.718326 0.232391 0.128697 0.350566 5
0.565773 0.781551 0.030922 0.097118 0.338865 14
