0.067520 0.698088 0.136453 0.167952 0.851198 6
0.635136 0.699085 0.099494 0.080824 0.834357 6
0.404711 0.687766 0.148640 0.140541 0.807552 6
0.299427 0.811237 0.203014 0.378149 0.803239 14
0.545852 0.699045 0.115945 0.096039 0.784345 6
0.180169 0.710748 0.150581 0.133803 0.707741 6
0.706223 0.697360 0.080143 0.075505 0.663707 6
0.780219 0.694063 0.055355 0.128489 0.635372 14
0.843524 0.682519 0.083269 0.078715 0.613080 6
0.366370 0.714538 0.068519 0.087419 0.435471 6
0.779836 0.693104 0.057340 0.120207 0.351299 6
