0.741656 0.176603 0.071709 0.320047 0.827721 14
0.668117 0.190084 0.097826 0.307406 0.826709 14
0.326902 0.210949 0.123105 0.339627 0.820147 14
0.935531 0.179301 0.129478 0.357011 0.788200 12
0.228109 0.191669 0.122180 0.387382 0.778562 14
0.055090 0.793711 0.109935 0.414473 0.758557 14
0.466887 0.622485 0.694991 0.580538 0.660631 12
0.028082 0.204999 0.054891 0.375921 0.639047 14
0.756427 0.875372 0.147744 0.251510 0.453936 14
0.283361 0.079165 0.067611 0.148090 0.348997 14
0.808022 0.176269 0.088957 0.297952 0.320004 12
0.813898 0.172293 0.094740 0.317985 0.317658 14
