0.207590 0.714149 0.417577 0.560777 0.854441 14
0.532241 0.345499 0.178291 0.184030 0.847008 14
0.744285 0.383970 0.188616 0.266851 0.843711 14
0.927196 0.551369 0.146440 0.353918 0.803271 14
0.506855 0.632887 0.057640 0.165446 0.765520 4
0.885484 0.413851 0.206729 0.278987 0.682621 14
0.387681 0.346442 0.216212 0.167239 0.635366 14
0.676367 0.693107 0.071682 0.149155 0.464173 4
0.267259 0.563461 0.348429 0.455500 0.453398 14
0.598392 0.684106 0.795394 0.629042 0.383359 10
0.264432 0.372221 0.133211 0.161675 0.359783 14
