0.787530 0.625502 0.112899 0.416259 0.862463 14
0.335263 0.662390 0.095232 0.328010 0.725803 14
0.710562 0.803727 0.131559 0.221663 0.708378 8
0.178904 0.567506 0.115605 0.241242 0.672460 14
0.489012 0.534825 0.068274 0.196738 0.646257 14
0.048925 0.622121 0.098562 0.221036 0.584384 14
0.675252 0.707956 0.089742 0.310782 0.517797 14
0.250841 0.592846 0.089339 0.143458 0.504643 14
0.888934 0.513828 0.055030 0.136782 0.462675 14
0.293149 0.836965 0.185870 0.325524 0.451780 8
0.515503 0.778718 0.104066 0.288782 0.422324 14
0.920459 0.734808 0.049792 0.135704 0.418611 14
0.517213 0.811724 0.107936 0.265692 0.358002 8
0.964462 0.467534 0.064425 0.203673 0.341465 14
0.268179 0.683776 0.124338 0.339244 0.340405 14
0.694304 0.445711 0.057024 0.088447 0.288336 14
