0.297795 0.229428 0.152633 0.074951 0.611565 0
0.320505 0.890468 0.023818 0.061236 0.610862 14
0.488045 0.418053 0.913227 0.414584 0.563974 0
0.367646 0.911333 0.023746 0.068418 0.540822 14
0.240134 0.928187 0.024315 0.065786 0.522060 14
0.271362 0.877328 0.032400 0.070215 0.511428 14
0.695857 0.877177 0.029563 0.068373 0.433898 14
0.778893 0.865889 0.028097 0.066207 0.382572 14
0.426261 0.910104 0.026354 0.068190 0.360870 14
0.563748 0.888437 0.022782 0.064494 0.342667 14
0.618908 0.816271 0.027751 0.074012 0.326930 14
0.891705 0.761124 0.029791 0.102882 0.265646 14
