0.833127 0.736014 0.323880 0.541915 0.852650 14
0.412337 0.420823 0.261814 0.350001 0.777591 14
0.215065 0.172319 0.215011 0.099184 0.768740 6
0.166008 0.627475 0.328534 0.752464 0.762830 14
0.678840 0.555233 0.125380 0.259172 0.718494 14
0.066408 0.291203 0.132711 0.236007 0.682640 6
0.518535 0.857341 0.339858 0.284007 0.529305 14
0.708934 0.181804 0.113640 0.080569 0.484268 6
0.152728 0.154537 0.094101 0.080787 0.420619 6
0.407159 0.161202 0.148723 0.045375 0.392887 6
0.042447 0.162781 0.083957 0.073577 0.312653 6
