0.677428 0.684957 0.263165 0.282101 0.930805 12
0.115269 0.685794 0.067821 0.177317 0.753465 12
0.665188 0.590045 0.073387 0.207366 0.730905 14
0.323907 0.669789 0.122504 0.201793 0.665873 12
0.180018 0.682464 0.068438 0.142811 0.617202 12
0.115485 0.624264 0.072497 0.163194 0.602930 14
0.268193 0.604377 0.060245 0.152456 0.555234 14
0.282185 0.676791 0.114438 0.179883 0.530632 12
0.314143 0.604687 0.054134 0.145916 0.494608 14
0.242010 0.685081 0.059543 0.159980 0.461324 12
0.232871 0.680626 0.143995 0.168243 0.286444 12
