0.534157 0.172264 0.079273 0.350978 0.848386 4
0.391071 0.157638 0.067161 0.278251 0.842381 4
0.633425 0.172757 0.088351 0.354396 0.838188 4
0.719800 0.183647 0.090090 0.383493 0.827795 4
0.460891 0.171213 0.075358 0.328782 0.789453 4
0.092338 0.191458 0.069116 0.277663 0.772741 4
0.333609 0.665306 0.096197 0.399701 0.768315 4
0.238183 0.181573 0.058603 0.274674 0.757437 4
0.613194 0.435866 0.080634 0.316440 0.748245 4
0.408262 0.740436 0.080410 0.270597 0.695936 4
0.503590 0.781354 0.085959 0.302420 0.692109 4
0.324095 0.185936 0.069434 0.334870 0.679570 4
0.251478 0.411424 0.062817 0.249908 0.623004 4
0.480714 0.411477 0.067327 0.256709 0.620499 4
0.539622 0.434970 0.077752 0.295669 0.606240 4
0.176224 0.624367 0.093194 0.348237 0.594599 4
0.416700 0.417009 0.073475 0.263759 0.579300 4
0.251135 0.633188 0.072153 0.349964 0.569655 4
0.152295 0.411965 0.061880 0.245647 0.550093 4
0.309115 0.412456 0.058200 0.258779 0.543563 4
0.612344 0.727804 0.102333 0.484957 0.531439 4
0.691283 0.434713 0.090045 0.311435 0.525477 4
0.282499 0.167483 0.053754 0.266223 0.505269 4
0.360843 0.381580 0.054864 0.194235 0.477891 4
0.880581 0.200699 0.238382 0.405311 0.468324 14
0.107967 0.392462 0.043916 0.185738 0.449047 4
0.787766 0.439740 0.089569 0.352950 0.444286 4
0.202217 0.408527 0.055214 0.241477 0.428853 4
0.464861 0.628557 0.086501 0.298660 0.409534 4
0.173214 0.164351 0.074970 0.303928 0.326189 4
0.144854 0.074355 0.065070 0.152486 0.315760 4
0.278237 0.177823 0.108413 0.305134 0.297468 4
0.018844 0.356931 0.036670 0.132527 0.289969 4
0.634558 0.079036 0.078772 0.175334 0.273795 4
