0.929657 0.627979 0.106418 0.409286 0.861742 4
0.231395 0.604195 0.098820 0.438508 0.853463 4
0.114073 0.632404 0.095181 0.373190 0.851401 4
0.817037 0.619175 0.123996 0.438157 0.848956 4
0.389432 0.594456 0.096305 0.413003 0.806488 4
0.659401 0.601083 0.094408 0.437412 0.793889 4
0.522978 0.585784 0.095741 0.432793 0.783337 4
0.320749 0.619435 0.087715 0.375782 0.737838 4
0.043314 0.623151 0.079393 0.351402 0.731410 4
0.461489 0.599175 0.058169 0.345364 0.629655 4
0.586839 0.583354 0.069178 0.407689 0.582298 4
0.381201 0.382812 0.110589 0.188983 0.549163 14
0.726166 0.594616 0.062914 0.408511 0.456678 4
