0.282278 0.505233 0.180753 0.196370 0.794841 14
0.464401 0.522885 0.127964 0.235133 0.789764 14
0.578318 0.551128 0.133565 0.254338 0.754522 14
0.236534 0.823874 0.352667 0.368593 0.708555 8
0.677578 0.530487 0.115990 0.254572 0.698699 14
0.882753 0.665177 0.106796 0.254525 0.564917 8
0.771300 0.603823 0.158219 0.346825 0.453699 14
0.796910 0.864069 0.067676 0.122447 0.420310 4
0.482378 0.780564 0.739966 0.436843 0.344957 10
0.128106 0.623889 0.158155 0.328775 0.318903 14
0.073522 0.779316 0.150849 0.399710 0.290732 8
