0.392413 0.681088 0.304809 0.637582 0.890506 14
0.029246 0.545388 0.057927 0.224886 0.817360 14
0.671008 0.530498 0.059972 0.133649 0.785665 14
0.170176 0.519745 0.074414 0.170806 0.775745 14
0.802135 0.531689 0.078374 0.146926 0.750116 14
0.729687 0.532275 0.068770 0.135190 0.647716 14
0.099376 0.565874 0.071050 0.150631 0.638469 14
0.470061 0.202214 0.259117 0.107109 0.565445 2
0.970510 0.633474 0.058842 0.490252 0.484448 14
0.135255 0.526050 0.040006 0.173555 0.306529 14
0.539197 0.551091 0.108820 0.207726 0.294584 14
