0.457261 0.577742 0.308508 0.257624 0.905436 6
0.777941 0.471731 0.213373 0.218464 0.904744 6
0.282116 0.265187 0.150741 0.144628 0.879405 6
0.933960 0.257247 0.130586 0.159598 0.844475 6
0.660703 0.082685 0.092014 0.092876 0.833091 6
0.830709 0.041544 0.090000 0.085355 0.823272 6
0.716084 0.255012 0.125649 0.151178 0.806891 6
0.394280 0.341638 0.182362 0.178471 0.786561 6
0.914466 0.198090 0.131168 0.140174 0.778795 6
0.530759 0.192969 0.139048 0.169256 0.734655 6
0.658232 0.298316 0.148879 0.163039 0.733224 6
0.416064 0.029503 0.105781 0.058609 0.591237 6
0.426675 0.463175 0.243460 0.144072 0.554720 6
0.273090 0.041431 0.047872 0.092267 0.465920 14
0.578891 0.138493 0.106010 0.098153 0.433893 6
0.186223 0.043002 0.106528 0.083891 0.430466 6
0.976118 0.119586 0.048273 0.138125 0.428890 6
