0.821498 0.515450 0.190703 0.600575 0.721235 14
0.410077 0.860309 0.257684 0.267461 0.599472 14
0.496069 0.442744 0.059967 0.142812 0.540052 14
0.105312 0.938716 0.209204 0.121890 0.536744 8
0.630362 0.824230 0.189290 0.240417 0.455037 14
0.127321 0.472218 0.058320 0.159213 0.434548 14
0.345163 0.956474 0.281083 0.087416 0.400090 8
0.186782 0.477204 0.062337 0.175982 0.331330 14
0.456371 0.075646 0.988342 0.150894 0.280958 17
0.059229 0.540452 0.115029 0.272524 0.271874 14
0.674985 0.409399 0.104045 0.097505 0.261139 19
