0.832401 0.555443 0.056709 0.220623 0.771477 4
0.679176 0.566675 0.065954 0.289295 0.747536 4
0.164866 0.627502 0.333811 0.724936 0.636971 14
0.880201 0.616368 0.055970 0.181271 0.509913 4
0.377986 0.581467 0.392985 0.810489 0.484357 14
0.582376 0.425829 0.059016 0.087145 0.457005 14
0.675950 0.738741 0.656574 0.530673 0.423963 10
0.888062 0.463998 0.224703 0.540653 0.398809 14
0.849442 0.584009 0.060997 0.161351 0.297574 4
0.913980 0.366994 0.044485 0.100246 0.279471 4
0.767349 0.472338 0.052662 0.206442 0.276619 4
