0.481896 0.590147 0.991427 0.823111 0.789830 6
0.161284 0.133739 0.107510 0.154610 0.784000 14
0.246179 0.144171 0.088239 0.130243 0.741747 14
0.305684 0.144282 0.078085 0.115045 0.713523 14
0.087661 0.149241 0.081921 0.129013 0.656777 14
0.770496 0.119339 0.079312 0.087514 0.613574 14
0.972350 0.209679 0.053940 0.294051 0.570544 14
0.919906 0.229823 0.080256 0.248657 0.563248 14
0.708431 0.119273 0.038299 0.059840 0.553561 14
0.418088 0.132791 0.061260 0.062204 0.543432 14
0.026996 0.134349 0.054354 0.180102 0.459469 14
0.612604 0.098827 0.126908 0.097951 0.286347 14
0.730641 0.121025 0.035061 0.059644 0.277299 14
0.857461 0.206521 0.055885 0.086897 0.271075 14
