0.854550 0.166242 0.082118 0.078740 0.794662 14
0.793636 0.657162 0.390499 0.672923 0.753292 14
0.419241 0.373138 0.122731 0.197147 0.593164 14
0.480794 0.363281 0.090698 0.184480 0.565008 14
0.225064 0.313111 0.416356 0.550507 0.559400 14
0.142241 0.693293 0.285289 0.567795 0.555599 14
0.913516 0.330036 0.110496 0.132034 0.524583 14
0.912593 0.174018 0.059064 0.068506 0.520822 14
0.660346 0.385047 0.133612 0.220979 0.488358 14
0.357552 0.483620 0.270191 0.376138 0.307748 14
0.465557 0.773986 0.500961 0.452686 0.297836 10
0.927191 0.365685 0.027066 0.069009 0.268120 4
