0.478217 0.891416 0.177082 0.217385 0.613425 8
0.693302 0.595848 0.186324 0.297306 0.611331 14
0.784453 0.297848 0.133297 0.216778 0.607113 15
0.272425 0.390328 0.079303 0.165219 0.532610 14
0.588780 0.623051 0.236784 0.233880 0.499546 10
0.502529 0.675506 0.152237 0.167835 0.496731 8
0.226807 0.144653 0.071450 0.121278 0.480941 14
0.578696 0.477503 0.095920 0.094465 0.478599 14
0.099503 0.914277 0.164295 0.168567 0.420023 8
0.138020 0.683073 0.104294 0.124631 0.398729 14
0.118542 0.734514 0.144125 0.219759 0.261581 14
0.612094 0.792352 0.342581 0.419528 0.256338 8
0.066287 0.833673 0.132562 0.262041 0.252328 14
