0.791040 0.617862 0.421993 0.287093 0.944420 6
0.170795 0.583664 0.099934 0.379697 0.913509 14
0.482850 0.576978 0.091936 0.339171 0.848945 14
0.060149 0.574426 0.080173 0.372578 0.774932 14
0.683161 0.434846 0.096822 0.140701 0.725796 14
0.248751 0.603363 0.077955 0.369311 0.711277 14
0.318729 0.554308 0.075999 0.201915 0.593927 6
0.603550 0.544231 0.099180 0.353264 0.593649 14
0.546299 0.558291 0.065381 0.340729 0.491072 14
0.397300 0.553268 0.128987 0.163882 0.486417 6
0.169632 0.585061 0.098649 0.368458 0.273237 6
