0.717982 0.646275 0.149026 0.185141 0.883789 2
0.414373 0.547977 0.152042 0.399596 0.855905 2
0.216207 0.540356 0.081198 0.171656 0.852874 2
0.437184 0.238276 0.071324 0.070121 0.842952 2
0.766002 0.436777 0.076000 0.157382 0.824149 2
0.625708 0.480391 0.097963 0.176444 0.807780 2
0.296157 0.260187 0.034483 0.090979 0.803496 2
0.052000 0.383517 0.046016 0.102925 0.795470 2
0.242941 0.233680 0.045249 0.076903 0.789372 2
0.319914 0.400267 0.063097 0.097517 0.787191 2
0.370782 0.256103 0.041067 0.095860 0.767434 2
0.210169 0.305392 0.041053 0.097485 0.767347 2
0.518589 0.258276 0.051504 0.071897 0.758397 2
0.662481 0.377994 0.064324 0.130258 0.756950 2
0.819195 0.351859 0.041203 0.097666 0.733277 2
0.558059 0.394559 0.083525 0.089473 0.720408 2
0.167651 0.408005 0.072618 0.129929 0.712590 2
0.717003 0.371957 0.064992 0.097368 0.711954 2
0.082115 0.281322 0.043476 0.080927 0.708990 2
0.677302 0.288973 0.053109 0.068467 0.672787 2
0.036486 0.276210 0.048835 0.064661 0.671128 2
0.628935 0.299145 0.053739 0.080485 0.657952 2
0.864841 0.415281 0.053736 0.095201 0.629172 2
0.495749 0.482381 0.114728 0.199264 0.588606 2
0.911647 0.493739 0.067769 0.076011 0.529024 2
0.536253 0.329635 0.047308 0.071754 0.524170 2
0.142896 0.345661 0.045940 0.088239 0.420363 2
0.942195 0.458817 0.085538 0.099043 0.393008 2
0.980668 0.686626 0.040402 0.103255 0.330586 2
0.059732 0.279784 0.070542 0.071050 0.254634 2
