0.929877 0.731408 0.137793 0.203361 0.780113 1
0.772460 0.629638 0.080783 0.288900 0.740536 14
0.648319 0.710017 0.108951 0.181725 0.731622 1
0.268477 0.636503 0.101501 0.341572 0.717094 14
0.792725 0.698050 0.119270 0.174985 0.692089 1
0.283107 0.727599 0.158351 0.257039 0.691932 1
0.666197 0.626127 0.096154 0.284562 0.626879 14
0.501835 0.716032 0.109853 0.202414 0.620802 1
0.509783 0.625103 0.134733 0.313071 0.617492 14
0.633121 0.624671 0.076716 0.281811 0.612350 14
0.956200 0.645467 0.086255 0.333368 0.609119 14
0.354739 0.587066 0.054993 0.179209 0.495198 14
0.397951 0.623061 0.065214 0.103529 0.350056 1
0.338780 0.667939 0.080395 0.162213 0.335794 1
0.566552 0.677731 0.055358 0.152010 0.309032 1
