0.388967 0.558172 0.307891 0.348199 0.867762 12
0.889882 0.439520 0.091286 0.254068 0.839189 14
0.868460 0.548850 0.264659 0.297213 0.824369 12
0.365003 0.461076 0.100793 0.295194 0.770424 14
0.673957 0.413760 0.135425 0.116714 0.761451 12
0.564871 0.419113 0.117179 0.108752 0.732679 12
0.217786 0.421616 0.092279 0.164826 0.692386 14
0.767879 0.395397 0.066235 0.139401 0.660369 14
0.665969 0.362047 0.037185 0.092419 0.647449 14
0.193572 0.526414 0.159905 0.283934 0.644086 12
0.559986 0.375351 0.038305 0.087144 0.589611 14
0.715504 0.506541 0.180933 0.270265 0.492293 12
