0.484399 0.537368 0.107696 0.231445 0.876710 14
0.590541 0.556535 0.107911 0.219759 0.845366 14
0.528173 0.813369 0.747831 0.360730 0.842652 10
0.385047 0.539987 0.103735 0.224211 0.817684 14
0.521835 0.402624 0.135428 0.289943 0.810040 14
0.694509 0.567560 0.129851 0.249096 0.783304 14
0.647141 0.427587 0.142829 0.257190 0.756997 14
0.828385 0.513108 0.180993 0.459242 0.681061 14
0.354058 0.403406 0.107165 0.232624 0.634486 14
0.429128 0.375873 0.080184 0.225980 0.618706 14
0.273927 0.568945 0.120889 0.273697 0.590538 14
0.256669 0.330327 0.107449 0.224197 0.458874 14
0.129183 0.574408 0.219606 0.567668 0.455004 14
0.722208 0.437664 0.089580 0.293972 0.449373 14
0.224996 0.481376 0.131603 0.304490 0.418061 14
0.924295 0.811603 0.149813 0.370435 0.410791 8
