0.066881 0.700098 0.134717 0.168298 0.874041 6
0.636868 0.700139 0.102355 0.082553 0.848849 6
0.402456 0.689126 0.157313 0.140134 0.845376 6
0.547513 0.698945 0.120371 0.098163 0.740854 6
0.170758 0.709558 0.137295 0.130642 0.714839 6
0.301331 0.812493 0.208839 0.379323 0.705246 14
0.845109 0.681758 0.076578 0.082846 0.666143 6
0.708284 0.696304 0.089345 0.076879 0.658270 6
0.781670 0.693172 0.057383 0.126643 0.609503 14
0.781442 0.691666 0.059048 0.121876 0.389400 6
0.321121 0.481973 0.031221 0.117742 0.276735 14
