0.494926 0.618318 0.945741 0.644811 0.827789 6
0.344476 0.257410 0.057625 0.102211 0.759548 14
0.861415 0.280336 0.053044 0.192133 0.756609 14
0.288806 0.264226 0.069101 0.102931 0.745710 14
0.218055 0.263059 0.050261 0.103068 0.705719 14
0.923161 0.307580 0.112573 0.329795 0.664143 14
0.174707 0.293681 0.057860 0.101682 0.505381 14
0.666016 0.310445 0.095992 0.248757 0.460983 14
0.969013 0.382797 0.060592 0.444060 0.360359 14
0.079846 0.393729 0.088819 0.156820 0.349530 14
0.076158 0.398115 0.100992 0.179629 0.344814 6
