0.469330 0.796056 0.264705 0.412592 0.893023 14
0.924733 0.828257 0.152672 0.337092 0.770815 14
0.193589 0.861596 0.278497 0.275941 0.758752 14
0.284540 0.744648 0.168104 0.294363 0.715885 14
0.600454 0.737673 0.089887 0.148344 0.531705 14
0.764125 0.910980 0.043939 0.160941 0.506563 4
0.924737 0.951857 0.151826 0.096767 0.485740 14
0.526336 0.411222 0.138906 0.104965 0.485535 15
0.727056 0.905022 0.040933 0.140251 0.435445 4
0.693006 0.802221 0.124001 0.218384 0.337344 14
0.031909 0.819837 0.064721 0.367639 0.319966 14
0.194490 0.373197 0.189543 0.104283 0.282925 15
0.314985 0.658893 0.085581 0.112038 0.256325 14
