0.291082 0.603255 0.263476 0.322583 0.808213 13
0.103390 0.646681 0.205354 0.354833 0.630161 13
0.091005 0.449362 0.167987 0.259443 0.616284 14
0.886323 0.400068 0.069786 0.172369 0.562317 14
0.834620 0.397342 0.054209 0.160987 0.542850 14
0.881511 0.441678 0.096177 0.153652 0.515633 13
0.928361 0.362636 0.052492 0.136903 0.507745 14
0.963178 0.409835 0.074358 0.140514 0.492766 13
0.720149 0.488732 0.273847 0.244363 0.473520 13
0.457353 0.558374 0.149008 0.252735 0.398513 13
0.586036 0.476833 0.186022 0.219754 0.363127 13
