0.346952 0.408115 0.449768 0.352546 0.892403 6
0.802147 0.353601 0.394856 0.276408 0.885752 6
0.573070 0.303033 0.067521 0.211111 0.759933 14
0.884500 0.191266 0.046952 0.064682 0.731781 14
0.984066 0.181976 0.034274 0.078944 0.713009 14
0.033926 0.355476 0.065311 0.198281 0.703528 14
0.204309 0.280486 0.064584 0.118302 0.642462 14
0.470375 0.254439 0.053521 0.094470 0.590173 14
0.933792 0.192920 0.044968 0.043182 0.543393 14
0.512083 0.251423 0.043881 0.086785 0.535561 14
0.429847 0.239199 0.026960 0.041154 0.516702 14
0.360630 0.241169 0.031479 0.034479 0.389871 14
0.624028 0.294108 0.050380 0.173937 0.376751 14
0.090054 0.344719 0.058561 0.192709 0.362945 14
0.746055 0.204683 0.032232 0.037908 0.334664 14
0.713872 0.279988 0.165632 0.144077 0.299561 6
