0.509228 0.333486 0.114344 0.232035 0.841549 14
0.645770 0.342929 0.155510 0.254255 0.806817 14
0.276725 0.661244 0.355330 0.646622 0.759983 14
0.536825 0.822379 0.184030 0.349288 0.679029 8
0.309587 0.387966 0.147914 0.300269 0.677404 14
0.517597 0.625960 0.494081 0.397055 0.673229 10
0.233415 0.799218 0.301160 0.402103 0.657285 8
0.805125 0.787188 0.330977 0.425796 0.646072 8
0.787915 0.637425 0.343299 0.674318 0.645620 14
0.448482 0.306646 0.095698 0.268225 0.624158 14
0.778299 0.401833 0.136980 0.288696 0.616178 14
0.220420 0.403729 0.129358 0.302267 0.278729 14
0.077152 0.464704 0.100911 0.259522 0.263819 8
