0.187205 0.757659 0.098621 0.391469 0.921905 4
0.682922 0.768847 0.104723 0.370198 0.919314 4
0.088483 0.774450 0.105916 0.401888 0.914263 4
0.285004 0.768440 0.090897 0.367302 0.913699 4
0.482229 0.768170 0.100637 0.372771 0.911436 4
0.382210 0.770819 0.085686 0.363280 0.909971 4
0.582771 0.752944 0.088288 0.399329 0.908443 4
0.787126 0.761561 0.108115 0.379691 0.898680 4
0.887669 0.747956 0.108452 0.412325 0.875482 4
0.807746 0.244071 0.109601 0.379449 0.802813 4
0.699158 0.242449 0.122018 0.397004 0.773676 4
0.605306 0.242359 0.103675 0.391219 0.758059 4
0.291762 0.230872 0.113019 0.443993 0.744371 4
0.492187 0.238428 0.097644 0.410935 0.744220 4
0.897397 0.243669 0.119890 0.389723 0.706040 4
0.092623 0.337613 0.124061 0.658935 0.700718 4
0.194740 0.230533 0.099763 0.445064 0.681512 4
0.389360 0.231048 0.088013 0.436458 0.653713 4
0.545108 0.134488 0.059708 0.198732 0.272882 4
