0.526155 0.543157 0.208927 0.278718 0.897619 14
0.340906 0.556571 0.182850 0.252170 0.885062 14
0.144801 0.460434 0.197406 0.470207 0.884031 14
0.382891 0.821333 0.768729 0.355476 0.865520 10
0.744711 0.514019 0.134189 0.520103 0.838659 14
0.315535 0.407489 0.165298 0.399973 0.829827 14
0.450450 0.426128 0.176383 0.350468 0.797573 14
0.639378 0.491122 0.126444 0.436852 0.773232 14
0.852899 0.811294 0.196973 0.377849 0.703866 8
0.876863 0.476952 0.203287 0.537606 0.616390 14
0.251155 0.356200 0.042799 0.064405 0.255025 14
