0.236814 0.121409 0.091396 0.162722 0.808853 14
0.087369 0.156836 0.095281 0.077978 0.750792 6
0.331492 0.130296 0.064130 0.145547 0.590689 14
0.795898 0.364737 0.365598 0.416617 0.589677 6
0.159389 0.182131 0.075265 0.289137 0.527997 14
0.406436 0.150908 0.075885 0.061567 0.418660 6
0.508343 0.524642 0.925404 0.783813 0.397786 13
0.508990 0.148943 0.037842 0.119597 0.346949 14
0.032893 0.139504 0.026101 0.058318 0.309331 6
0.585845 0.156952 0.133188 0.119918 0.305247 6
0.508343 0.524642 0.925404 0.783813 0.292775 6
0.847768 0.174965 0.265316 0.145989 0.277225 6
0.460548 0.148657 0.033610 0.086024 0.265557 14
