0.672072 0.725269 0.101417 0.217617 0.820285 1
0.518221 0.691600 0.108106 0.225518 0.796312 1
0.222476 0.638057 0.131558 0.227235 0.791498 1
0.362684 0.667053 0.110874 0.215724 0.768928 1
0.370928 0.572742 0.124757 0.372550 0.742715 14
0.537834 0.587420 0.143627 0.397087 0.741498 14
0.732988 0.610263 0.131582 0.432832 0.717617 14
0.671106 0.629236 0.110701 0.355820 0.714291 14
0.418866 0.560588 0.088437 0.401812 0.711559 14
0.269090 0.542527 0.087977 0.369800 0.651401 14
0.221003 0.550243 0.134118 0.366010 0.546679 14
0.571247 0.590073 0.063701 0.394273 0.283895 14
0.536577 0.382979 0.040283 0.089258 0.283056 14
