0.479745 0.438311 0.775769 0.741174 0.790345 6
0.757578 0.229745 0.055232 0.149896 0.774664 14
0.143939 0.231148 0.033491 0.107228 0.765627 14
0.195764 0.241215 0.036120 0.108838 0.722064 14
0.842252 0.263116 0.064005 0.250827 0.689010 14
0.113498 0.236894 0.035499 0.120769 0.663879 14
0.079268 0.237483 0.036842 0.115112 0.643500 14
0.718534 0.213666 0.042913 0.152840 0.625857 14
0.171103 0.229753 0.030473 0.104300 0.483633 14
0.895379 0.265200 0.060357 0.239842 0.415737 14
0.979828 0.297170 0.042099 0.187606 0.341544 12
0.912211 0.205636 0.053344 0.119053 0.297943 14
0.046783 0.231979 0.029867 0.096244 0.292817 14
