0.502718 0.270550 0.134211 0.266745 0.832851 14
0.167303 0.576397 0.336151 0.533813 0.674245 14
0.705798 0.335383 0.110448 0.221754 0.653186 14
0.632132 0.581765 0.063561 0.161411 0.617531 4
0.711962 0.428447 0.293572 0.394277 0.614068 14
0.224521 0.244479 0.087156 0.244911 0.609037 14
0.946103 0.839428 0.111319 0.321077 0.601462 8
0.522176 0.766577 0.965712 0.463289 0.596241 10
0.270435 0.394625 0.165170 0.292447 0.573978 14
0.870086 0.593566 0.254023 0.531465 0.515417 14
0.646865 0.351072 0.072058 0.125085 0.493996 8
0.070535 0.835572 0.143862 0.322696 0.388675 8
0.312139 0.317121 0.109453 0.200208 0.276683 14
