0.282001 0.168348 0.119531 0.337017 0.863714 14
0.173131 0.168169 0.113406 0.336035 0.851920 14
0.834327 0.273456 0.089748 0.365460 0.828499 14
0.917681 0.277059 0.082799 0.344299 0.790245 14
0.756485 0.398996 0.122742 0.113227 0.561403 15
0.578996 0.067873 0.035824 0.115346 0.541373 14
0.622708 0.076413 0.056184 0.117834 0.493104 14
0.895465 0.122043 0.088356 0.210757 0.385033 14
0.969652 0.273759 0.057284 0.349528 0.296670 14
0.359449 0.535711 0.466147 0.422329 0.284527 9
0.635587 0.233954 0.185457 0.222639 0.282914 15
0.359449 0.535711 0.466147 0.422329 0.257062 11
