0.383400 0.678282 0.287789 0.640492 0.887874 14
0.028968 0.542640 0.059712 0.219047 0.829880 14
0.670634 0.531465 0.063588 0.133129 0.825180 14
0.169521 0.518567 0.080123 0.175453 0.810816 14
0.468601 0.212827 0.257135 0.124289 0.777185 2
0.799734 0.530955 0.075391 0.145196 0.774229 14
0.729571 0.531752 0.068042 0.133354 0.754270 14
0.099024 0.568319 0.069217 0.143440 0.753662 14
0.534967 0.555292 0.111414 0.213526 0.697215 14
0.133111 0.519108 0.042958 0.157469 0.504926 14
0.972888 0.616004 0.055493 0.470185 0.465503 14
0.054951 0.554513 0.080294 0.171421 0.424748 14
