0.368430 0.631810 0.742852 0.597958 0.886943 6
0.940272 0.485452 0.104551 0.215093 0.800701 14
0.543601 0.375902 0.093675 0.173096 0.772192 14
0.643549 0.387494 0.092789 0.222158 0.723825 14
0.710880 0.439010 0.079572 0.380245 0.704541 14
0.853555 0.344140 0.140560 0.095890 0.659182 6
0.380380 0.428949 0.065634 0.061555 0.654482 14
0.311029 0.444113 0.048275 0.077257 0.642350 14
0.981117 0.337868 0.039716 0.230756 0.555412 14
0.950984 0.331887 0.077860 0.210693 0.541164 14
0.520773 0.289865 0.078408 0.201038 0.508939 14
0.054569 0.439326 0.108277 0.166578 0.474795 14
0.582167 0.266631 0.056805 0.140571 0.285485 14
