0.791992 0.665380 0.373383 0.659095 0.789023 14
0.852189 0.164518 0.076795 0.082681 0.756648 14
0.478435 0.363134 0.097496 0.187675 0.731819 14
0.917683 0.326490 0.112978 0.127489 0.618862 14
0.136449 0.692294 0.278187 0.583827 0.609260 14
0.911832 0.174563 0.061408 0.065474 0.597500 14
0.666448 0.412027 0.117422 0.275043 0.588804 14
0.414391 0.365630 0.110052 0.191494 0.562874 14
0.342906 0.515693 0.266780 0.403328 0.510766 14
0.258061 0.361118 0.474933 0.663234 0.355794 14
0.516063 0.308363 0.049756 0.120411 0.270563 14
0.415645 0.764273 0.693039 0.465881 0.251613 10
