0.410893 0.631786 0.247350 0.421124 0.840808 8
0.685651 0.633005 0.232009 0.376552 0.819505 8
0.553920 0.312844 0.181442 0.264206 0.770623 15
0.828812 0.587344 0.177525 0.348867 0.683978 8
0.455129 0.521661 0.167473 0.425860 0.682315 14
0.269241 0.527353 0.139100 0.451450 0.615105 14
0.693421 0.462893 0.141493 0.299232 0.539991 14
0.213681 0.256627 0.078978 0.110332 0.522825 15
0.769982 0.376709 0.080129 0.133842 0.413498 14
0.062290 0.569116 0.117686 0.289468 0.362188 15
0.095668 0.234188 0.189552 0.272414 0.353929 15
0.263510 0.559353 0.130411 0.412896 0.330319 8
