0.338186 0.639219 0.215453 0.205231 0.931609 6
0.561796 0.586116 0.068450 0.226013 0.815591 14
0.685424 0.588072 0.072550 0.274291 0.799706 14
0.966892 0.633102 0.067656 0.320380 0.787820 14
0.506432 0.582460 0.045336 0.203038 0.787697 14
0.809045 0.602252 0.079463 0.329292 0.781611 14
0.135881 0.678595 0.274841 0.631532 0.751267 14
0.913218 0.628913 0.069591 0.311676 0.712303 14
0.621930 0.599949 0.059064 0.222707 0.665429 14
0.465014 0.583284 0.050299 0.178310 0.661976 14
0.755284 0.594834 0.068542 0.305361 0.555024 14
0.752665 0.264103 0.063620 0.171669 0.478916 14
0.213630 0.568952 0.026219 0.080667 0.413530 14
0.701909 0.280634 0.055529 0.144301 0.390356 14
0.186057 0.565419 0.025536 0.069496 0.311644 14
0.423150 0.565807 0.039518 0.139431 0.275788 14
