0.720272 0.518751 0.175216 0.243962 0.876853 14
0.511309 0.483488 0.182362 0.232750 0.872269 14
0.293574 0.479279 0.142674 0.218260 0.803349 14
0.682287 0.772390 0.057444 0.199331 0.783113 4
0.238280 0.700638 0.447561 0.579245 0.723289 14
0.258046 0.377926 0.153605 0.259565 0.711152 14
0.854575 0.709570 0.049108 0.185852 0.692384 4
0.759491 0.338850 0.076982 0.162877 0.581971 14
0.954913 0.614965 0.091289 0.395541 0.515583 14
0.606643 0.786329 0.745539 0.416441 0.494480 10
0.134887 0.821632 0.275650 0.352095 0.438331 8
0.484256 0.555303 0.041407 0.105699 0.385262 4
0.508947 0.037195 0.183037 0.075021 0.338739 1
