0.225521 0.791812 0.196744 0.359020 0.870399 8
0.875163 0.576957 0.164908 0.278857 0.858748 8
0.456201 0.730657 0.176915 0.397874 0.812705 8
0.623735 0.554737 0.130581 0.248240 0.802375 8
0.259967 0.458751 0.084455 0.146269 0.789109 14
0.159166 0.488614 0.102930 0.162969 0.782128 14
0.087391 0.775937 0.170974 0.361711 0.775524 8
0.762799 0.366561 0.085752 0.113097 0.762139 14
0.075902 0.569151 0.136337 0.330258 0.737471 14
0.693080 0.367100 0.075611 0.113916 0.675300 14
0.836259 0.366821 0.058729 0.120739 0.659614 14
0.934588 0.277388 0.122149 0.273706 0.654734 15
0.749158 0.568883 0.114015 0.249894 0.650128 8
0.481978 0.537000 0.164726 0.369735 0.597519 14
0.871657 0.468116 0.162523 0.271580 0.577588 14
0.642603 0.468491 0.112762 0.276791 0.544975 14
0.583398 0.390481 0.078267 0.133704 0.515953 14
0.258686 0.654631 0.356406 0.382534 0.509417 10
0.305174 0.380473 0.051725 0.089635 0.491650 14
0.362350 0.369437 0.057492 0.070953 0.364429 14
