12 0.131766 0.773271 0.087061 0.044373
14 0.737652 1.193653 -0.598222 0.762922
14 0.736909 1.181766 -0.598304 0.748033
14 0.742928 1.186038 -0.547384 0.725682
14 0.743579 1.190032 -0.547916 0.731227
14 0.455269 0.314549 -0.650973 0.198448
14 0.455241 0.312930 -0.651061 0.195851
14 0.454704 0.307006 -0.650997 0.200399
14 0.454323 0.306592 -0.653308 0.199954
14 0.334364 0.449024 -0.239637 0.230988
14 0.334174 0.450349 -0.241060 0.233304
14 0.334670 0.449753 -0.237544 0.230201
14 0.453611 0.313147 -0.663014 0.192577
14 0.451537 0.286538 -0.660660 0.182482
14 0.451410 0.283482 -0.660724 0.179665
14 0.451270 0.284181 -0.660849 0.179746
14 0.454093 0.313039 -0.661716 0.191967
14 0.453755 0.313049 -0.662843 0.192733
14 0.458530 0.334662 -0.656815 0.205323
14 0.458627 0.336685 -0.656604 0.209816
9 0.606761 0.966376 -0.602651 -1.018437
14 0.753855 1.280673 -0.497365 0.807762
14 0.338230 0.443319 -0.224258 0.228081
14 0.755821 1.250715 -0.497064 0.757179
12 0.135618 0.768844 0.092557 0.003581
