14 0.280437 0.642825 -0.197661 -0.760129
14 0.279614 0.642511 -0.199486 -0.762299
14 0.280328 0.642804 -0.198007 -0.761609
14 0.279229 0.644441 -0.198213 -0.765460
14 0.278464 0.644623 -0.199333 -0.762952
14 0.279298 0.641929 -0.197609 -0.762963
14 0.279697 0.642252 -0.197021 -0.763781
14 0.278331 0.641562 -0.196746 -0.765591
14 0.279542 0.641001 -0.194830 -0.766080
14 0.279873 0.641514 -0.194375 -0.765309
14 0.278788 0.641614 -0.192687 -0.766843
14 0.279054 0.640672 -0.191907 -0.768442
14 0.279785 0.645578 -0.192025 -0.765450
14 0.538160 0.985799 -0.820168 -1.776076
14 0.537378 0.986209 -0.828953 -1.769033
14 0.281304 0.646834 -0.188533 -0.762793
14 0.279689 0.646714 -0.192457 -0.762677
14 0.533145 0.985892 -0.828478 -1.775878
14 0.532891 0.985464 -0.829019 -1.773013
14 0.533428 0.986406 -0.828276 -1.771110
14 0.533050 0.986096 -0.828523 -1.775110
14 0.533564 0.986059 -0.828096 -1.773102
14 0.533642 0.986071 -0.827783 -1.774320
14 0.594836 0.991449 -0.955650 -1.376250
14 0.531898 0.985615 -0.840647 -1.774847
14 0.595791 0.993661 -0.953285 -1.373759
14 0.593525 0.996807 -0.964257 -1.381414
14 0.531790 0.987738 -0.843187 -1.769957
14 0.594377 0.997765 -0.962482 -1.380755
14 0.594691 0.993991 -0.956428 -1.379028
14 0.595329 0.993662 -0.955527 -1.379162
14 0.594677 0.992557 -0.956714 -1.381284
14 0.593217 0.987461 -0.960147 -1.382215
14 0.593474 0.987004 -0.959957 -1.382942
14 0.593305 0.986936 -0.960144 -1.384134
14 0.539733 0.986361 -0.839134 -1.767246
14 0.539966 0.987349 -0.838205 -1.765152
14 0.529878 0.984680 -0.843619 -1.777133
