14 0.811553 0.513735 -0.357909 0.061000
14 0.809807 0.513668 -0.365455 0.060840
14 0.811263 0.514672 -0.358719 0.061977
14 0.806790 0.532593 -0.354417 0.086741
14 0.805366 0.533741 -0.356705 0.085745
14 0.806993 0.533487 -0.351840 0.086774
14 0.770991 0.519949 -0.422785 0.065922
14 0.801695 0.505676 -0.394240 0.066049
14 0.797248 0.504215 -0.403627 0.066298
14 0.799798 0.504512 -0.396518 0.067140
14 0.768495 0.500559 -0.468029 0.048211
14 0.796781 0.513184 -0.379997 0.078403
14 0.798070 0.514354 -0.376864 0.076281
14 0.798280 0.513409 -0.375366 0.079734
14 0.769164 0.484353 -0.464093 0.045811
12 0.904367 0.828252 -0.076363 0.235901
12 0.905674 0.827482 -0.074561 0.236128
14 0.771287 0.559585 -0.410880 0.081496
14 0.821123 0.564531 -0.285390 0.090773
14 0.817635 0.563477 -0.290860 0.088942
14 0.821143 0.569489 -0.286420 0.103080
