14 0.603971 0.586685 -0.221781 0.062731
14 0.606267 0.583653 -0.218002 0.055803
14 0.604439 0.587903 -0.219679 0.063017
14 0.620292 0.588568 -0.212714 0.062756
14 0.618649 0.590634 -0.215357 0.069124
14 0.617349 0.591313 -0.217664 0.069602
14 0.593291 0.578492 -0.226106 0.031975
14 0.594428 0.578319 -0.223491 0.031118
14 0.592618 0.578639 -0.225358 0.033076
14 0.623834 0.582253 -0.213689 0.038198
14 0.622630 0.583991 -0.215468 0.042378
14 0.620751 0.585217 -0.221004 0.045463
14 0.564473 0.582204 -0.293766 0.055458
14 0.585417 0.579537 -0.288892 0.048349
14 0.562833 0.571777 -0.284189 0.056448
