14 0.622885 0.845400 -0.731624 0.557375
14 0.634431 1.085494 -0.697581 0.712530
14 0.621194 0.845707 -0.733255 0.556014
14 0.635208 1.166796 -0.682709 0.708111
14 0.635080 1.161537 -0.684467 0.690109
14 0.634343 1.094566 -0.699369 0.722514
14 0.443981 1.130753 -0.351760 0.262579
14 0.447123 1.130981 -0.345701 0.255393
14 0.631144 0.986849 -0.709521 0.656838
14 0.629916 0.988975 -0.712120 0.658755
14 0.641845 1.177076 -0.659995 0.589130
14 0.642055 1.185739 -0.659692 0.601955
14 0.625536 0.785456 -0.719015 0.510348
14 0.432973 1.003708 -0.375299 0.184383
14 0.431760 1.007890 -0.377529 0.193600
14 0.625327 0.736241 -0.721750 0.466070
14 0.464101 1.132638 -0.357058 0.275089
