15 0.537839 0.502213 -0.703654 -0.593112
15 0.538393 0.502315 -0.701968 -0.591882
15 0.538102 0.502788 -0.702370 -0.591608
15 0.537433 0.502338 -0.703992 -0.588712
15 0.538328 0.503000 -0.701968 -0.586377
15 0.536950 0.505186 -0.701953 -0.583122
15 0.537233 0.504338 -0.701190 -0.583801
15 0.536609 0.499283 -0.702774 -0.595937
15 0.535611 0.498965 -0.705171 -0.596307
15 0.535410 0.499285 -0.705583 -0.594897
15 0.534726 0.507288 -0.701688 -0.581529
15 0.535002 0.508985 -0.700929 -0.578508
15 0.539231 0.509346 -0.698154 -0.582632
15 0.538320 0.508325 -0.700739 -0.584565
15 0.539356 0.506543 -0.698077 -0.587129
8 0.665888 0.988924 -1.130031 -0.969483
8 0.665926 0.979109 -1.129100 -0.964352
15 0.539919 0.504397 -0.693853 -0.586775
8 0.666406 0.978083 -1.126864 -0.966441
8 0.665154 0.983444 -1.131699 -0.979618
8 0.665331 0.977466 -1.137784 -0.965617
15 0.510920 0.508022 -0.723468 -0.584295
8 0.666111 0.977593 -1.135541 -0.965947
8 0.666317 0.977326 -1.129055 -0.971910
