14 0.130249 0.793365 -0.056581 -0.425365
14 0.130142 0.794333 -0.056047 -0.423294
14 0.131318 0.793789 -0.053748 -0.432055
14 0.051355 0.783917 0.034197 -0.422144
14 0.690182 1.179262 -0.430674 0.208293
14 0.690435 1.180524 -0.429846 0.211003
14 0.132111 0.794528 -0.052171 -0.431336
14 0.051284 0.791452 0.035610 -0.412874
14 0.051497 0.795637 0.036826 -0.406828
14 0.051116 0.793363 0.036716 -0.406152
14 0.129715 0.791929 -0.054782 -0.445114
14 0.459282 1.151162 0.054857 0.044404
14 0.130135 0.790843 -0.054638 -0.444044
14 0.051278 0.796287 0.036587 -0.408829
14 0.050678 0.797048 0.035509 -0.400753
14 0.129776 0.794388 -0.055264 -0.436531
14 0.129954 0.792599 -0.054490 -0.440265
14 0.687390 1.187478 -0.415478 0.278529
14 0.686735 1.187700 -0.417088 0.277914
14 0.630405 0.637955 -1.124177 -0.848309
14 0.630447 0.639372 -1.124005 -0.848297
14 0.630450 0.639221 -1.123934 -0.847366
14 0.629689 0.638026 -1.125644 -0.845298
14 0.630150 0.637247 -1.124840 -0.847673
14 0.629570 0.636911 -1.125304 -0.851251
14 0.629327 0.633910 -1.125454 -0.854941
14 0.629218 0.635334 -1.125466 -0.852675
14 0.458016 1.182721 0.013010 0.211954
14 0.412371 0.563818 -0.520522 -0.466930
14 0.411190 0.568195 -0.522097 -0.463439
14 0.622662 0.664183 -0.825426 -0.333759
14 0.630946 0.648341 -1.116033 -0.822102
14 0.622674 0.666099 -0.825873 -0.332542
14 0.597981 0.515789 -1.101038 -0.691817
14 0.598620 0.519095 -1.101647 -0.683880
14 0.598621 0.518224 -1.101908 -0.686560
14 0.631029 0.635722 -1.123233 -0.840326
14 0.598573 0.520299 -1.101796 -0.681574
14 0.631081 0.636433 -1.122751 -0.838241
14 0.629251 0.638186 -1.125826 -0.853680
14 0.622752 0.666689 -0.823924 -0.330527
14 0.048940 0.783352 0.034703 -0.402229
14 0.629633 0.637069 -1.125222 -0.855988
14 0.050161 0.782606 0.034138 -0.400143
14 0.690497 1.157733 -0.430983 0.126833
14 0.183622 0.804562 -0.082109 -0.386967
14 0.131469 0.794755 -0.048765 -0.447635
14 0.624843 0.722134 -0.825584 -0.284184
14 0.630591 0.635823 -1.124678 -0.839969
14 0.691276 1.158119 -0.431080 0.127570
14 0.598105 0.515727 -1.100529 -0.692395
14 0.183700 0.799650 -0.085713 -0.393347
14 0.625179 0.722145 -0.825358 -0.284874
14 0.687020 1.204046 -0.415979 0.373112
14 0.131382 0.795981 -0.049167 -0.447602
14 0.618626 0.650149 -0.834603 -0.337405
14 0.048500 0.784577 0.033592 -0.396835
14 0.599276 0.530668 -1.102268 -0.675283
14 0.135444 0.803299 -0.054384 -0.430821
14 0.050092 0.782053 0.034137 -0.399641
14 0.617964 0.647500 -0.835950 -0.342830
14 0.685683 1.211404 -0.416389 0.388906
14 0.599971 0.530960 -1.101101 -0.673688
14 0.625140 0.724115 -0.823255 -0.279309
14 0.599441 0.530754 -1.102076 -0.674816
14 0.135605 0.803696 -0.054113 -0.431452
14 0.620276 0.659880 -0.832602 -0.328465
14 0.599415 0.518939 -1.101714 -0.693856
14 0.179543 0.639842 -0.144807 -0.503858
14 0.180220 0.641620 -0.142753 -0.502359
14 0.144019 0.797218 0.082752 -0.409162
14 0.650146 0.657514 -1.121650 -0.776543
14 0.599515 0.518430 -1.099702 -0.682129
14 0.599193 0.518919 -1.102432 -0.694449
14 0.690560 1.203243 -0.431270 0.348670
14 0.631978 1.118078 -0.829673 0.067376
14 0.599433 0.518136 -1.099691 -0.681377
14 0.599353 0.517769 -1.100072 -0.682987
14 0.691166 1.207010 -0.428476 0.351579
