3 0.280669 0.646478 0.184846 -0.963021
3 0.280819 0.646032 0.184186 -0.963221
3 0.277421 0.644030 0.175657 -0.965216
3 0.277455 0.644731 0.175311 -0.964357
3 0.284110 0.646845 0.189489 -0.961799
3 0.283525 0.646601 0.188229 -0.961378
3 0.278984 0.644891 0.181253 -0.970355
3 0.277848 0.645475 0.178720 -0.968929
3 0.279654 0.645504 0.176499 -0.958050
3 0.280547 0.645515 0.177586 -0.958078
3 0.877822 0.621585 -1.208144 -0.996545
3 0.877918 0.621902 -1.207324 -0.996701
3 0.877334 0.622129 -1.203278 -0.996495
3 0.875245 0.622939 -1.207418 -0.995004
3 0.878820 0.620034 -1.211222 -1.005031
3 0.879181 0.620190 -1.210374 -1.004426
3 0.879945 0.622129 -1.204271 -0.996393
3 0.874344 0.619957 -1.218684 -1.005563
3 0.880023 0.621410 -1.203685 -0.997234
3 0.272087 0.645717 0.178445 -0.965341
3 0.271488 0.646168 0.176802 -0.963850
3 0.875414 0.620983 -1.210589 -0.998327
3 0.279202 0.649568 0.182604 -0.961239
3 0.284853 0.650076 0.188779 -0.953180
3 1.189803 0.928247 0.413316 0.638023
3 0.282902 0.650331 0.187731 -0.952857
3 0.880151 0.620368 -1.207011 -1.010873
3 0.879755 0.618140 -1.221475 -1.013162
3 0.880488 0.622767 -1.206334 -1.005083
3 0.879520 0.618707 -1.222106 -1.012048
3 0.901504 0.920402 0.208194 0.598918
3 0.878005 0.617743 -1.224435 -1.014600
3 0.844372 0.620764 -1.238864 -1.001062
3 0.866260 0.621812 -1.230023 -0.990581
3 0.873169 0.621065 -1.222415 -1.001939
3 0.880532 0.603384 -1.548289 -1.082738
3 0.882459 0.620941 -1.223384 -0.995442
3 0.882270 0.621870 -1.224143 -0.994482
3 0.881385 0.603956 -1.545478 -1.081086
3 0.883708 0.623141 -1.202392 -0.985079
3 0.845434 0.620898 -1.243937 -0.994989
3 0.879479 0.620749 -1.228688 -0.995699
