1 0.480384 0.504890 -0.810652 -0.784223
1 0.480208 0.504736 -0.810549 -0.784187
1 0.480208 0.505560 -0.810691 -0.780846
1 0.425859 0.518840 -0.656075 -0.785660
1 0.426835 0.519390 -0.653954 -0.783982
1 0.426835 0.519763 -0.654332 -0.783159
1 0.480113 0.508736 -0.812319 -0.762374
1 0.479501 0.509976 -0.812754 -0.760181
1 0.429118 0.520464 -0.647223 -0.789184
1 0.481903 0.498956 -0.807081 -0.807559
1 0.479534 0.509326 -0.812745 -0.761667
1 0.480470 0.503961 -0.811370 -0.767908
14 0.419127 0.520758 -0.677320 -0.720306
1 0.479704 0.505807 -0.809766 -0.777067
14 0.419613 0.502586 -0.681526 -0.738273
1 0.480424 0.503873 -0.810546 -0.767876
1 0.481988 0.499292 -0.806135 -0.806554
14 0.419454 0.502673 -0.681038 -0.738495
1 0.480071 0.505535 -0.811335 -0.771891
1 0.217372 0.539587 -0.178879 -0.863899
1 0.427989 0.514013 -0.658462 -0.785162
1 0.225374 0.540671 -0.173939 -0.860347
1 0.427635 0.513929 -0.658025 -0.784884
1 0.255479 0.533586 -0.289539 -0.838628
14 0.695067 0.977500 -0.952028 -0.976702
14 0.345369 0.517118 -0.534254 -0.728341
1 0.256576 0.533610 -0.287863 -0.838062
14 0.694854 0.979024 -0.952518 -0.973745
1 0.217028 0.539486 -0.179334 -0.864646
14 0.345609 0.518817 -0.533300 -0.725646
14 0.345553 0.518281 -0.533178 -0.725690
14 0.345472 0.522197 -0.532657 -0.719091
14 0.421346 0.516611 -0.673245 -0.735300
14 0.281554 0.515297 -0.417849 -0.729239
14 0.281892 0.513279 -0.417633 -0.731988
1 0.256708 0.534676 -0.287770 -0.832710
14 0.421711 0.515705 -0.673127 -0.737508
14 0.345438 0.513907 -0.535221 -0.730478
14 0.193515 0.538794 -0.246670 -0.768657
14 0.694494 0.977293 -0.959739 -0.972469
1 0.428014 0.515227 -0.656848 -0.796520
14 0.281616 0.514194 -0.417950 -0.730305
1 0.428931 0.520628 -0.643549 -0.798315
1 0.429118 0.514514 -0.655848 -0.797951
14 0.694541 0.977147 -0.958817 -0.972468
1 0.217178 0.539367 -0.179660 -0.863806
14 0.192813 0.539051 -0.247734 -0.767873
14 0.345193 0.515636 -0.536098 -0.727934
14 0.193054 0.539788 -0.247164 -0.767029
1 0.431522 0.518803 -0.646493 -0.798289
14 0.421494 0.517735 -0.673091 -0.734038
14 0.345120 0.514809 -0.536231 -0.728625
14 0.417132 0.499991 -0.685699 -0.731280
14 0.694836 0.978453 -0.950402 -0.975229
14 0.697336 0.971120 -0.938802 -0.991851
1 0.431349 0.518686 -0.648408 -0.798618
1 0.428053 0.514723 -0.656876 -0.798598
14 0.698152 0.971339 -0.935773 -0.992166
14 0.699988 0.979575 -0.944922 -0.983404
14 0.698569 0.970791 -0.933163 -0.992543
14 0.416854 0.499357 -0.686329 -0.732708
1 0.213231 0.541344 -0.180133 -0.858818
1 0.313867 0.535809 -0.287001 -0.808926
1 0.312910 0.535051 -0.288448 -0.810462
1 0.428105 0.520609 -0.644704 -0.798180
14 0.277692 0.512416 -0.421791 -0.729045
14 0.189041 0.531374 -0.264091 -0.768545
14 0.277704 0.511313 -0.421600 -0.730411
14 0.416860 0.499265 -0.686123 -0.732965
1 0.313298 0.537068 -0.287818 -0.806799
14 0.189751 0.531212 -0.262911 -0.768986
1 0.293018 0.535626 -0.268007 -0.825503
14 0.277306 0.511091 -0.422894 -0.731267
14 0.189243 0.531181 -0.264093 -0.769847
1 0.481013 0.503729 -0.800986 -0.797128
14 0.694448 0.976978 -0.958110 -0.973713
1 0.425927 0.521644 -0.661572 -0.745164
1 0.430027 0.519224 -0.643455 -0.809208
1 0.430209 0.519427 -0.642457 -0.809474
14 0.421901 0.499833 -0.674880 -0.748063
1 0.480673 0.505065 -0.807185 -0.798579
14 0.420413 0.501247 -0.677293 -0.746428
1 0.479535 0.505004 -0.809520 -0.798603
14 0.420566 0.501598 -0.677061 -0.744499
1 0.294048 0.536186 -0.266354 -0.824215
1 0.352619 0.528607 -0.511125 -0.783821
14 0.197305 0.543786 -0.231354 -0.765141
1 0.292863 0.535431 -0.275158 -0.826561
14 0.478099 0.507122 -0.812785 -0.762762
14 0.347040 0.521917 -0.528203 -0.724568
1 0.212404 0.539617 -0.193254 -0.849955
1 0.423360 0.519306 -0.657968 -0.778364
14 0.476840 0.493045 -0.823101 -0.756906
1 0.423396 0.519002 -0.657647 -0.778633
14 0.196254 0.542131 -0.233629 -0.768490
1 0.213543 0.540386 -0.191269 -0.848293
14 0.345397 0.503703 -0.534815 -0.733154
1 0.309019 0.538802 -0.324390 -0.780971
1 0.479502 0.506445 -0.809749 -0.797458
1 0.430130 0.518420 -0.643152 -0.810262
14 0.346983 0.522579 -0.528403 -0.723330
1 0.237050 0.541100 -0.170110 -0.859702
1 0.309433 0.537760 -0.322631 -0.782921
14 0.345717 0.503252 -0.533797 -0.735158
1 0.309168 0.540291 -0.323670 -0.779299
1 0.425910 0.520335 -0.657510 -0.761471
14 0.278168 0.501208 -0.420490 -0.734044
14 0.343549 0.520283 -0.531511 -0.730736
14 0.278266 0.501162 -0.420153 -0.735014
14 0.697199 0.977283 -0.956249 -0.989112
14 0.284429 0.521745 -0.411852 -0.726756
14 0.476252 0.493624 -0.823765 -0.756341
1 0.427835 0.522311 -0.641227 -0.795540
14 0.692701 0.982665 -0.967177 -0.984122
14 0.692837 0.985054 -0.968575 -0.977876
1 0.213546 0.540676 -0.191657 -0.847302
14 0.282660 0.516726 -0.412361 -0.727394
14 0.284379 0.523331 -0.411365 -0.723907
1 0.427078 0.521085 -0.642085 -0.798500
14 0.191989 0.532354 -0.244832 -0.766911
14 0.235900 0.525274 -0.347752 -0.771667
14 0.424075 0.512038 -0.667793 -0.750394
14 0.342927 0.520568 -0.532268 -0.730335
14 0.192020 0.532559 -0.244622 -0.766549
1 0.428057 0.522133 -0.640690 -0.796843
1 0.257705 0.538204 -0.303124 -0.829748
1 0.213935 0.539136 -0.195940 -0.855481
1 0.214593 0.538826 -0.196503 -0.856457
14 0.700086 0.985139 -0.939423 -0.942866
14 0.235312 0.525458 -0.348674 -0.771771
1 0.295979 0.532838 -0.388116 -0.786816
