14 0.402789 0.731653 -0.283004 0.069800
14 0.402833 0.730411 -0.283377 0.067414
14 0.403766 0.730576 -0.282761 0.068487
14 0.400439 0.730448 -0.302194 0.078983
14 0.397975 0.719720 -0.302591 0.069763
14 0.397894 0.717781 -0.302210 0.066336
14 0.398730 0.718283 -0.300236 0.067393
1 0.427061 0.959248 -0.110576 -0.334376
1 0.427548 0.965706 -0.110620 -0.320115
1 0.427765 0.933665 -0.110344 -0.378088
1 0.427830 0.962355 -0.104848 -0.364088
1 0.428576 0.969786 -0.104727 -0.349820
14 0.396797 0.715072 -0.313488 0.079486
1 0.429207 0.960847 -0.104062 -0.367235
14 0.409042 0.740212 -0.279125 0.087824
11 0.201414 1.197246 0.131965 -0.496054
11 0.202212 1.195436 0.133420 -0.502062
11 0.214170 1.201150 0.141290 -0.482158
14 0.411203 0.864769 -0.246124 0.196260
14 0.411411 0.865252 -0.246727 0.196193
11 0.202231 1.198654 0.131836 -0.490215
