16 0.653423 0.490014 0.076740 -0.184360
16 0.652923 0.489988 0.076318 -0.184623
16 0.639410 0.490082 0.081167 -0.184293
16 0.651149 0.489367 0.073318 -0.185310
16 0.638101 0.489819 0.078914 -0.185036
16 0.639719 0.489400 0.081312 -0.185573
16 0.666138 0.491369 0.066178 -0.181059
16 0.665933 0.492200 0.065497 -0.179473
16 0.664070 0.492342 0.060397 -0.178506
16 0.643093 0.490893 0.122638 -0.180789
16 0.641369 0.491566 0.119322 -0.179554
16 0.609942 0.490436 -0.030614 -0.190201
16 0.641173 0.491905 0.121176 -0.178522
16 0.602815 0.489346 0.022129 -0.189720
9 1.241709 0.487751 -0.627269 -0.242147
9 1.241388 0.487625 -0.627554 -0.242362
9 1.243473 0.487403 -0.623131 -0.243047
16 0.614333 0.490791 -0.095066 -0.187213
