14 0.797662 0.525914 -0.939683 -0.501460
14 0.804962 0.530718 -0.927809 -0.491855
14 0.804874 0.530771 -0.928558 -0.492077
14 0.798087 0.524921 -0.938755 -0.503777
14 0.804150 0.530638 -0.932086 -0.491312
14 0.805221 0.530697 -0.923264 -0.496419
14 0.804889 0.530105 -0.927732 -0.498396
14 0.805594 0.529362 -0.922983 -0.499076
14 0.799506 0.534382 -0.935854 -0.488853
14 0.800524 0.533833 -0.933486 -0.489559
14 0.790529 0.525231 -0.950905 -0.502705
14 0.798400 0.533844 -0.939784 -0.487936
14 0.796652 0.520535 -0.937550 -0.502477
14 0.796518 0.522958 -0.938032 -0.498501
14 0.789368 0.522095 -0.949634 -0.499003
1 0.835405 0.604458 -0.907389 -0.645181
1 0.835668 0.604324 -0.907545 -0.645181
1 0.835466 0.605231 -0.909852 -0.638720
14 0.785604 0.526295 -0.940197 -0.499649
14 0.786036 0.525368 -0.939051 -0.501127
