15 0.732734 0.323014 -0.664691 -0.108125
15 0.730575 0.327722 -0.668996 -0.105633
15 0.729988 0.327256 -0.669850 -0.105446
15 0.733930 0.322203 -0.660274 -0.110847
15 0.733322 0.322929 -0.661366 -0.109263
15 0.729385 0.325971 -0.670931 -0.106451
17 1.124105 0.560030 0.607503 -0.261818
15 0.725240 0.327527 -0.664873 -0.106042
15 0.732367 0.323069 -0.671004 -0.109794
15 0.725450 0.327296 -0.665307 -0.104997
17 1.111414 0.559367 0.580767 -0.263039
15 0.731047 0.322922 -0.673422 -0.108265
8 0.147333 0.472774 0.097331 -0.313970
8 0.147837 0.471551 0.098172 -0.316019
17 1.120605 0.566544 0.596208 -0.267555
8 0.147382 0.469769 0.098558 -0.317832
8 0.148863 0.469683 0.100455 -0.316685
17 1.112208 0.567616 0.580199 -0.265371
8 0.148666 0.470597 0.099032 -0.318841
8 0.149120 0.470911 0.100032 -0.318189
8 0.146425 0.469461 0.100518 -0.308283
8 0.145130 0.468219 0.099051 -0.309666
8 0.145533 0.467104 0.099680 -0.314079
15 0.729847 0.324886 -0.658397 -0.108281
15 0.730135 0.324887 -0.658584 -0.109596
8 0.150496 0.467025 0.102070 -0.315698
8 0.150633 0.467008 0.102653 -0.318131
8 0.148756 0.469184 0.099595 -0.312498
15 0.744320 0.322583 -0.655656 -0.117673
15 0.743210 0.323667 -0.657233 -0.116519
15 0.726113 0.322905 -0.662814 -0.107002
15 0.726852 0.323281 -0.661630 -0.106424
15 0.727082 0.323043 -0.659977 -0.106553
8 0.148143 0.476348 0.101063 -0.316709
17 1.095967 0.571524 0.462813 -0.274875
8 0.146916 0.473589 0.098634 -0.322489
15 0.366406 0.437867 0.189684 -0.071653
15 0.366588 0.438958 0.188845 -0.071080
8 0.146921 0.475063 0.098911 -0.319027
15 0.366630 0.437556 0.193855 -0.069871
17 1.085469 0.571891 0.433514 -0.274641
15 0.734000 0.324173 -0.676682 -0.103487
15 0.177929 0.379720 0.118662 -0.150858
15 0.734027 0.324821 -0.676670 -0.102300
15 0.177082 0.378693 0.119137 -0.152871
17 1.063419 0.582387 0.396699 -0.242941
15 0.734041 0.324291 -0.675963 -0.104373
