8 0.415600 1.652358 -0.388310 -1.994438
8 0.416372 1.653753 -0.387493 -1.992660
8 0.285936 1.616828 -0.182654 -2.212922
8 0.286215 1.617607 -0.182388 -2.209612
8 0.274543 1.620310 -0.202256 -2.187904
8 0.276095 1.619144 -0.200492 -2.192598
8 0.276163 1.620182 -0.200612 -2.188649
8 0.288009 1.618822 -0.184625 -2.196187
8 0.390380 1.668008 -0.406181 -1.932515
8 0.285517 1.620105 -0.189492 -2.191546
8 0.288057 1.620424 -0.184622 -2.191761
8 0.416383 1.659517 -0.388720 -1.982148
8 0.425015 1.651985 -0.440922 -1.999403
8 0.416463 1.658852 -0.389380 -1.982951
8 0.295959 1.617688 -0.180064 -2.208971
8 0.422600 1.655709 -0.370480 -1.985347
8 0.391288 1.667407 -0.404950 -1.933552
8 0.425315 1.651655 -0.438472 -2.000588
8 0.298191 1.617076 -0.176315 -2.207973
8 0.392872 1.664714 -0.347823 -1.954628
8 0.424478 1.653978 -0.459187 -2.000195
8 0.281373 1.618671 -0.171757 -2.194478
8 0.280985 1.616655 -0.171680 -2.201131
8 0.423937 1.653130 -0.460436 -2.002759
8 0.393165 1.665391 -0.346805 -1.954928
8 0.387045 1.664427 -0.411998 -1.938029
8 0.422448 1.652849 -0.463209 -2.003173
8 0.414167 1.662976 -0.413039 -1.942852
8 0.417786 1.659455 -0.381794 -1.979890
8 0.390175 1.662418 -0.354171 -1.955307
8 0.415254 1.661211 -0.411406 -1.945009
8 0.298792 1.618855 -0.135565 -2.208706
8 0.389031 1.657628 -0.366880 -1.962584
8 0.213503 1.648317 -0.117930 -1.937316
8 0.213337 1.647418 -0.117386 -1.936088
8 0.388488 1.657983 -0.366654 -1.964965
8 0.426150 1.646770 -0.448709 -2.034771
8 0.425560 1.647318 -0.450573 -2.036624
8 0.429221 1.654473 -0.415875 -1.988576
10 0.350744 1.616603 -0.108387 -2.209009
10 0.448346 1.630203 -0.065784 -2.134631
