7 0.599737 0.950088 -0.852015 -1.094434
7 0.599608 0.950095 -0.851925 -1.093060
7 0.686040 1.218008 -0.097627 0.594080
7 0.685670 1.227747 -0.100078 0.612596
7 0.596588 0.952916 -0.852332 -1.087686
7 0.596354 0.953449 -0.853442 -1.087117
7 0.684406 1.202815 -0.106850 0.471650
7 0.684818 1.209567 -0.105260 0.485734
7 0.600504 0.956113 -0.850362 -1.095243
7 0.600690 0.953342 -0.850416 -1.100756
7 0.599253 0.954976 -0.852456 -1.096695
7 0.600835 0.953447 -0.848069 -1.098470
7 0.599168 0.953408 -0.850483 -1.098673
7 0.601141 0.947350 -0.846168 -1.087862
7 0.600862 0.952030 -0.847909 -1.102284
7 0.599887 0.945259 -0.848366 -1.091586
7 0.601228 0.947232 -0.846398 -1.090456
