0.084276 0.590303 0.114772 0.270221 0.757493 14
0.642829 0.410674 0.103340 0.323903 0.712759 14
0.179104 0.563589 0.131693 0.271259 0.702385 14
0.194058 0.389620 0.104560 0.220466 0.687577 14
0.457690 0.356046 0.169575 0.435386 0.663323 14
0.276366 0.504183 0.104124 0.184959 0.616685 14
0.886472 0.571120 0.229994 0.325952 0.583210 19
0.674104 0.642647 0.235110 0.244638 0.565937 14
0.351741 0.509456 0.066298 0.125014 0.557629 14
0.053459 0.426962 0.085626 0.155946 0.515883 14
0.413455 0.725379 0.868845 0.556020 0.511125 6
0.576609 0.526438 0.139665 0.212051 0.386499 14
0.018865 0.429867 0.035528 0.111805 0.272194 14
