0.482914 0.450498 0.102912 0.121271 0.695110 14
0.143048 0.635639 0.174857 0.492432 0.689657 4
0.878380 0.413004 0.247057 0.506602 0.640733 14
0.617643 0.641588 0.121708 0.283507 0.639749 4
0.706116 0.498465 0.047383 0.099513 0.573254 4
0.738446 0.455162 0.096058 0.164396 0.562806 14
0.134860 0.301435 0.270573 0.496544 0.505465 14
0.548878 0.450910 0.067868 0.103874 0.389480 14
0.359889 0.568045 0.162419 0.480314 0.291603 14
0.707171 0.822419 0.584577 0.351044 0.263259 10
0.362458 0.445906 0.159849 0.221186 0.262169 14
0.709244 0.547360 0.048135 0.183237 0.261576 4
