0.524419 0.430031 0.738234 0.800770 0.846624 6
0.918143 0.150224 0.086816 0.291318 0.803226 14
0.096438 0.271976 0.187654 0.538426 0.787556 14
0.306152 0.103553 0.100923 0.208238 0.684020 14
0.980720 0.132822 0.039891 0.260753 0.558436 14
0.230432 0.094464 0.070549 0.180987 0.488349 14
0.876418 0.137587 0.079057 0.279341 0.442741 14
0.813756 0.075456 0.047031 0.142386 0.346572 14
0.664508 0.023835 0.081028 0.047566 0.291738 14
0.525582 0.027997 0.045327 0.055547 0.266832 14
0.866391 0.079586 0.064649 0.159740 0.257623 14
