0.457063 0.427694 0.211537 0.221481 0.864951 15
0.266345 0.124969 0.162381 0.204761 0.802505 15
0.637270 0.679258 0.168905 0.256049 0.801705 15
0.894089 0.731341 0.120879 0.161414 0.760412 15
0.631811 0.435571 0.144000 0.185554 0.756862 15
0.269689 0.356285 0.185525 0.335544 0.752676 15
0.424196 0.146206 0.175652 0.270263 0.675025 15
0.237334 0.634978 0.184416 0.315107 0.661999 15
0.448689 0.678668 0.228802 0.273015 0.659572 15
0.833757 0.271272 0.234279 0.296536 0.630642 15
0.526308 0.924263 0.146490 0.154812 0.615077 15
0.836002 0.619897 0.227861 0.166097 0.583696 15
0.357200 0.916531 0.216276 0.164654 0.507464 15
0.727505 0.711700 0.058708 0.137275 0.483706 15
0.309820 0.739392 0.073119 0.121884 0.457421 15
0.673451 0.274210 0.281896 0.574445 0.363938 15
0.779345 0.750624 0.121745 0.154847 0.363072 15
0.389086 0.706188 0.107275 0.199596 0.322170 15
0.938678 0.846291 0.112702 0.108338 0.321616 15
0.514820 0.202839 0.072526 0.146547 0.305667 15
