0.419154 0.595919 0.142310 0.184046 0.736237 3
0.682007 0.288414 0.071516 0.075437 0.711756 3
0.841914 0.143634 0.077648 0.150246 0.656196 3
0.715833 0.194950 0.069751 0.063272 0.634960 3
0.187304 0.356247 0.168640 0.129434 0.613044 3
0.844383 0.197117 0.086221 0.054757 0.529901 3
0.783698 0.293135 0.078665 0.051109 0.519403 3
0.600886 0.289679 0.053743 0.083742 0.513670 3
0.952978 0.397457 0.095617 0.109284 0.439053 3
0.968626 0.113851 0.060789 0.229083 0.438492 3
0.296654 0.315695 0.069562 0.084212 0.417058 3
0.080843 0.163608 0.165435 0.092168 0.412198 3
0.966454 0.261293 0.067542 0.183829 0.289924 3
