0.719325 0.644894 0.151915 0.186009 0.901727 2
0.053212 0.382006 0.047051 0.105589 0.832812 2
0.436145 0.237325 0.068801 0.066590 0.823276 2
0.169016 0.421012 0.068271 0.100552 0.821453 2
0.371721 0.252894 0.037141 0.090569 0.819749 2
0.295294 0.261322 0.036249 0.091570 0.818723 2
0.244627 0.231134 0.043095 0.071601 0.814144 2
0.210473 0.304586 0.043752 0.094767 0.802935 2
0.623407 0.480616 0.095104 0.169657 0.785316 2
0.081939 0.279478 0.045766 0.080200 0.773790 2
0.413612 0.545241 0.180486 0.411715 0.768370 2
0.143503 0.350731 0.046013 0.092762 0.717022 2
0.518539 0.263269 0.050710 0.076691 0.680535 2
0.225794 0.536395 0.070860 0.169846 0.656161 2
0.766926 0.443069 0.068553 0.129219 0.649354 2
0.819021 0.349396 0.039898 0.097988 0.644555 2
0.032446 0.276757 0.043189 0.064316 0.631636 2
0.536786 0.328214 0.048462 0.070709 0.588957 2
0.559785 0.403605 0.083926 0.091172 0.528205 2
0.627879 0.300009 0.052483 0.083104 0.507686 2
0.318396 0.401875 0.061660 0.102012 0.499914 2
0.865784 0.416422 0.048820 0.089372 0.469202 2
0.662484 0.377798 0.076397 0.118993 0.411878 2
0.732327 0.380303 0.079922 0.103014 0.300380 2
