0.486013 0.377939 0.221544 0.543610 0.825620 14
0.337347 0.360322 0.112967 0.542590 0.801202 14
0.124783 0.391708 0.183229 0.569701 0.782984 14
0.509902 0.740980 0.198188 0.372797 0.659027 7
0.657027 0.342131 0.111095 0.560978 0.624399 14
0.571867 0.231947 0.102381 0.264987 0.572885 14
0.203587 0.361709 0.118125 0.564071 0.538945 14
0.821991 0.338621 0.285026 0.656025 0.491534 14
0.378671 0.143259 0.037910 0.079094 0.390717 14
0.036310 0.220919 0.068732 0.185055 0.381030 14
0.032161 0.321143 0.065412 0.408700 0.350557 14
0.469070 0.129505 0.080745 0.119499 0.281865 14
