0.575915 0.651093 0.133478 0.299014 0.687164 1
0.630386 0.476665 0.149763 0.563056 0.681581 14
0.875132 0.242251 0.077602 0.151844 0.678318 14
0.070588 0.424571 0.081662 0.177645 0.601402 1
0.871843 0.626858 0.231355 0.737901 0.541550 14
0.871910 0.627648 0.232409 0.738235 0.494007 12
0.271863 0.431502 0.432628 0.774483 0.474778 14
0.518969 0.404385 0.080756 0.151374 0.442076 1
0.446450 0.321036 0.117887 0.320521 0.416852 14
0.956137 0.308575 0.083990 0.141447 0.401959 14
0.128288 0.259384 0.031908 0.089148 0.385726 14
0.712511 0.369949 0.071085 0.199407 0.363193 14
0.784182 0.343253 0.066205 0.195384 0.348508 14
0.363797 0.252522 0.067907 0.101017 0.307679 14
0.281609 0.586355 0.517187 0.920214 0.291917 12
