0.124193 0.161407 0.139626 0.308729 0.801494 3
0.939285 0.107090 0.122252 0.205924 0.677502 3
0.460334 0.057642 0.076340 0.104018 0.638696 3
0.655652 0.244312 0.100268 0.084491 0.549673 3
0.776624 0.213627 0.127042 0.130519 0.521851 3
0.455688 0.089641 0.081585 0.043341 0.503391 3
0.340100 0.130444 0.070869 0.247791 0.462569 3
0.500383 0.169850 0.040757 0.045421 0.461652 3
0.602893 0.040242 0.096945 0.074678 0.442587 3
0.531192 0.450111 0.219503 0.616013 0.289691 3
0.158923 0.094812 0.052134 0.053163 0.286274 3
0.581120 0.133062 0.050979 0.029323 0.276724 3
0.605836 0.060544 0.085657 0.037291 0.253939 3
0.761350 0.048770 0.148873 0.091868 0.253486 3
