0.122899 0.702334 0.192991 0.366046 0.918529 14
0.944474 0.658570 0.102901 0.225017 0.872588 14
0.352317 0.635628 0.073361 0.163555 0.859034 14
0.290871 0.612502 0.042906 0.101559 0.706224 14
0.400750 0.620427 0.047185 0.123280 0.631643 14
0.215937 0.616579 0.050548 0.123831 0.603119 14
0.865615 0.605857 0.057056 0.097971 0.584255 14
0.625520 0.511242 0.071727 0.223835 0.503128 14
0.456276 0.590437 0.024255 0.062244 0.454965 14
0.719615 0.592976 0.057009 0.061559 0.313434 14
0.502746 0.592269 0.024922 0.058854 0.302692 14
0.444592 0.591629 0.036021 0.061754 0.251675 14
