0.929070 0.730594 0.137743 0.217153 0.819770 1
0.271358 0.622520 0.099813 0.312680 0.814685 14
0.770549 0.620906 0.084163 0.278749 0.804931 14
0.279406 0.729225 0.123046 0.253913 0.796848 1
0.510433 0.615903 0.129239 0.294902 0.794601 14
0.953624 0.638767 0.087641 0.319102 0.784111 14
0.796955 0.700948 0.115364 0.181132 0.774401 1
0.480969 0.712398 0.162734 0.218526 0.749539 1
0.647850 0.633078 0.100219 0.302999 0.744288 14
0.358137 0.588754 0.053922 0.176641 0.634601 14
0.653622 0.700148 0.111391 0.199648 0.562162 1
0.337407 0.665351 0.076551 0.156740 0.529360 1
0.391220 0.620412 0.081201 0.106183 0.397164 1
0.722165 0.196054 0.034297 0.059025 0.263097 2
