0.673860 0.721278 0.112065 0.217527 0.860615 1
0.365852 0.665971 0.118965 0.216032 0.789697 1
0.521349 0.686083 0.116008 0.231559 0.782484 1
0.235575 0.632253 0.153805 0.230714 0.776013 1
0.675351 0.622064 0.114472 0.363446 0.761862 14
0.366460 0.577133 0.113560 0.348873 0.753420 14
0.414218 0.552713 0.093769 0.385987 0.708101 14
0.533690 0.584433 0.140504 0.403988 0.693639 14
0.273186 0.542553 0.084392 0.357172 0.665473 14
0.728377 0.602818 0.124603 0.418439 0.605892 14
0.227509 0.543712 0.144831 0.349031 0.527887 14
0.537285 0.384883 0.043623 0.089580 0.463929 14
