0.208397 0.311330 0.175664 0.160435 0.786053 15
0.683331 0.250213 0.269100 0.251335 0.762224 15
0.745228 0.594990 0.152219 0.218317 0.723827 15
0.525231 0.594070 0.144638 0.195749 0.669400 15
0.878095 0.331072 0.098288 0.260654 0.617329 15
0.049836 0.114223 0.102848 0.136427 0.597731 19
0.142081 0.513535 0.177425 0.270612 0.588279 15
0.625306 0.525119 0.125614 0.175783 0.477703 15
0.230855 0.596961 0.118031 0.138470 0.473949 15
0.618126 0.566058 0.098528 0.092612 0.317319 15
0.421727 0.193904 0.252059 0.385818 0.303029 15
