0.139612 0.884597 0.117107 0.229652 0.754393 8
0.442106 0.902955 0.216243 0.193841 0.741534 8
0.763352 0.933641 0.197771 0.133686 0.626327 8
0.787683 0.792404 0.071159 0.100869 0.583330 8
0.211039 0.780582 0.058157 0.122774 0.509430 8
0.278053 0.705256 0.081816 0.076680 0.500837 15
0.054467 0.902587 0.108827 0.189398 0.468242 8
0.557463 0.718312 0.050206 0.099243 0.445173 14
0.961272 0.699492 0.075802 0.197514 0.444882 14
0.293291 0.802473 0.102570 0.139450 0.429836 8
0.179865 0.785560 0.085266 0.125829 0.426406 8
0.135459 0.757895 0.061612 0.063153 0.405066 8
0.629491 0.934672 0.422928 0.132724 0.400602 10
0.739390 0.739144 0.052164 0.154249 0.387258 14
0.624561 0.810583 0.090392 0.130625 0.336996 8
0.094906 0.888261 0.192341 0.216271 0.328196 10
0.188846 0.696778 0.039348 0.077835 0.313058 14
0.304636 0.805025 0.103196 0.133117 0.293516 10
0.967395 0.806463 0.063405 0.380618 0.256804 14
