0.160254 0.772327 0.325310 0.476046 0.790618 14
0.672072 0.585986 0.121982 0.271757 0.701867 14
0.339925 0.620528 0.098205 0.219684 0.622664 14
0.581764 0.577796 0.125246 0.254433 0.605393 14
0.888573 0.726046 0.184456 0.547181 0.598407 14
0.630485 0.735968 0.045466 0.174388 0.539467 4
0.862796 0.473492 0.278115 0.396178 0.497204 14
0.585989 0.866823 0.571315 0.262240 0.492453 10
0.758240 0.656663 0.169228 0.398195 0.471657 14
0.235893 0.715355 0.217194 0.353633 0.432473 14
0.200078 0.611524 0.126873 0.217327 0.285350 14
