0.684259 0.737545 0.208895 0.523005 0.869525 14
0.603785 0.813607 0.255376 0.362569 0.826726 14
0.557147 0.358643 0.165739 0.285488 0.792398 14
0.419109 0.627898 0.185062 0.628903 0.739275 14
0.703214 0.376609 0.142119 0.261214 0.729632 14
0.273280 0.684678 0.176397 0.681567 0.684177 14
0.107313 0.638878 0.172919 0.638786 0.627717 14
0.835105 0.687937 0.247069 0.692070 0.605567 14
0.338801 0.358674 0.119236 0.219545 0.545827 14
0.562116 0.580181 0.168045 0.356729 0.510358 14
0.873708 0.552603 0.157980 0.599930 0.386319 14
