0.064768 0.697003 0.128276 0.170562 0.883764 6
0.634185 0.698163 0.097971 0.079370 0.847052 6
0.543988 0.697568 0.111916 0.097375 0.842877 6
0.707992 0.697332 0.086348 0.078098 0.811278 6
0.401708 0.688929 0.157869 0.141859 0.766108 6
0.779579 0.691824 0.054506 0.127259 0.759297 14
0.302277 0.812284 0.212055 0.376724 0.758361 14
0.168962 0.711352 0.136231 0.131435 0.756348 6
0.844917 0.681044 0.075554 0.079569 0.657465 6
0.321013 0.478779 0.031106 0.108024 0.630147 14
0.374512 0.387974 0.774876 0.308507 0.373894 18
0.781828 0.690464 0.057510 0.120011 0.277940 6
0.331686 0.689566 0.176182 0.147283 0.267502 6
0.208064 0.699254 0.124090 0.103158 0.259635 6
