0.863652 0.284569 0.056301 0.195015 0.731559 14
0.219004 0.269226 0.054464 0.101061 0.726395 14
0.289383 0.264959 0.067023 0.106007 0.708598 14
0.343161 0.259307 0.060231 0.106239 0.694141 14
0.931449 0.308579 0.106979 0.319611 0.683162 14
0.672163 0.287252 0.104884 0.221835 0.472995 14
0.969696 0.382294 0.062476 0.443493 0.455501 14
0.173608 0.291674 0.047970 0.108197 0.396089 14
0.094141 0.266254 0.060603 0.124613 0.338044 15
0.075392 0.391415 0.132455 0.184066 0.300463 6
0.382373 0.619480 0.733086 0.619116 0.285231 6
0.870375 0.452902 0.141932 0.176705 0.271588 8
