0.535349 0.571534 0.270709 0.699548 0.880157 14
0.731081 0.877643 0.143556 0.121982 0.858979 2
0.273431 0.339547 0.094413 0.255332 0.846529 14
0.060041 0.334108 0.107897 0.271669 0.835437 14
0.448274 0.867066 0.106327 0.136915 0.753033 2
0.603997 0.868705 0.045201 0.092874 0.750660 2
0.862413 0.864354 0.112582 0.146881 0.694146 2
0.631774 0.791354 0.134732 0.088350 0.686206 2
0.913895 0.853053 0.176734 0.169428 0.625721 2
0.229143 0.728233 0.402501 0.401449 0.383274 13
0.640654 0.676093 0.114920 0.100255 0.349150 11
