0.131190 0.212633 0.119042 0.264715 0.797705 14
0.732328 0.653383 0.453653 0.712797 0.683998 14
0.107103 0.423377 0.029192 0.073024 0.617398 4
0.575157 0.205867 0.093179 0.163077 0.584240 8
0.430107 0.578647 0.452254 0.799451 0.491605 14
0.238045 0.468518 0.268189 0.496698 0.477077 14
0.256912 0.118566 0.091196 0.180007 0.463790 14
0.350388 0.113796 0.106143 0.225754 0.462078 14
0.223448 0.176240 0.144102 0.235666 0.422114 14
0.041790 0.365768 0.082596 0.182342 0.328846 8
0.026799 0.171487 0.055280 0.191883 0.251456 14
