0.125988 0.450790 0.112424 0.268751 0.758108 14
0.291134 0.610294 0.289808 0.358149 0.635024 13
0.832994 0.393474 0.049798 0.149027 0.573939 14
0.882441 0.390969 0.064410 0.155293 0.547990 14
0.927991 0.366463 0.055730 0.143052 0.537421 14
0.884533 0.441663 0.094164 0.160418 0.501922 13
0.968547 0.409748 0.063170 0.136497 0.471556 13
0.101823 0.663891 0.205664 0.398803 0.463502 13
0.688241 0.505791 0.293177 0.272528 0.430675 13
0.785817 0.386665 0.045503 0.076423 0.355927 14
0.831386 0.287587 0.047636 0.074126 0.350555 15
