0.340602 0.930360 0.061069 0.141549 0.911054 4
0.737912 0.662093 0.520667 0.677015 0.810566 14
0.399157 0.933093 0.057729 0.133041 0.803449 4
0.124707 0.635902 0.248708 0.703253 0.778311 14
0.654093 0.463760 0.225686 0.395556 0.748782 14
0.228335 0.453568 0.163091 0.340301 0.723913 14
0.150996 0.262255 0.098840 0.117122 0.618351 14
0.690196 0.117017 0.055272 0.174907 0.523422 14
0.358613 0.598021 0.055632 0.179396 0.406972 4
0.508665 0.607548 0.067937 0.212996 0.386966 4
0.415887 0.599746 0.043112 0.148982 0.257067 4
