0.488275 0.681879 0.228235 0.547363 0.822723 14
0.773176 0.601999 0.411587 0.778854 0.759229 14
0.240431 0.731380 0.298450 0.497853 0.709593 8
0.195315 0.392716 0.087274 0.185572 0.632844 8
0.292954 0.629599 0.218067 0.583709 0.629986 14
0.034730 0.311005 0.070701 0.384416 0.547281 14
0.607704 0.557702 0.025125 0.068820 0.397740 4
0.224340 0.226320 0.123059 0.236786 0.381720 14
0.351751 0.041904 0.056001 0.069445 0.328739 14
0.159254 0.644175 0.140386 0.343080 0.290297 8
0.139240 0.130502 0.079852 0.256719 0.274606 14
0.167530 0.261707 0.030910 0.072606 0.257683 4
