0.226805 0.257478 0.142357 0.211207 0.812480 14
0.746146 0.353508 0.210884 0.370286 0.750606 14
0.501882 0.288143 0.128333 0.248891 0.713398 14
0.303471 0.359823 0.034144 0.147818 0.709977 4
0.396640 0.375709 0.041497 0.146859 0.706786 4
0.603274 0.303317 0.153502 0.286958 0.702658 14
0.163922 0.832847 0.333393 0.344577 0.694899 8
0.445844 0.439807 0.047279 0.170296 0.671730 4
0.503945 0.467153 0.052609 0.200028 0.621857 4
0.148587 0.530209 0.291714 0.635545 0.619308 14
0.758264 0.806936 0.465879 0.381593 0.422536 8
0.834311 0.491576 0.328790 0.668495 0.383102 14
0.192118 0.343010 0.027998 0.090914 0.372492 4
0.232703 0.345582 0.028784 0.091246 0.356589 4
0.337887 0.359171 0.042569 0.156163 0.257768 4
