0.840075 0.695831 0.329384 0.569083 0.786209 14
0.398948 0.409872 0.144723 0.256440 0.781075 14
0.634792 0.509692 0.209462 0.411505 0.663818 14
0.531870 0.521212 0.171383 0.358727 0.661872 14
0.184317 0.474370 0.108275 0.221582 0.621094 14
0.465969 0.685814 0.046585 0.181729 0.619706 4
0.112159 0.641749 0.225121 0.522491 0.561317 14
0.608147 0.834034 0.722807 0.331303 0.440462 10
0.879910 0.312813 0.072221 0.124627 0.328959 14
0.114341 0.867599 0.220923 0.224400 0.309191 19
0.739690 0.394266 0.106259 0.153911 0.265082 14
