0.669492 0.061174 0.094338 0.122835 0.788884 14
0.896094 0.129563 0.118370 0.265658 0.749482 14
0.135045 0.517056 0.269668 0.576734 0.747581 14
0.761380 0.066075 0.066222 0.134698 0.703844 14
0.113969 0.232577 0.227375 0.459858 0.661274 14
0.302183 0.332441 0.215506 0.559140 0.645523 14
0.824928 0.060377 0.071166 0.120617 0.497973 14
0.955052 0.105152 0.065064 0.206825 0.425820 14
0.762218 0.622596 0.475974 0.649181 0.401874 14
0.457768 0.017780 0.053091 0.035672 0.289892 14
0.560386 0.019572 0.067316 0.038531 0.288715 14
