0.065547 0.279016 0.131843 0.271642 0.798182 6
0.408919 0.423575 0.253698 0.344377 0.683661 14
0.780886 0.738697 0.403472 0.519475 0.680607 14
0.151254 0.154686 0.092578 0.080934 0.646784 6
0.677766 0.550157 0.123198 0.252013 0.642427 14
0.211839 0.169182 0.206069 0.099541 0.632028 6
0.489560 0.859111 0.286674 0.286670 0.551681 14
0.042412 0.167361 0.084757 0.070973 0.502010 6
0.139878 0.589156 0.274562 0.681270 0.462950 14
0.383333 0.172286 0.242434 0.070278 0.395105 6
0.284856 0.182028 0.092986 0.085697 0.315324 6
