0.681960 0.842293 0.213689 0.209573 0.860173 1
0.332812 0.838084 0.188545 0.219279 0.797976 1
0.314170 0.757009 0.061987 0.299786 0.783914 14
0.822281 0.836066 0.169251 0.204939 0.770487 1
0.428474 0.756076 0.089219 0.256329 0.764623 14
0.703197 0.771105 0.145284 0.302759 0.736700 14
0.802063 0.756403 0.085510 0.275674 0.650546 14
0.422973 0.826540 0.172728 0.198569 0.522636 1
0.482647 0.805400 0.072527 0.194758 0.358368 1
0.618807 0.437159 0.053004 0.206872 0.352089 4
0.484009 0.800104 0.067173 0.186063 0.300892 14
