0.492773 0.192725 0.065468 0.158886 0.762145 14
0.595543 0.174893 0.085952 0.141377 0.757986 14
0.394256 0.230666 0.112303 0.149762 0.718778 14
0.361334 0.395573 0.206852 0.301619 0.669104 14
0.534064 0.399196 0.045380 0.173080 0.654743 4
0.726330 0.270305 0.122059 0.237583 0.643939 14
0.781000 0.380638 0.161220 0.255876 0.626842 14
0.277008 0.262679 0.106313 0.191282 0.603066 14
0.790129 0.585065 0.402709 0.594653 0.489500 14
0.173763 0.625578 0.345725 0.703715 0.397856 14
0.569171 0.230502 0.027262 0.079932 0.251111 4
