0.532270 0.159480 0.074873 0.320929 0.806631 4
0.633300 0.177053 0.083802 0.349376 0.742567 4
0.251498 0.415920 0.066900 0.255859 0.723528 4
0.460794 0.159093 0.076631 0.282795 0.704753 4
0.312257 0.420279 0.064418 0.261685 0.703871 4
0.173684 0.621238 0.090493 0.346658 0.702179 4
0.392035 0.159367 0.069995 0.287079 0.693169 4
0.338151 0.646635 0.084778 0.364301 0.684532 4
0.237744 0.175832 0.059809 0.259358 0.673003 4
0.537069 0.426838 0.077300 0.306579 0.672340 4
0.251697 0.629387 0.068100 0.342462 0.661307 4
0.461636 0.621865 0.077658 0.286656 0.651171 4
0.613753 0.451253 0.079086 0.343867 0.625113 4
0.086413 0.197371 0.072307 0.299164 0.597208 4
0.479698 0.426421 0.064465 0.293004 0.573949 4
0.408211 0.749499 0.080105 0.272014 0.567932 4
0.281313 0.175026 0.058616 0.268215 0.564301 4
0.328031 0.166733 0.063195 0.286016 0.544303 4
0.151478 0.392687 0.063258 0.201558 0.542419 4
0.718699 0.180454 0.085970 0.364898 0.539360 4
0.203063 0.409825 0.057150 0.228076 0.530535 4
0.505312 0.804147 0.091669 0.335521 0.519335 4
0.415157 0.431958 0.079993 0.279711 0.502374 4
0.360499 0.402814 0.059916 0.222556 0.458202 4
0.881347 0.215504 0.235050 0.432733 0.452786 14
0.690207 0.453585 0.084068 0.343153 0.406303 4
0.167035 0.161009 0.091772 0.306000 0.398990 4
0.612029 0.718147 0.110171 0.421310 0.356589 4
