0.514274 0.511633 0.688482 0.279759 0.912983 6
0.171121 0.428323 0.083747 0.257947 0.852804 14
0.390872 0.372949 0.066016 0.178987 0.835302 14
0.441743 0.352183 0.048615 0.121925 0.757361 14
0.734785 0.355505 0.113953 0.066018 0.725561 6
0.603000 0.324371 0.074997 0.109647 0.716833 14
0.277383 0.371347 0.075372 0.205025 0.672761 14
0.062627 0.391165 0.058947 0.182325 0.601956 14
0.570436 0.442572 0.062014 0.055300 0.565554 14
0.843608 0.347261 0.036926 0.078950 0.491419 14
0.108210 0.383478 0.052323 0.181460 0.490663 14
0.221695 0.344243 0.065180 0.081667 0.476088 6
0.806120 0.343094 0.034165 0.077159 0.428803 14
