0.083930 0.722070 0.103164 0.100451 0.808933 2
0.200650 0.366318 0.071042 0.073625 0.795718 2
0.163716 0.309848 0.068594 0.042550 0.647635 2
0.468269 0.557020 0.074891 0.195057 0.621563 14
0.343592 0.470292 0.095034 0.162858 0.614558 2
0.536590 0.228857 0.096627 0.103073 0.585068 11
0.740427 0.438544 0.088862 0.075322 0.565570 2
0.547837 0.494656 0.099032 0.057678 0.482712 2
0.732581 0.612750 0.196001 0.113597 0.420583 2
0.159687 0.034274 0.021644 0.051175 0.414066 14
0.445927 0.234541 0.048151 0.034950 0.409047 2
0.740427 0.438544 0.088862 0.075322 0.386054 11
0.570928 0.409359 0.030642 0.056460 0.357187 2
0.651270 0.210005 0.043915 0.072399 0.321392 11
0.192226 0.034925 0.019922 0.050738 0.297973 14
0.531770 0.230139 0.104647 0.106011 0.286934 7
0.468090 0.553644 0.076890 0.182890 0.278004 2
