0.723607 0.385817 0.050364 0.159467 0.826649 14
0.857985 0.379587 0.060155 0.169109 0.775153 14
0.228465 0.498139 0.107042 0.341421 0.769190 14
0.667665 0.389413 0.048876 0.170220 0.763244 14
0.300904 0.378620 0.027559 0.087397 0.661115 14
0.331018 0.374014 0.025885 0.090338 0.633158 14
0.125190 0.402017 0.030968 0.080511 0.535321 14
0.274972 0.381894 0.032027 0.083924 0.460743 14
0.727819 0.751177 0.499227 0.491229 0.344082 1
0.246266 0.353254 0.037085 0.071752 0.305041 14
0.257938 0.373894 0.047746 0.094087 0.250657 14
