0.046223 0.258598 0.093809 0.103435 0.785771 6
0.909001 0.203914 0.035922 0.084775 0.694405 14
0.398803 0.235427 0.036768 0.046453 0.620853 14
0.526669 0.197405 0.036775 0.087329 0.584127 14
0.655752 0.195564 0.029678 0.075867 0.482915 14
0.696963 0.194508 0.054851 0.088675 0.437984 14
0.567126 0.202952 0.033111 0.070593 0.409661 14
0.602307 0.196085 0.031582 0.070064 0.377597 14
0.470924 0.193621 0.034532 0.079112 0.359668 14
0.432401 0.207259 0.041577 0.084040 0.287501 14
0.422928 0.536727 0.876684 0.639785 0.278597 6
0.626517 0.194987 0.028829 0.070165 0.270149 14
