0.869929 0.244555 0.230471 0.412998 0.917826 14
0.386501 0.269586 0.171553 0.363604 0.782245 14
0.467923 0.777091 0.356215 0.322030 0.766375 14
0.592920 0.273337 0.361297 0.347058 0.683445 14
0.186319 0.750334 0.304505 0.370823 0.678832 14
0.273958 0.286381 0.136338 0.337501 0.653283 14
0.647517 0.824688 0.127747 0.209469 0.650199 14
0.141608 0.362659 0.252213 0.296049 0.649485 14
0.821863 0.752277 0.278783 0.371020 0.593281 14
0.656613 0.767735 0.188954 0.287579 0.423820 14
0.375108 0.734761 0.148128 0.219596 0.394406 14
