0.223152 0.285004 0.078414 0.245546 0.853176 14
0.145783 0.407412 0.084765 0.109767 0.766389 14
0.030130 0.449501 0.057310 0.188492 0.738324 14
0.304506 0.260561 0.073837 0.193156 0.727184 14
0.743385 0.288556 0.094816 0.226516 0.724573 14
0.212750 0.389634 0.066536 0.082505 0.689887 14
0.597232 0.252567 0.061264 0.088926 0.680630 14
0.837010 0.337668 0.075136 0.157912 0.675029 14
0.111456 0.344648 0.068034 0.138968 0.607219 14
0.897630 0.330615 0.080436 0.198799 0.497363 14
0.297170 0.321461 0.066611 0.130382 0.380052 14
0.475852 0.391184 0.077616 0.090700 0.303062 14
0.376477 0.555992 0.868085 0.593248 0.281607 6
0.015666 0.277771 0.031150 0.182291 0.281080 14
0.679015 0.380604 0.053227 0.066228 0.264305 14
