0.777305 0.473015 0.209621 0.220281 0.913170 6
0.455449 0.573004 0.308286 0.268954 0.900824 6
0.284007 0.265162 0.151692 0.147704 0.891582 6
0.661347 0.081903 0.093211 0.091323 0.843741 6
0.917029 0.197558 0.134386 0.143657 0.787534 6
0.931898 0.254935 0.134318 0.166116 0.750675 6
0.717714 0.256309 0.126096 0.157325 0.748895 6
0.529913 0.198758 0.137646 0.175779 0.733090 6
0.662215 0.292468 0.155483 0.153688 0.711185 6
0.390762 0.329355 0.174048 0.181195 0.670558 6
0.416694 0.030679 0.104495 0.062570 0.660310 6
0.830442 0.044185 0.094986 0.085422 0.658730 6
0.272318 0.043369 0.049327 0.092565 0.558199 14
0.187812 0.042967 0.102923 0.083453 0.530967 6
0.414140 0.458026 0.217023 0.149703 0.366406 6
0.571531 0.139231 0.121867 0.093657 0.327979 6
0.976005 0.131982 0.048787 0.160635 0.320474 6
0.295323 0.042212 0.031955 0.087810 0.303820 14
0.113032 0.063983 0.115537 0.120743 0.269854 6
