0.047975 0.868917 0.097718 0.265164 0.810502 14
0.227889 0.619072 0.080274 0.275695 0.772457 14
0.168397 0.624788 0.059879 0.265136 0.764321 14
0.045183 0.661040 0.088590 0.407601 0.691496 14
0.922769 0.683009 0.072101 0.097559 0.634775 14
0.310960 0.621381 0.079130 0.262512 0.628320 14
0.779186 0.570588 0.076565 0.076596 0.613366 14
0.974019 0.652955 0.050320 0.182505 0.611398 14
0.854846 0.599766 0.054934 0.105750 0.607580 14
0.375311 0.617178 0.098513 0.258242 0.548869 14
0.897111 0.604550 0.036670 0.100206 0.370506 14
0.941407 0.559432 0.030888 0.059217 0.349515 14
0.931400 0.638624 0.061552 0.127348 0.307492 14
0.416034 0.865112 0.648979 0.266748 0.253398 6
