0.852157 0.164991 0.077416 0.081230 0.722792 14
0.482343 0.357132 0.097556 0.189920 0.657312 14
0.912447 0.171617 0.059063 0.067610 0.651414 14
0.419194 0.370613 0.099712 0.195381 0.527588 14
0.926834 0.367579 0.022109 0.063059 0.493865 4
0.784107 0.644668 0.344729 0.629174 0.458748 14
0.218040 0.307534 0.392328 0.532731 0.447845 14
0.144495 0.704597 0.289768 0.598967 0.409876 14
0.652748 0.393219 0.124198 0.244556 0.344768 14
0.559649 0.468266 0.025636 0.093613 0.317560 4
0.429206 0.772793 0.721148 0.447382 0.285097 10
