0 0.595988 1.040957 -0.134081 -0.569193
0 0.595792 1.045043 -0.135648 -0.562107
0 0.597095 1.043200 -0.132743 -0.563198
0 0.407645 1.058277 -0.181668 -0.480533
0 0.408258 1.057229 -0.180954 -0.483145
0 0.407741 1.057011 -0.179728 -0.487297
0 0.410375 1.048221 -0.173859 -0.467224
0 0.410500 1.051997 -0.176093 -0.460593
0 0.416100 1.057028 -0.185851 -0.494619
0 0.409640 1.051477 -0.176345 -0.462328
0 0.417043 1.057101 -0.184340 -0.496380
0 0.621955 1.055948 -0.051164 -0.524971
0 0.620501 1.057404 -0.053472 -0.520587
0 0.623284 1.057779 -0.046315 -0.524980
0 0.417846 1.056989 -0.182972 -0.498237
0 0.544027 1.044285 -0.468458 -0.535935
0 0.544272 1.042037 -0.467826 -0.543087
0 0.546375 1.045398 -0.467002 -0.539913
0 0.585981 1.036391 -0.144348 -0.617277
0 0.585093 1.039874 -0.147730 -0.611294
0 0.433419 1.059814 -0.171523 -0.431930
0 0.588162 1.036494 -0.140718 -0.616237
0 0.432338 1.055300 -0.171724 -0.437685
0 0.431933 1.055469 -0.171436 -0.437064
0 0.584600 1.044939 -0.231455 -0.555252
0 0.584248 1.045396 -0.227777 -0.558962
0 0.584413 1.046484 -0.235207 -0.548351
0 0.536275 1.017289 -0.531988 -0.534014
0 0.420344 0.605658 -0.354168 -0.752912
0 0.471117 0.637936 -0.617968 -0.722407
0 0.471302 0.638150 -0.617665 -0.722001
0 0.425547 0.605963 -0.359658 -0.743138
0 0.420066 0.605212 -0.354692 -0.755633
0 0.537314 1.014191 -0.529944 -0.540714
0 0.426572 0.605709 -0.358927 -0.743538
0 0.538178 1.015732 -0.528286 -0.536030
0 0.587587 1.047549 -0.166075 -0.504016
0 0.470567 0.632780 -0.617792 -0.719671
0 0.470841 0.632100 -0.617941 -0.720487
0 0.586266 1.048930 -0.171921 -0.502078
0 0.588024 1.048422 -0.165927 -0.503720
0 0.464789 0.629731 -0.633507 -0.727832
0 0.465124 0.629189 -0.632861 -0.728618
0 0.464800 0.629212 -0.633869 -0.728450
0 0.466067 0.638984 -0.627049 -0.719831
