0 0.375176 0.868969 -0.377758 0.229563
0 0.374495 0.869676 -0.378419 0.230316
0 0.379921 0.908754 -0.373124 0.240375
0 0.379144 0.897075 -0.374201 0.224554
0 0.387530 0.936632 -0.365394 0.272469
0 0.637092 1.115102 0.136396 -0.053625
0 0.389421 0.872113 -0.368410 0.233275
0 0.637704 1.114407 0.137727 -0.052028
0 0.389478 0.869928 -0.369475 0.229305
0 0.650572 1.135489 0.135498 -0.048072
0 0.650583 1.094579 0.133790 -0.104076
0 0.650417 1.132646 0.136345 -0.052637
0 0.620725 1.129381 0.118711 -0.068000
0 0.650654 1.094202 0.137795 -0.101580
0 0.621006 1.127526 0.119602 -0.072091
0 0.393220 0.873723 -0.361929 0.234910
0 0.394021 0.939208 -0.356739 0.277379
0 0.650703 1.072556 0.136425 -0.140509
0 0.388028 0.911179 -0.366061 0.230751
0 0.388054 0.869802 -0.362880 0.231278
0 0.391186 0.911936 -0.357904 0.246828
0 0.637847 1.078466 0.138866 -0.127315
0 0.390485 0.899495 -0.358317 0.236160
