0 0.529346 0.624634 -0.795168 -0.520984
0 0.529248 0.623332 -0.794655 -0.522317
0 0.529370 0.624199 -0.794837 -0.522262
0 0.528764 0.621456 -0.798806 -0.525641
0 0.529109 0.622567 -0.798866 -0.523016
0 0.478117 0.739614 -0.646063 -0.535312
0 0.476482 0.736936 -0.645675 -0.510508
0 0.529098 0.627318 -0.800108 -0.518542
0 0.478535 0.737303 -0.644844 -0.538294
0 0.476732 0.738690 -0.645071 -0.508407
0 0.528913 0.626893 -0.800169 -0.518186
0 0.528731 0.628304 -0.799685 -0.516394
0 0.425337 0.801921 -0.482124 -0.603555
0 0.426087 0.800391 -0.480858 -0.606732
0 0.475824 0.739642 -0.648201 -0.521082
0 0.476197 0.732522 -0.648644 -0.548122
0 0.475997 0.733296 -0.648478 -0.547066
0 0.475576 0.737308 -0.648765 -0.525930
0 0.426227 0.797768 -0.480304 -0.592635
0 0.426205 0.798634 -0.480585 -0.591228
0 0.528328 0.625135 -0.797547 -0.519782
0 0.527878 0.624887 -0.798222 -0.519695
0 0.476048 0.728699 -0.648939 -0.556485
0 0.424047 0.808514 -0.485552 -0.603433
0 0.424568 0.808725 -0.484185 -0.601307
0 0.478137 0.730833 -0.645558 -0.553738
0 0.420969 0.795430 -0.490491 -0.594837
0 0.292092 0.967250 0.200565 -1.001428
0 0.422311 0.798530 -0.487774 -0.589687
0 0.290886 0.966831 0.197686 -1.001419
0 0.290888 0.967734 0.199148 -1.000441
0 0.290308 0.982023 0.217408 -0.986806
0 0.508795 0.804775 -0.319319 -0.613697
0 0.476606 0.727660 -0.648888 -0.511761
0 0.477032 0.729369 -0.648389 -0.511131
0 0.531421 0.629942 -0.802341 -0.515383
0 0.283656 0.966739 0.190427 -1.009727
0 0.531658 0.630184 -0.802179 -0.515625
0 0.283066 0.966682 0.189392 -1.010506
0 0.476623 0.732606 -0.644407 -0.493357
0 0.479321 0.732355 -0.648919 -0.518319
0 0.283244 0.967247 0.191000 -1.011519
0 0.526785 0.627183 -0.797871 -0.515206
0 0.428357 0.821141 -0.477840 -0.581058
0 0.479761 0.731967 -0.648311 -0.519070
0 0.526919 0.625798 -0.797521 -0.518791
0 0.527363 0.628280 -0.796487 -0.513549
0 0.477996 0.734337 -0.641379 -0.492992
0 0.433717 0.802666 -0.458007 -0.600451
0 0.427959 0.798365 -0.460655 -0.595997
0 0.428217 0.822311 -0.478053 -0.580072
0 0.430027 0.798853 -0.457194 -0.594187
0 0.281476 0.970187 0.189439 -0.991085
0 0.476349 0.741240 -0.632738 -0.510649
0 0.328177 0.742032 -0.268371 -0.565013
0 0.280005 0.968642 0.187111 -0.994326
0 0.476631 0.714875 -0.649372 -0.530534
0 0.327559 0.743558 -0.269193 -0.561870
0 0.476391 0.740901 -0.632773 -0.510211
0 0.279844 0.968461 0.188807 -0.993896
0 0.335795 0.746582 -0.266591 -0.583474
0 0.337009 0.747420 -0.264981 -0.581491
0 0.300674 0.748017 -0.281445 -0.547770
0 0.474193 0.740653 -0.647909 -0.554747
0 0.300344 0.748999 -0.281196 -0.547823
0 0.529721 0.623470 -0.787847 -0.522768
0 0.530895 0.623792 -0.785572 -0.522005
0 0.474273 0.740318 -0.647349 -0.555041
0 0.528896 0.626644 -0.801479 -0.518539
0 0.528837 0.627886 -0.801775 -0.515591
0 0.529141 0.628535 -0.800306 -0.514764
0 0.298566 0.744197 -0.288888 -0.580114
0 0.507566 0.799268 -0.263064 -0.597107
0 0.298083 0.743809 -0.289230 -0.581821
0 0.429376 0.826660 -0.482396 -0.573177
0 0.424649 0.764282 -0.478034 -0.625013
0 0.435796 0.811315 -0.450334 -0.597103
0 0.428345 0.826651 -0.484214 -0.573458
0 0.473140 0.733996 -0.654732 -0.567515
0 0.291376 0.973657 0.219281 -1.015107
0 0.425536 0.767599 -0.477336 -0.617974
0 0.295609 0.975294 0.191580 -0.957177
0 0.435901 0.808893 -0.447800 -0.601040
0 0.297348 0.976059 0.193899 -0.954897
0 0.473269 0.734647 -0.654615 -0.565785
0 0.297517 0.976175 0.194432 -0.954861
0 0.473999 0.733202 -0.647772 -0.570817
0 0.353162 0.747162 -0.254647 -0.580470
0 0.473236 0.730005 -0.654508 -0.576648
0 0.477128 0.714617 -0.643056 -0.521351
