0 0.622885 0.845400 -0.731624 0.557375
0 0.634431 1.085495 -0.697581 0.712530
0 0.621194 0.845707 -0.733255 0.556014
0 0.635208 1.166796 -0.682709 0.708111
0 0.635080 1.161537 -0.684467 0.690109
0 0.634343 1.094566 -0.699369 0.722515
0 0.443981 1.130753 -0.351760 0.262579
0 0.447123 1.130980 -0.345701 0.255393
0 0.631144 0.986849 -0.709521 0.656838
0 0.629916 0.988975 -0.712120 0.658755
0 0.641845 1.177076 -0.659994 0.589130
0 0.642055 1.185739 -0.659692 0.601955
0 0.625537 0.785456 -0.719015 0.510348
0 0.432973 1.003708 -0.375299 0.184383
0 0.431760 1.007890 -0.377529 0.193600
0 0.625327 0.736241 -0.721750 0.466070
0 0.464101 1.132638 -0.357058 0.275089
