0 0.392504 0.621394 -0.445222 -0.451412
0 0.301329 1.042002 0.203352 -0.595554
0 0.389882 0.623253 -0.449598 -0.442727
0 0.391849 0.619893 -0.445378 -0.453862
0 0.300305 1.043514 0.201315 -0.592186
0 0.299761 1.042970 0.200875 -0.592133
0 0.389313 0.622718 -0.449818 -0.442761
0 0.526980 0.812007 0.187896 -0.491847
0 0.527168 0.811341 0.187488 -0.494361
0 0.527635 0.813244 0.189992 -0.492861
0 0.302981 1.038628 0.202852 -0.601283
0 0.303711 1.036136 0.204115 -0.606126
0 0.303256 1.037926 0.202501 -0.602960
0 0.299346 1.021383 0.199421 -0.659051
0 0.395207 0.629223 -0.446404 -0.438499
0 0.395114 0.625408 -0.446079 -0.441306
0 0.394866 0.627944 -0.446627 -0.439113
0 0.301623 1.007535 0.200696 -0.730710
0 0.528095 0.823573 0.166117 -0.487753
0 0.526268 0.824855 0.160115 -0.483538
0 0.397564 0.578510 -0.451560 -0.527632
0 0.396834 0.575586 -0.452993 -0.522250
0 0.526765 0.822765 0.161416 -0.488665
0 0.401404 0.627052 -0.439311 -0.444628
0 0.401170 0.627265 -0.439485 -0.442942
0 0.401240 0.627587 -0.438579 -0.443589
0 0.297927 1.035243 0.197789 -0.623259
0 0.299395 1.036831 0.201242 -0.623739
0 0.299036 1.038480 0.199676 -0.621270
0 0.298921 1.037410 0.199465 -0.622016
0 0.384104 0.616979 -0.453436 -0.449110
0 0.382904 0.616454 -0.454989 -0.448147
0 0.383895 0.614630 -0.453383 -0.449716
0 0.300726 1.038010 0.200748 -0.566696
0 0.512803 0.790141 0.171081 -0.493510
0 0.512221 0.787898 0.171252 -0.496883
0 0.515009 0.788953 0.174241 -0.494977
0 0.300748 1.032399 0.204117 -0.539487
0 0.300556 1.033150 0.202575 -0.538961
0 0.301429 1.038377 0.204365 -0.532801
