0 0.715542 0.304389 -0.633266 -0.234531
0 0.715712 0.305002 -0.633085 -0.234362
0 0.713961 0.306105 -0.633741 -0.231908
0 0.713777 0.306581 -0.633575 -0.231364
0 0.716294 0.306383 -0.633104 -0.232853
0 0.899479 0.628305 -1.427305 -0.346243
0 1.038230 0.826966 0.085256 -0.166602
0 0.899732 0.629764 -1.426943 -0.341161
0 1.043316 0.827922 0.095288 -0.165692
0 0.378377 0.285943 -0.292592 -0.359140
0 0.378913 0.285843 -0.291481 -0.359541
0 0.900147 0.625943 -1.425238 -0.358914
0 0.900297 0.626522 -1.424725 -0.356071
0 0.715663 0.307878 -0.630637 -0.229985
0 0.378440 0.285669 -0.292418 -0.359708
0 0.377380 0.285703 -0.291450 -0.360371
0 0.375741 0.285801 -0.294207 -0.359938
0 0.375716 0.285746 -0.294350 -0.360101
0 0.378397 0.287301 -0.292730 -0.359274
0 0.377939 0.288706 -0.292494 -0.356060
0 0.719448 0.302558 -0.634273 -0.238354
0 1.033955 0.827848 -0.021924 -0.170558
0 0.899593 0.642843 -1.426970 -0.343337
0 0.380159 0.287535 -0.287400 -0.356424
0 0.377788 0.289150 -0.290827 -0.354956
0 1.034662 0.828370 -0.018514 -0.169127
0 1.043515 0.834704 0.098315 -0.148027
0 0.718361 0.303239 -0.636441 -0.237667
0 1.035408 0.834081 0.084769 -0.147604
0 0.378181 0.289605 -0.292388 -0.353912
0 0.722901 0.309180 -0.627208 -0.231278
0 0.379173 0.289643 -0.288764 -0.353679
0 0.721227 0.308950 -0.629841 -0.231326
0 0.721886 0.314086 -0.629083 -0.225431
0 0.697069 0.302277 -0.647511 -0.237711
0 0.899759 0.637851 -1.431192 -0.374917
0 0.380788 0.288665 -0.286714 -0.353533
0 0.900584 0.640778 -1.429961 -0.369111
0 0.900194 0.662602 -1.426417 -0.341775
0 0.696982 0.302127 -0.648990 -0.238234
0 0.712965 0.292897 -0.646411 -0.244665
0 0.712966 0.293524 -0.647107 -0.243132
0 0.428199 0.503936 -0.414574 -0.592619
0 0.430391 0.503909 -0.410765 -0.590608
0 0.429464 0.507335 -0.410971 -0.592456
0 0.275528 0.494342 -0.269837 -0.618289
0 0.275478 0.493658 -0.270294 -0.619689
0 0.275287 0.493644 -0.270186 -0.619608
0 0.899347 0.631622 -1.429283 -0.364602
0 0.430279 0.507861 -0.408985 -0.591446
0 0.430607 0.506916 -0.408293 -0.592566
0 0.420137 0.496377 -0.416262 -0.598440
0 0.377849 0.288938 -0.294174 -0.357100
0 0.273019 0.494569 -0.278594 -0.616934
0 0.421222 0.495415 -0.414810 -0.599906
0 0.900445 0.640217 -1.424039 -0.344794
0 0.420790 0.497267 -0.415578 -0.597027
0 0.272852 0.492256 -0.277022 -0.619426
0 0.377968 0.289091 -0.293368 -0.357213
0 0.379259 0.285232 -0.286420 -0.361641
0 0.276975 0.491540 -0.270319 -0.619881
0 0.276383 0.491716 -0.270945 -0.619734
0 0.378040 0.289201 -0.293036 -0.356294
0 1.040073 0.834320 -0.023692 -0.150230
0 1.045141 0.835896 -0.011080 -0.148011
0 0.276613 0.491735 -0.270527 -0.619759
0 0.274369 0.492136 -0.273406 -0.620255
0 0.275209 0.494717 -0.273301 -0.617386
0 1.022443 0.827481 0.135373 -0.166335
0 1.030246 0.829640 0.150751 -0.162073
