0 0.407087 0.895533 0.271963 -0.154447
0 0.405765 0.898159 0.270233 -0.146165
0 0.405236 0.899044 0.271426 -0.145922
0 0.762253 0.828754 -0.415017 0.219103
0 0.764511 0.826893 -0.413923 0.219455
0 0.765441 0.804044 -0.412773 0.181898
0 0.404781 0.897193 0.256691 -0.160809
0 0.403636 0.898134 0.254941 -0.156826
0 0.404741 0.899704 0.256290 -0.154848
0 0.769715 0.847420 -0.398469 0.231670
0 0.769660 0.848954 -0.401135 0.229698
0 0.771034 0.815182 -0.397164 0.180263
0 0.764466 0.772755 -0.416333 0.167781
0 0.765575 0.770656 -0.416387 0.165461
0 0.401531 0.885158 0.266752 -0.159931
0 0.401488 0.887626 0.267388 -0.154844
0 0.401695 0.879107 0.267408 -0.171915
0 0.765264 0.757157 -0.417014 0.144675
