0 0.434073 0.637974 -0.254208 -0.615380
0 0.433341 0.637809 -0.252395 -0.617826
0 0.433395 0.636704 -0.252686 -0.620487
0 0.434540 0.639310 -0.253564 -0.613861
0 0.433036 0.637298 -0.253856 -0.620025
0 0.362668 0.679277 -0.413181 -0.225237
0 0.362478 0.678279 -0.412776 -0.228875
0 0.437424 0.636963 -0.247542 -0.619648
0 0.364544 0.678010 -0.414578 -0.231899
0 0.364272 0.676399 -0.414778 -0.232666
0 0.438589 0.639521 -0.245324 -0.613936
0 0.430373 0.636778 -0.253005 -0.620031
0 0.427973 0.636386 -0.256002 -0.618758
0 0.427796 0.636802 -0.256388 -0.615623
0 0.434323 0.636851 -0.254201 -0.619773
0 0.433921 0.637423 -0.254693 -0.619531
0 0.355928 0.681211 -0.419560 -0.233357
0 0.435957 0.637664 -0.254673 -0.619432
0 0.355323 0.681070 -0.420278 -0.229521
0 0.360874 0.677375 -0.415339 -0.232501
0 0.361022 0.677312 -0.415135 -0.232138
0 0.361480 0.679690 -0.419756 -0.233076
0 0.361977 0.680393 -0.419298 -0.227486
0 0.365097 0.678984 -0.387757 -0.250320
0 0.360961 0.679829 -0.397123 -0.249148
0 0.434527 0.642333 -0.238465 -0.616360
0 0.435315 0.644120 -0.237438 -0.613323
0 0.083498 0.867077 0.056051 -0.613354
0 0.083332 0.874699 0.056278 -0.599375
0 0.082809 0.877572 0.055090 -0.665162
