0 0.596271 0.846849 0.180191 -0.039454
0 0.597590 0.849733 0.183465 -0.035586
0 1.006928 0.681290 -1.043778 -0.328709
0 1.005875 0.680958 -1.045288 -0.329871
0 0.999170 0.678230 -1.051141 -0.333555
0 0.998643 0.677728 -1.051682 -0.334550
0 1.004935 0.680982 -1.046927 -0.330382
0 0.998075 0.677800 -1.052729 -0.334607
0 0.608420 0.837884 0.184414 -0.059462
0 1.001463 0.691037 -1.688957 -0.278184
0 0.612036 0.842042 0.191427 -0.052793
0 1.001832 0.687651 -1.686723 -0.282016
0 0.995497 0.682152 -1.043096 -0.326923
0 0.999567 0.690578 -1.698182 -0.273791
0 1.000250 0.688871 -1.695274 -0.277206
0 0.583806 0.412024 -0.880169 -0.544681
0 0.581494 0.412502 -0.885474 -0.545057
0 1.000155 0.680482 -1.693020 -0.297956
0 1.012457 0.685079 -1.060391 -0.322022
0 0.581584 0.412007 -0.885596 -0.544489
0 0.581843 0.411745 -0.885091 -0.545073
0 0.581052 0.412025 -0.886206 -0.544596
0 0.586259 0.411567 -0.880758 -0.546186
0 1.000806 0.677949 -1.053010 -0.335234
0 0.999337 0.678859 -1.056216 -0.332627
0 1.003342 0.685613 -1.678621 -0.300697
0 1.001974 0.679213 -1.051910 -0.334039
0 0.479591 0.409061 -0.723563 -0.547900
0 0.585101 0.412692 -0.876809 -0.543500
0 0.479947 0.409387 -0.722285 -0.547346
0 0.479499 0.409252 -0.723796 -0.547431
0 0.586696 0.411246 -0.880410 -0.547517
0 0.583721 0.412511 -0.881335 -0.545130
0 0.575579 0.411731 -0.891707 -0.545172
0 0.595603 0.845871 0.176941 -0.052806
0 0.575963 0.411350 -0.891228 -0.545987
0 0.482561 0.409564 -0.713634 -0.547214
0 0.575381 0.411843 -0.892894 -0.545383
0 0.594941 0.846838 0.176081 -0.052125
0 0.589980 0.851795 0.167019 -0.041201
0 0.476097 0.409784 -0.725657 -0.545683
0 0.578292 0.415405 -0.890856 -0.541049
0 0.579583 0.415153 -0.888148 -0.541711
0 0.476049 0.408082 -0.728397 -0.551272
0 0.478639 0.412142 -0.715335 -0.540881
0 0.482048 0.407301 -0.716047 -0.547515
0 0.475531 0.409492 -0.725417 -0.546436
0 0.477695 0.410548 -0.724353 -0.545697
0 0.476123 0.408522 -0.728330 -0.550178
0 0.477881 0.410077 -0.724256 -0.546274
0 1.000887 0.690392 -1.681855 -0.276206
0 0.477090 0.411004 -0.724550 -0.544585
0 1.000948 0.690060 -1.680023 -0.276855
0 0.585531 0.414037 -0.883755 -0.540990
0 0.585925 0.413709 -0.882934 -0.541283
0 1.001495 0.690914 -1.688887 -0.283344
0 0.584930 0.414146 -0.884956 -0.540601
0 1.001032 0.691961 -1.686705 -0.282211
0 0.575704 0.413183 -0.888317 -0.544407
0 0.576459 0.411937 -0.886674 -0.546680
0 0.657693 0.410945 -1.122980 -0.553718
0 0.657523 0.411626 -1.123449 -0.552734
0 1.005423 0.687996 -1.659620 -0.300046
0 1.021127 0.681279 -1.041009 -0.328913
0 1.022306 0.679474 -1.037580 -0.332955
0 1.022578 0.680852 -1.038007 -0.331923
0 0.656360 0.412374 -1.122669 -0.551621
0 0.597473 0.856590 0.148990 -0.037732
0 0.656316 0.413502 -1.122435 -0.549975
0 0.485704 0.409881 -0.707764 -0.547847
0 0.663293 0.412387 -1.118915 -0.549699
0 0.475419 0.410504 -0.716655 -0.539964
0 0.479708 0.407217 -0.738489 -0.551841
0 0.475379 0.411041 -0.716452 -0.538993
0 0.479829 0.408392 -0.738584 -0.549549
0 0.479420 0.408128 -0.739042 -0.550800
0 0.474544 0.410695 -0.718706 -0.539669
0 0.656416 0.412928 -1.122888 -0.550819
0 0.657076 0.411032 -1.124919 -0.555088
0 0.656869 0.411111 -1.125021 -0.554171
0 0.657007 0.411504 -1.124933 -0.553891
0 0.592075 0.837360 0.169677 -0.055628
0 1.001164 0.685328 -1.665270 -0.287052
0 0.485710 0.408232 -0.706497 -0.546585
0 0.480492 0.407917 -0.728243 -0.555385
0 0.656625 0.414673 -1.123918 -0.547232
0 0.480107 0.408839 -0.729786 -0.553896
0 0.656937 0.414696 -1.123261 -0.547258
0 0.484072 0.412448 -0.703808 -0.540282
0 0.661752 0.413344 -1.115153 -0.550959
0 0.589804 0.414868 -0.880063 -0.539313
0 0.664221 0.411683 -1.110944 -0.552797
0 0.956869 0.675368 -1.071497 -0.333298
0 1.016643 0.682559 -1.054054 -0.314088
0 0.589738 0.414850 -0.879788 -0.539062
