0 1.241709 0.487751 -0.627269 -0.242147
0 1.241388 0.487625 -0.627554 -0.242362
0 1.243473 0.487403 -0.623131 -0.243047
0 1.243212 0.487796 -0.619280 -0.239953
0 1.241798 0.488221 -0.621608 -0.239570
0 0.653423 0.490014 0.076740 -0.184360
0 0.652923 0.489988 0.076318 -0.184623
0 0.639410 0.490082 0.081167 -0.184293
0 0.651149 0.489367 0.073318 -0.185310
0 1.244027 0.488459 -0.616311 -0.237807
0 0.638101 0.489819 0.078914 -0.185036
0 0.639719 0.489400 0.081312 -0.185573
0 0.666138 0.491368 0.066178 -0.181059
0 0.665933 0.492200 0.065497 -0.179473
0 0.664070 0.492342 0.060397 -0.178506
0 0.643093 0.490893 0.122638 -0.180789
0 0.609942 0.490436 -0.030614 -0.190201
0 0.641369 0.491566 0.119322 -0.179554
0 0.641173 0.491905 0.121176 -0.178522
0 0.602815 0.489346 0.022129 -0.189720
0 1.218040 0.491470 -0.634716 -0.239399
0 1.220128 0.490753 -0.634116 -0.240900
0 1.217649 0.491117 -0.639604 -0.240506
0 0.614333 0.490791 -0.095066 -0.187213
0 0.443137 0.469595 -0.460129 -0.823224
