0 0.556569 0.724905 -0.960758 -0.825911
0 0.556372 0.724938 -0.961443 -0.825905
0 0.556406 0.724600 -0.961409 -0.825796
0 0.558360 0.719829 -0.958287 -0.826633
0 0.556935 0.718725 -0.958195 -0.832520
0 0.556514 0.718675 -0.959047 -0.832428
0 0.556624 0.718695 -0.958951 -0.832686
0 0.559448 0.719432 -0.955927 -0.833855
0 0.557255 0.729579 -0.955189 -0.821762
0 0.077732 0.679165 -0.061404 -0.894203
0 0.076660 0.682901 -0.060056 -0.886827
0 0.077473 0.677142 -0.062044 -0.899261
0 0.076421 0.682226 -0.060345 -0.887154
0 0.076732 0.682620 -0.059804 -0.886749
0 0.076633 0.684959 -0.058654 -0.887453
0 0.076332 0.685320 -0.059157 -0.886885
0 0.076717 0.685439 -0.058473 -0.886991
0 0.553859 0.705013 -0.960220 -0.841302
0 0.556930 0.708351 -0.979827 -0.855842
0 0.555987 0.699307 -0.974948 -0.858907
0 0.567413 0.688018 -1.025390 -0.900386
0 0.077152 0.685508 -0.058082 -0.877261
0 0.077035 0.686196 -0.058925 -0.875317
0 0.077214 0.686389 -0.058215 -0.875009
0 0.568598 0.706283 -0.998660 -0.872999
0 0.570460 0.705406 -0.993302 -0.874319
0 0.570402 0.706202 -0.993847 -0.873235
0 0.553087 0.713885 -0.956047 -0.827056
0 0.555404 0.711965 -0.953503 -0.825306
0 0.553231 0.714107 -0.955987 -0.824589
0 0.553263 0.713820 -0.955544 -0.824600
0 0.562844 0.721589 -0.948630 -0.829815
0 0.554638 0.717534 -0.959271 -0.834684
0 0.075378 0.682903 -0.062074 -0.902537
0 0.078145 0.675992 -0.061230 -0.903070
0 0.163469 0.635321 -0.214233 -0.858425
0 0.078065 0.675210 -0.061451 -0.905788
0 0.561974 0.721673 -0.950077 -0.820653
0 0.163206 0.635756 -0.214402 -0.858185
