0 0.211000 0.603463 -0.195509 -0.945426
0 0.210216 0.603443 -0.196451 -0.944696
0 0.210432 0.603540 -0.196240 -0.944254
0 0.210415 0.603776 -0.196359 -0.943322
0 0.210572 0.603416 -0.194640 -0.944433
0 0.211775 0.601899 -0.192921 -0.948782
0 0.211282 0.603624 -0.195204 -0.945615
0 0.208542 0.604367 -0.199441 -0.945555
0 0.099854 0.673956 0.067163 -1.006167
0 0.097009 0.673744 0.066209 -1.008146
0 0.210048 0.602960 -0.196794 -0.946650
0 0.210054 0.603017 -0.196730 -0.946904
0 0.096571 0.673904 0.065681 -1.008314
0 0.209826 0.603267 -0.196970 -0.947174
0 0.097141 0.673776 0.066511 -1.008096
0 0.099849 0.672640 0.067046 -1.009294
0 0.099547 0.673221 0.066824 -1.008310
0 0.101814 0.674461 0.071313 -1.010377
0 0.097986 0.672329 0.067673 -1.008062
0 0.208185 0.604864 -0.198504 -0.943718
0 0.098794 0.672841 0.067547 -1.007632
0 0.208208 0.604412 -0.198455 -0.943615
0 0.209247 0.604568 -0.196247 -0.943782
0 0.130286 0.646897 -0.013986 -0.958425
0 0.129711 0.645627 -0.015581 -0.962559
0 0.129684 0.645706 -0.016350 -0.962112
0 0.129805 0.645723 -0.016389 -0.962464
0 0.130623 0.646943 -0.012850 -0.958713
0 0.132439 0.649362 -0.012053 -0.949447
0 0.098814 0.673504 0.068359 -1.010107
0 0.132348 0.650312 -0.011237 -0.948925
0 0.117321 0.669583 0.074899 -0.990892
0 0.210317 0.600123 -0.197434 -0.944047
0 0.117108 0.669826 0.074850 -0.990162
0 0.210943 0.599914 -0.196412 -0.944589
0 0.095803 0.672297 0.066170 -1.003452
0 0.209509 0.606618 -0.197085 -0.942762
0 0.125838 0.644863 -0.017613 -0.964084
0 0.126471 0.644096 -0.016936 -0.965099
0 0.125756 0.643756 -0.018144 -0.965461
0 0.100831 0.674068 0.068880 -1.002003
0 0.132362 0.647083 -0.014864 -0.962592
0 0.105503 0.675849 0.070440 -1.007739
0 0.105143 0.676294 0.070501 -1.006108
0 0.129454 0.647425 -0.021105 -0.972309
0 0.093284 0.672753 0.056066 -1.013656
0 0.210908 0.602934 -0.194257 -0.946760
0 0.104078 0.671522 0.069102 -1.014270
0 0.104303 0.671785 0.069482 -1.014949
0 0.104482 0.672290 0.069953 -1.013513
0 0.132053 0.649962 -0.011110 -0.948138
0 0.092880 0.673067 0.061747 -1.008469
0 0.131824 0.650221 -0.011281 -0.947107
0 0.132117 0.649809 -0.011124 -0.947683
0 0.208463 0.602809 -0.198496 -0.947361
0 0.211192 0.606546 -0.194198 -0.939356
0 0.093577 0.673957 0.062977 -1.007049
0 0.091616 0.671687 0.056883 -1.014018
0 0.125852 0.646358 -0.026358 -0.974734
0 0.089754 0.670839 0.058001 -1.006282
0 0.133164 0.644486 -0.017972 -0.966870
0 0.211701 0.606972 -0.192232 -0.939859
0 0.065876 0.575551 0.044654 -1.003427
0 0.127406 0.645192 -0.021628 -0.966327
0 0.066667 0.574606 0.046345 -1.004673
0 0.127408 0.649928 -0.003363 -0.953937
