0 0.212430 1.243453 0.140729 -0.210079
0 0.212783 1.245647 0.140595 -0.205464
0 0.214979 1.242082 0.142277 -0.197856
0 0.214719 1.242428 0.142994 -0.196450
0 0.751080 1.401404 -0.596968 0.889032
0 0.754174 1.415710 -0.589553 0.918945
0 0.345585 0.926067 -0.516527 -0.915022
0 0.213041 1.239925 0.141803 -0.240280
0 0.340742 0.917273 -0.520144 -0.955547
0 0.339533 0.910643 -0.525348 -0.945151
0 0.343068 0.932907 -0.514877 -0.913537
0 0.340295 0.915634 -0.520810 -0.957332
0 0.339136 0.911939 -0.525905 -0.943452
0 0.747766 1.487280 -0.627424 0.960208
0 0.748656 1.467607 -0.625198 0.918959
0 0.340374 0.913685 -0.520721 -0.963110
0 0.339295 0.905040 -0.525769 -0.956968
0 0.430550 0.861577 -0.273466 0.090749
0 0.430731 0.861699 -0.273930 0.086880
0 0.431353 0.860848 -0.271149 0.090278
0 0.342540 0.937735 -0.523112 -0.841240
0 0.737568 1.467512 -0.708096 0.932748
0 0.734788 1.458099 -0.713820 0.914179
0 0.208650 1.235298 0.136500 -0.224674
0 0.758875 1.411898 -0.540513 0.936104
0 0.755802 1.445889 -0.546457 0.999661
0 0.732271 1.386951 -0.717346 0.867111
0 0.734296 1.383420 -0.712590 0.861677
0 0.347238 0.929627 -0.512105 -0.909727
0 0.343020 0.905600 -0.525481 -0.942876
0 0.431596 0.863688 -0.275312 0.097034
0 0.342424 0.905588 -0.527149 -0.941901
0 0.431842 0.863412 -0.274096 0.097261
0 0.431791 0.861285 -0.275922 0.089602
0 0.342463 0.902947 -0.526945 -0.952077
0 0.349779 0.926962 -0.516132 -0.949974
0 0.430696 0.944232 -0.271400 0.143996
0 0.349787 0.928794 -0.516456 -0.947175
0 0.431170 0.943930 -0.269504 0.141786
0 0.349696 0.921966 -0.516475 -0.960346
0 0.365157 0.753991 -0.574401 -0.675885
0 0.215536 1.242015 0.141294 -0.219090
0 0.216561 1.242238 0.141878 -0.218369
0 0.345935 0.931861 -0.517079 -0.955067
0 0.747770 1.480475 -0.548377 0.937218
0 0.430387 0.927444 -0.272123 0.127726
