0 0.622305 1.009763 0.426147 -0.778104
0 0.622004 1.009682 0.426166 -0.779239
0 0.624971 1.009224 0.429016 -0.778892
0 0.620787 1.014782 0.425080 -0.748677
0 0.619985 1.014786 0.422109 -0.749274
0 0.632996 0.987461 0.440132 -0.904328
0 0.634845 0.987373 0.441188 -0.908974
0 0.622645 1.015551 0.426405 -0.748293
0 0.631749 0.987109 0.435621 -0.905691
0 0.687269 0.685917 -1.004132 -0.268250
0 0.598540 1.011357 0.398219 -0.769776
0 0.598339 1.013053 0.397573 -0.766757
0 0.687127 0.685244 -1.003918 -0.268976
