0 0.507223 0.655585 -0.353720 -0.760971
0 0.506936 0.654481 -0.352418 -0.756099
0 0.507417 0.655217 -0.353890 -0.760517
0 0.510520 0.657450 -0.345028 -0.755498
0 0.510896 0.657643 -0.344166 -0.755214
0 0.506935 0.653944 -0.353018 -0.756915
0 0.506543 0.654738 -0.356016 -0.760987
0 0.506265 0.654019 -0.354767 -0.756726
0 0.510974 0.655705 -0.343135 -0.757959
0 0.508592 0.655389 -0.347617 -0.758991
0 0.508949 0.654931 -0.348417 -0.760813
0 0.508801 0.663149 -0.355213 -0.749655
0 0.509623 0.663912 -0.353746 -0.748099
0 0.502994 0.657065 -0.356262 -0.758230
0 0.504249 0.657331 -0.354242 -0.757914
