0 0.493533 0.718558 -0.593233 -0.427329
0 0.493389 0.713288 -0.592076 -0.430611
0 0.494401 0.717867 -0.592364 -0.429518
0 0.494434 0.714516 -0.590936 -0.426950
0 0.280816 0.832139 -0.061485 -0.419205
0 0.280390 0.832256 -0.062612 -0.420115
0 0.280314 0.832420 -0.061277 -0.420907
0 0.281924 0.831544 -0.061423 -0.422517
0 0.494376 0.708586 -0.595749 -0.437263
0 0.281376 0.831798 -0.062097 -0.424189
0 0.281318 0.831455 -0.065036 -0.425636
0 0.496172 0.704530 -0.591859 -0.445657
0 0.498088 0.716197 -0.589381 -0.440943
0 0.499558 0.710299 -0.585835 -0.450875
0 0.495308 0.719521 -0.586535 -0.425916
0 0.494675 0.714625 -0.586298 -0.427364
0 0.288116 0.831054 -0.050477 -0.486957
0 0.287028 0.827335 -0.053658 -0.461691
0 0.277247 0.833206 -0.069217 -0.410817
0 0.277174 0.830622 -0.070424 -0.412718
0 0.492839 0.707528 -0.592585 -0.436986
0 0.277253 0.829005 -0.070002 -0.414866
0 0.494967 0.704275 -0.589084 -0.444771
0 0.490190 0.710240 -0.595787 -0.431228
0 0.491441 0.711488 -0.592238 -0.427551
0 0.135139 1.063670 0.090604 -0.361393
0 0.135610 1.055863 0.090954 -0.391104
0 0.495063 0.694626 -0.593718 -0.459759
0 0.496564 0.723370 -0.585833 -0.441532
0 0.727663 1.033964 -0.749776 -0.666931
0 0.136073 1.042275 0.091782 -0.479510
0 0.497792 0.711380 -0.565625 -0.432468
0 0.728356 1.018295 -0.749721 -0.711990
0 0.727577 1.033011 -0.750270 -0.664919
0 0.727430 1.016540 -0.750175 -0.715047
0 0.135804 1.046022 0.091551 -0.471084
0 0.728237 1.033457 -0.749127 -0.664414
0 0.727589 1.018423 -0.749253 -0.710880
0 0.497150 0.719798 -0.585586 -0.447036
0 0.731081 1.029845 -0.730468 -0.726023
0 0.135766 1.070465 0.091137 -0.237758
0 0.726942 1.015737 -0.748922 -0.743061
0 0.727543 1.015282 -0.747374 -0.743107
0 0.728395 1.016433 -0.746430 -0.738642
0 0.137745 1.035336 0.092825 -0.424938
0 0.732145 1.004981 -0.724521 -0.819649
0 0.494432 0.694046 -0.589875 -0.455843
0 0.498540 0.702176 -0.587713 -0.468392
0 0.496900 0.724133 -0.579550 -0.427793
0 0.137697 1.060693 0.095034 -0.363969
0 0.497493 0.722682 -0.577188 -0.431798
0 0.289130 0.831099 -0.045751 -0.495694
0 0.135643 1.071264 0.091655 -0.303173
0 0.731662 1.061130 -0.733128 -0.580984
0 0.492230 0.687723 -0.598011 -0.439927
0 0.494244 0.688174 -0.595230 -0.441960
0 0.283887 0.805735 -0.060019 -0.448537
0 0.137468 1.049586 0.095927 -0.394702
0 0.287141 0.825373 -0.053142 -0.451360
0 0.136889 1.035737 0.091887 -0.494668
0 0.136225 1.041718 0.091686 -0.302256
0 0.498286 0.723362 -0.573207 -0.431975
0 0.405471 0.613137 -0.530311 -0.490548
