0 0.654116 0.993373 -0.121096 -0.499019
0 0.653026 0.995006 -0.123152 -0.496229
0 0.652449 0.993821 -0.124606 -0.500431
0 0.544268 1.123146 -0.415019 0.342960
0 0.543731 1.126579 -0.414546 0.350573
0 0.644928 0.992558 -0.118078 -0.497888
0 0.644797 0.990377 -0.118658 -0.505775
0 0.644422 0.991614 -0.119736 -0.503816
0 0.537247 1.131483 -0.415333 0.351887
0 0.537542 1.137820 -0.412724 0.365600
0 0.655129 0.998898 -0.126558 -0.564397
0 0.654135 0.998803 -0.129085 -0.563727
0 0.652900 1.000580 -0.130556 -0.557731
0 0.643198 0.994382 -0.118321 -0.564725
0 0.643854 0.993280 -0.117137 -0.569024
0 0.540612 1.118543 -0.431857 0.320489
0 0.642173 0.995272 -0.121142 -0.564671
0 0.542759 1.118873 -0.428136 0.320886
0 0.624601 0.995820 -0.127697 -0.429764
0 0.623211 0.992906 -0.127136 -0.436908
0 0.622398 0.992976 -0.128802 -0.443051
0 0.661362 0.996654 -0.119471 -0.422642
0 0.659584 0.992475 -0.120027 -0.433097
0 0.658380 0.991297 -0.122069 -0.443455
