0 0.662417 0.808649 -0.967155 -0.958389
0 0.662202 0.808803 -0.968328 -0.957873
0 0.661847 0.811211 -0.967973 -0.957306
0 0.097125 0.802836 -0.055568 -0.870810
0 0.661533 0.811168 -0.968828 -0.957873
0 0.096716 0.802726 -0.056604 -0.871368
0 0.661505 0.811614 -0.968728 -0.956324
0 0.661380 0.810993 -0.969658 -0.961323
0 0.096657 0.801148 -0.056626 -0.874160
0 0.660992 0.809355 -0.965703 -0.960331
0 0.661002 0.809765 -0.965549 -0.961027
0 0.661559 0.810442 -0.969449 -0.961844
0 0.661846 0.812089 -0.969190 -0.959110
0 0.096892 0.801140 -0.053884 -0.876704
0 0.475528 0.774593 -0.821092 -1.039609
0 0.097336 0.797969 -0.056507 -0.882657
0 0.475732 0.775366 -0.820340 -1.038370
0 0.475461 0.775302 -0.821073 -1.039152
0 0.096207 0.801719 -0.054498 -0.881567
0 0.096125 0.802130 -0.054863 -0.880027
0 0.475176 0.773412 -0.820326 -1.040146
0 0.096627 0.800906 -0.059970 -0.872902
0 0.096162 0.801903 -0.054873 -0.882021
0 0.096139 0.800941 -0.061040 -0.873182
0 0.474973 0.773122 -0.820999 -1.040464
0 0.096181 0.800122 -0.060971 -0.874500
0 0.474956 0.773139 -0.820864 -1.041361
0 0.664210 0.808566 -0.966577 -0.958570
0 0.659798 0.808033 -0.972689 -0.962593
0 0.663734 0.808093 -0.968017 -0.959321
0 0.660707 0.809156 -0.971151 -0.961293
0 0.534150 0.786600 -0.981862 -1.280386
0 0.660676 0.809171 -0.971214 -0.960931
0 0.533685 0.788037 -0.983167 -1.279007
0 0.533919 0.788029 -0.983230 -1.278324
0 0.534261 0.787257 -0.981714 -1.279302
0 0.533931 0.787739 -0.983706 -1.276215
0 0.533826 0.787826 -0.983958 -1.276620
0 0.475462 0.776324 -0.820553 -1.037198
0 0.534354 0.787000 -0.981400 -1.279780
0 0.533857 0.788390 -0.982912 -1.278369
0 0.476008 0.779639 -0.820269 -1.033312
0 0.473961 0.774525 -0.824133 -1.042726
0 0.473965 0.773491 -0.824205 -1.045631
0 0.474781 0.774167 -0.822428 -1.042110
0 0.474793 0.772877 -0.822297 -1.045652
0 0.531818 0.786730 -0.986022 -1.278762
0 0.096265 0.802414 -0.066019 -0.878500
0 0.531743 0.786606 -0.986024 -1.279577
0 0.095601 0.801690 -0.067277 -0.879452
0 0.095655 0.802400 -0.067341 -0.879190
0 0.098184 0.809723 -0.046983 -0.859262
0 0.098585 0.796273 -0.050116 -0.885164
0 0.661270 0.809461 -0.972413 -0.968392
0 0.661357 0.808690 -0.972243 -0.968781
0 0.533503 0.785959 -0.984668 -1.279711
0 0.663540 0.814421 -0.969460 -0.958695
0 0.663374 0.813476 -0.970006 -0.963202
0 0.661568 0.811556 -0.971714 -0.965800
0 0.097765 0.794891 -0.059351 -0.886515
0 0.535487 0.790549 -0.985270 -1.275481
0 0.535108 0.788495 -0.986554 -1.279180
0 0.475331 0.772386 -0.819915 -1.037793
0 0.096565 0.797457 -0.056418 -0.900936
0 0.475330 0.772455 -0.819719 -1.036809
0 0.478332 0.774218 -0.819300 -1.035560
0 0.535548 0.788606 -0.985049 -1.279724
0 0.475488 0.773535 -0.819909 -1.035709
0 0.531492 0.785214 -0.987027 -1.281292
