0 0.409641 0.655688 -0.334953 -0.540689
0 0.409367 0.654395 -0.334882 -0.542876
0 0.409040 0.655344 -0.336058 -0.537953
0 0.410036 0.655561 -0.334705 -0.540259
0 0.409669 0.657149 -0.335722 -0.537544
0 0.408754 0.654693 -0.335910 -0.539677
0 0.408515 0.656191 -0.335382 -0.537903
0 0.407568 0.651970 -0.336962 -0.547425
0 0.409923 0.654274 -0.333086 -0.547277
0 0.408951 0.651189 -0.334571 -0.553666
0 0.407097 0.650511 -0.331204 -0.543319
0 0.406492 0.649748 -0.332618 -0.544004
0 0.409529 0.648012 -0.335405 -0.544579
0 0.408916 0.647330 -0.336028 -0.543705
0 0.404289 0.653465 -0.343006 -0.544374
0 0.407983 0.655806 -0.330877 -0.535430
0 0.408228 0.652924 -0.329384 -0.540362
0 0.408492 0.653778 -0.329570 -0.539150
0 0.412874 0.652402 -0.330196 -0.547340
0 0.412093 0.652735 -0.332247 -0.547165
0 0.412524 0.652306 -0.331886 -0.546654
0 0.402524 0.649137 -0.339195 -0.544351
0 0.405285 0.651267 -0.342744 -0.553542
