0 0.248394 1.173935 0.121132 -0.616641
0 0.247884 1.175500 0.120589 -0.615518
0 0.247815 1.175393 0.119801 -0.617008
0 0.246777 1.172873 0.121508 -0.616386
0 0.246698 1.175018 0.121344 -0.613183
0 0.246224 1.174825 0.121137 -0.614989
0 0.311917 1.181565 -0.166913 -0.592128
0 0.311399 1.181837 -0.167580 -0.592483
0 0.315733 1.182405 -0.163368 -0.591036
0 0.254775 1.172341 0.117147 -0.611033
0 0.244063 1.175203 0.112389 -0.602918
0 0.310851 1.185684 -0.165229 -0.588283
0 0.311595 1.185607 -0.164518 -0.590019
0 0.379154 1.100280 -0.198464 -1.051472
0 0.379698 1.101181 -0.198813 -1.049966
0 0.313488 1.184652 -0.163415 -0.590070
0 0.514270 0.570765 -0.539982 0.178446
0 0.382207 1.101736 -0.193479 -1.048487
0 0.514837 0.572613 -0.536228 0.181845
0 0.513871 0.569906 -0.541093 0.174922
0 0.258414 1.176378 0.123168 -0.620930
0 0.248878 1.177672 0.121334 -0.615044
0 0.362192 1.106768 -0.317747 -1.034869
0 0.362044 1.105986 -0.319472 -1.036028
0 0.329454 1.181224 -0.153611 -0.587786
0 0.330123 1.190986 -0.153442 -0.571007
0 0.512440 0.562666 -0.542446 0.181722
0 0.512801 0.561866 -0.543917 0.181010
0 0.512181 0.563334 -0.546086 0.183509
0 0.374707 1.109913 -0.220190 -1.041420
0 0.329992 1.189681 -0.153213 -0.572439
0 0.374676 1.109516 -0.219189 -1.043736
0 0.323811 1.117340 -0.210638 -0.979730
0 0.314113 1.197393 -0.161295 -0.561757
0 0.244606 1.166470 0.132955 -0.621768
0 0.244237 1.169785 0.131624 -0.613630
0 0.244681 1.165335 0.132940 -0.626644
0 0.333404 1.129581 -0.182883 -0.942427
0 0.375719 1.110798 -0.216191 -1.037331
0 0.334774 1.123100 -0.181874 -0.954414
0 0.511748 0.562443 -0.544889 0.160486
0 0.356485 1.108250 -0.330970 -1.041725
0 0.508961 0.573876 -0.545449 0.177319
0 0.356090 1.107691 -0.332380 -1.043132
0 0.361988 1.111079 -0.315127 -1.024732
0 0.368620 1.108282 -0.293421 -1.032477
0 0.337815 1.123421 -0.174948 -0.949825
0 0.359519 1.107280 -0.320803 -1.031761
0 0.317925 1.118921 -0.221430 -0.980987
0 0.322531 1.199244 -0.157609 -0.584735
0 0.310257 1.200947 -0.154936 -0.574262
0 0.353337 1.114024 -0.199866 -1.009722
0 0.369305 1.112040 -0.267927 -1.027527
0 0.299257 1.188482 -0.165212 -0.585450
0 0.326232 1.107117 -0.210067 -1.046555
0 0.537025 0.572943 -0.459720 0.261540
0 0.326024 1.108357 -0.210444 -1.044777
0 0.547209 0.571668 -0.414859 0.257426
0 0.534531 0.574053 -0.466853 0.261097
0 0.522006 0.597102 -0.510977 0.219253
0 0.519358 0.596549 -0.517865 0.219220
