0 0.430674 0.465841 -0.511931 -0.583027
0 0.430479 0.465723 -0.511702 -0.582672
0 0.429991 0.465346 -0.513045 -0.584472
0 0.431293 0.465287 -0.511232 -0.585690
0 0.431054 0.465813 -0.512072 -0.585083
0 0.430347 0.465443 -0.512838 -0.583689
0 0.430121 0.466180 -0.512633 -0.581731
0 0.432720 0.464284 -0.511201 -0.585764
0 0.432887 0.465004 -0.511642 -0.583667
0 0.431575 0.468528 -0.511545 -0.579385
0 0.429974 0.464119 -0.513076 -0.584425
0 0.429489 0.463484 -0.512939 -0.584789
0 0.429455 0.464382 -0.513087 -0.583967
0 0.432883 0.467551 -0.506283 -0.583446
0 0.244242 0.728543 0.165038 -1.062418
0 0.243949 0.729595 0.164829 -1.062414
0 0.245009 0.733445 0.162737 -1.067391
0 0.429578 0.463900 -0.508457 -0.585255
0 0.245561 0.737389 0.163521 -1.063992
0 0.429005 0.463246 -0.509583 -0.586396
0 0.431594 0.466115 -0.521865 -0.580583
0 0.431841 0.465936 -0.521103 -0.580380
0 0.431996 0.465754 -0.520729 -0.581774
0 0.429049 0.463881 -0.509514 -0.584572
0 0.247616 0.733632 0.170421 -1.060130
0 0.247784 0.734889 0.170432 -1.058367
0 0.230322 0.730836 0.153632 -1.057033
0 0.230579 0.729962 0.155298 -1.059647
0 0.430843 0.456596 -0.506570 -0.586762
0 0.247373 0.731492 0.165290 -1.055702
0 0.247286 0.729987 0.164556 -1.057189
0 0.431895 0.468388 -0.508216 -0.587362
0 0.430957 0.468986 -0.514882 -0.585163
