0 0.709471 0.628228 -0.337871 -0.060210
0 0.708974 0.630851 -0.338832 -0.056322
0 0.710170 0.632075 -0.337044 -0.054185
0 0.428923 0.519388 0.278861 -0.139912
0 0.430173 0.519609 0.281022 -0.141167
0 0.424007 0.520288 0.277367 -0.140892
0 0.425783 0.520391 0.280762 -0.141295
0 0.428358 0.518507 0.280210 -0.140693
0 0.424498 0.520497 0.280904 -0.140165
0 0.701694 0.632604 -0.306236 -0.060658
0 0.701375 0.635069 -0.305679 -0.057466
0 0.701467 0.635633 -0.306280 -0.057146
0 0.420396 0.520348 0.275011 -0.142623
0 0.420281 0.520669 0.274405 -0.140984
0 0.421675 0.519851 0.276148 -0.142980
0 0.677787 0.628491 -0.386992 -0.066899
0 0.431663 0.518932 0.273230 -0.140304
0 0.710286 0.632510 -0.352652 -0.051030
0 0.712262 0.635575 -0.349722 -0.044589
0 0.710383 0.628390 -0.351753 -0.063581
0 0.663148 0.626216 -0.369706 -0.073162
0 0.702192 0.631963 -0.397649 -0.052978
0 0.661774 0.649585 -0.425814 -0.055359
0 0.708286 0.638531 -0.349148 -0.088290
