0 0.687075 0.594145 -0.406300 -0.646127
0 0.685797 0.595671 -0.408112 -0.642974
0 0.686768 0.596934 -0.406433 -0.640305
0 0.685171 0.595674 -0.395140 -0.644294
0 0.683914 0.596539 -0.397408 -0.641823
0 0.683583 0.596542 -0.399357 -0.641276
0 0.245888 0.562012 -0.031852 -0.597831
0 0.245496 0.561515 -0.032466 -0.600038
0 0.245289 0.561385 -0.034462 -0.602949
0 0.245363 0.562025 -0.034037 -0.601919
0 0.685536 0.595836 -0.407426 -0.643776
0 0.243110 0.562624 -0.034579 -0.600449
0 0.243303 0.563430 -0.034644 -0.598991
0 0.684692 0.595952 -0.408578 -0.642370
0 0.684166 0.596319 -0.408200 -0.641203
0 0.245924 0.565286 -0.033677 -0.584588
0 0.245167 0.562235 -0.033436 -0.599132
0 0.245491 0.565831 -0.035160 -0.583949
0 0.243900 0.564004 -0.033498 -0.596130
0 0.496084 0.470396 -0.851285 -0.606630
0 0.496092 0.470918 -0.851998 -0.605745
0 0.496133 0.471031 -0.851387 -0.604847
0 0.239751 0.563301 -0.035670 -0.589519
0 0.239440 0.563664 -0.036411 -0.590777
0 0.244954 0.564539 -0.035600 -0.586665
0 0.496192 0.466805 -0.849882 -0.610724
0 0.495966 0.466986 -0.851596 -0.608104
0 0.494306 0.470992 -0.855392 -0.608242
0 0.495668 0.466822 -0.851458 -0.611174
0 0.496031 0.467728 -0.851352 -0.607306
0 0.495624 0.467153 -0.852154 -0.607678
0 0.241196 0.472397 -0.379758 -0.611783
0 0.241786 0.472552 -0.378927 -0.611237
0 0.567308 0.437065 -0.884194 -0.646645
0 0.241774 0.472811 -0.379076 -0.611267
0 0.243190 0.561667 -0.036659 -0.598910
0 0.238584 0.563557 -0.036460 -0.589983
0 0.242618 0.479282 -0.379899 -0.602398
0 0.495501 0.464636 -0.848312 -0.615106
0 0.567005 0.434429 -0.886584 -0.643811
0 0.568177 0.436016 -0.882889 -0.641042
0 0.242399 0.473422 -0.379827 -0.609724
0 0.567399 0.434494 -0.885434 -0.644924
0 0.394489 0.405569 -0.628837 -0.700251
0 0.242000 0.473688 -0.380213 -0.609332
0 0.242554 0.473197 -0.379487 -0.610302
0 0.568232 0.435881 -0.883815 -0.641343
0 0.242233 0.478890 -0.380542 -0.603068
0 0.395044 0.406035 -0.628860 -0.699825
0 0.566542 0.435043 -0.886838 -0.643319
0 0.568350 0.436698 -0.883509 -0.639278
0 0.291508 0.428358 -0.399922 -0.630930
0 0.566688 0.434380 -0.886583 -0.645584
0 0.244873 0.571046 -0.038370 -0.580056
0 0.244957 0.570907 -0.038203 -0.579748
0 0.497697 0.468807 -0.848257 -0.615363
0 0.291472 0.428274 -0.399120 -0.630819
0 0.496954 0.469800 -0.849781 -0.614398
0 0.497763 0.470411 -0.848534 -0.612517
0 0.241284 0.476019 -0.381983 -0.603062
0 0.495430 0.463703 -0.849697 -0.614897
0 0.564526 0.435895 -0.888369 -0.646688
0 0.495068 0.464235 -0.850757 -0.614130
0 0.391732 0.403704 -0.631241 -0.701876
0 0.292540 0.426661 -0.401025 -0.636145
0 0.289936 0.428151 -0.409298 -0.634240
0 0.240992 0.475326 -0.382479 -0.604615
0 0.292435 0.427455 -0.402117 -0.634356
0 0.572374 0.433394 -0.880149 -0.647062
0 0.388787 0.402851 -0.635818 -0.703804
0 0.292408 0.426793 -0.401939 -0.635563
0 0.680566 0.592898 -0.402007 -0.636874
0 0.291403 0.429394 -0.401246 -0.633698
0 0.286649 0.431386 -0.396704 -0.628697
0 0.242780 0.570392 -0.041551 -0.580601
0 0.391437 0.404895 -0.631260 -0.700676
0 0.291730 0.425353 -0.401743 -0.643596
0 0.291146 0.427452 -0.400479 -0.629353
0 0.237517 0.570097 -0.035727 -0.574063
0 0.291031 0.428117 -0.400613 -0.628242
0 0.291197 0.427836 -0.400502 -0.628589
0 0.237553 0.570492 -0.036251 -0.574628
0 0.291086 0.425066 -0.402245 -0.643838
0 0.568404 0.432583 -0.877091 -0.647601
0 0.241514 0.477219 -0.376018 -0.602695
0 0.388614 0.405800 -0.636554 -0.699471
0 0.241503 0.477679 -0.375915 -0.602697
0 0.571562 0.435040 -0.883598 -0.644467
0 0.389299 0.404519 -0.635567 -0.702042
0 0.234457 0.570138 -0.039358 -0.573748
0 0.241366 0.477028 -0.376436 -0.603709
0 0.570871 0.435001 -0.884472 -0.644416
0 0.388580 0.406151 -0.636129 -0.698732
0 0.571410 0.435697 -0.883503 -0.643310
0 0.393701 0.404715 -0.632111 -0.700771
0 0.288692 0.425787 -0.402521 -0.638411
0 0.288513 0.426422 -0.402740 -0.636795
0 0.288445 0.426563 -0.402527 -0.635555
0 0.498369 0.469379 -0.850356 -0.612230
0 0.242952 0.568575 -0.029417 -0.575875
0 0.244534 0.566607 -0.028480 -0.578812
0 0.497947 0.469124 -0.851435 -0.612651
0 0.564730 0.434580 -0.874259 -0.642723
0 0.390108 0.405420 -0.631704 -0.702145
0 0.394591 0.405441 -0.630709 -0.698518
0 0.244417 0.566409 -0.028772 -0.579488
