0 0.568842 0.874665 -0.522186 0.034429
0 0.568891 0.870548 -0.521482 0.027800
0 0.568484 0.874152 -0.522209 0.035835
0 0.569235 0.866062 -0.527311 0.032546
0 0.568887 0.867238 -0.526813 0.033904
0 0.569148 0.864636 -0.526083 0.029551
0 0.568899 0.833884 -0.524824 -0.028004
0 0.571059 0.887251 -0.483562 -0.420362
0 0.571538 0.882413 -0.482743 -0.427042
0 0.569859 0.890181 -0.486454 -0.418224
0 0.567558 0.860353 -0.522345 0.037456
0 0.567211 0.858717 -0.523055 0.037802
0 0.567649 0.859478 -0.521863 0.040140
0 0.568173 0.859419 -0.531778 0.046758
0 0.567691 0.858357 -0.532594 0.049658
0 0.568511 0.858998 -0.531695 0.050088
0 0.571767 0.837627 -0.515319 -0.028118
0 0.530858 0.417560 -0.719029 0.072731
0 0.531501 0.417604 -0.717804 0.070722
0 0.530012 0.424450 -0.719500 0.091136
0 0.530638 0.424425 -0.717908 0.091189
0 0.565578 0.953421 -0.494974 -0.389076
0 0.527168 0.407652 -0.719767 0.064551
0 0.565357 0.950016 -0.495189 -0.395526
0 0.527308 0.408375 -0.719407 0.065827
0 0.564566 0.953765 -0.496344 -0.391285
0 0.530050 0.423682 -0.719242 0.092551
0 0.533996 0.425220 -0.717340 0.081399
0 0.534137 0.425080 -0.716456 0.080450
0 0.560350 1.005867 -0.538992 -0.356387
0 0.570733 0.841155 -0.523580 0.022690
0 0.560501 1.004947 -0.540342 -0.362440
0 0.561686 1.010430 -0.531003 -0.349085
0 0.570704 0.879700 -0.494144 -0.426064
0 0.570698 0.879585 -0.494644 -0.425444
0 0.570023 0.883147 -0.493146 -0.424525
0 0.529365 0.397806 -0.721775 0.063442
0 0.563611 0.890131 -0.500780 -0.390332
0 0.529682 0.400423 -0.721458 0.060061
0 0.528445 0.396180 -0.722738 0.056116
0 0.553988 0.207363 -1.023247 -0.167119
0 0.530469 0.396038 -0.726993 0.057253
0 0.530274 0.428039 -0.731002 0.095380
0 0.530238 0.429851 -0.731112 0.099182
0 0.530814 0.396281 -0.726806 0.057547
0 0.553985 0.206991 -1.023021 -0.168441
0 0.529077 0.401173 -0.733387 0.063509
0 0.528962 0.398133 -0.733641 0.062818
0 0.551534 1.065132 -0.598139 -0.340084
0 0.529004 0.398341 -0.733141 0.060207
0 0.570654 0.840486 -0.518730 0.019755
0 0.552182 1.062370 -0.599019 -0.349916
0 0.529958 0.425969 -0.731797 0.092933
0 0.553354 0.206908 -1.024212 -0.167795
0 0.116730 0.261345 -0.017235 -0.098042
0 0.565313 0.855420 -0.520341 -0.034783
0 0.556059 1.066034 -0.574736 -0.333686
