0 0.254535 0.962365 0.164181 -0.337639
0 0.253887 0.963125 0.162605 -0.334740
0 0.251893 0.962768 0.161089 -0.335182
0 0.249626 0.905025 0.158869 -0.387301
0 0.248788 0.905254 0.156986 -0.383288
0 0.248016 0.906137 0.156893 -0.381749
0 0.258623 0.985182 0.162212 -0.319313
0 0.258723 0.987897 0.161585 -0.312740
0 0.599905 0.744765 -0.545811 -0.176272
0 0.600220 0.741813 -0.544551 -0.180969
0 0.258482 0.988602 0.158461 -0.310803
0 0.600060 0.745693 -0.542878 -0.174878
0 0.626320 0.562065 -1.115356 -0.540616
0 0.626102 0.558253 -1.114976 -0.553108
0 0.625943 0.561997 -1.115614 -0.539496
0 0.626191 0.560088 -1.115581 -0.543984
0 0.625932 0.558147 -1.115473 -0.552085
0 0.626224 0.557191 -1.114975 -0.554610
0 0.130555 0.203311 -0.077825 0.049621
0 0.468679 1.092534 -0.059113 -0.330310
0 0.259310 0.909931 0.174985 -0.379800
0 0.130555 0.202285 -0.077624 0.046772
0 0.262875 0.931670 0.169496 -0.386761
0 0.467961 1.093189 -0.059090 -0.327455
0 0.130467 0.202748 -0.078073 0.047282
0 0.131626 0.209320 -0.074546 0.074044
0 0.652838 0.462955 -1.207457 -0.391197
0 0.652991 0.461620 -1.207731 -0.393873
0 0.652901 0.463101 -1.207894 -0.391327
0 0.256198 0.901704 0.161787 -0.377684
0 0.132890 0.209488 -0.071752 0.075052
0 0.132234 0.207724 -0.075852 0.085336
0 0.256869 0.902691 0.162352 -0.373355
0 0.256662 0.904855 0.160579 -0.368958
0 0.653038 0.465991 -1.210276 -0.393684
0 0.481971 1.120923 -0.147109 0.270645
0 0.475609 0.976396 -0.176734 0.154869
0 0.629492 0.566027 -1.110429 -0.534438
0 0.133604 0.205958 -0.074850 0.074416
0 0.446091 1.060848 -0.101227 -0.441522
0 0.482355 1.122870 -0.147026 0.272550
0 0.447701 1.063874 -0.099985 -0.434357
0 0.653142 0.463141 -1.209726 -0.400178
0 0.653454 0.464943 -1.209325 -0.395319
0 0.133767 0.206931 -0.074356 0.075446
0 0.133148 0.205424 -0.075778 0.072223
0 0.447503 1.064695 -0.099998 -0.433554
0 0.474880 0.976894 -0.176660 0.156353
0 0.133736 0.208054 -0.073125 0.086606
0 0.603065 0.745709 -0.550388 -0.241015
0 0.602890 0.741335 -0.549843 -0.250600
0 0.625854 0.549025 -1.119722 -0.555843
0 0.128528 0.200536 -0.077959 0.027289
0 0.128480 0.200522 -0.078417 0.028833
0 0.602058 0.746387 -0.550765 -0.239494
0 0.813626 1.046829 -0.208920 -0.538616
0 0.630378 0.576048 -1.109652 -0.513018
0 0.468001 1.082972 -0.058011 -0.361990
0 0.128772 0.199665 -0.077847 0.026780
0 0.814093 1.050625 -0.207381 -0.533278
0 0.813679 1.048524 -0.208878 -0.537939
0 0.596873 0.719806 -0.574166 -0.180773
0 0.597293 0.718319 -0.573441 -0.185439
0 0.487746 0.964695 -0.196707 0.153240
0 0.625232 0.551340 -1.118047 -0.548257
0 0.228779 0.897734 0.145903 -0.401814
0 0.490277 1.128959 -0.187398 0.280022
0 0.129432 0.189790 -0.078172 -0.015731
0 0.597137 0.716196 -0.574517 -0.190254
0 0.487381 0.963104 -0.197847 0.150590
0 0.490556 1.130759 -0.187260 0.282808
