0 0.312319 0.629974 -0.071481 0.338656
0 0.312083 0.631729 -0.071271 0.341293
0 0.638971 0.842248 -0.698458 -0.445860
0 0.639910 0.843992 -0.696181 -0.441942
0 0.639995 0.842833 -0.696174 -0.442690
0 0.293299 0.640482 -0.122335 -0.168656
0 0.657037 0.791442 -0.685430 0.070575
0 0.656448 0.791199 -0.686065 0.068403
0 0.293342 0.637383 -0.121646 -0.170247
0 0.296876 0.614961 -0.115609 -0.171455
0 0.659872 0.854511 -0.678606 0.124640
0 0.292803 0.637877 -0.123030 -0.167380
0 0.659119 0.855453 -0.677890 0.126749
0 0.297471 0.614633 -0.113888 -0.171207
0 0.296783 0.615901 -0.115220 -0.169228
0 0.643660 0.825179 -0.699086 -0.453108
0 0.643353 0.825660 -0.699929 -0.451986
0 0.642474 0.826329 -0.700321 -0.451935
0 0.312865 0.649872 -0.069833 0.356523
0 0.312002 0.650987 -0.071588 0.357754
0 0.315195 0.633456 -0.067012 0.328126
0 0.314540 0.626649 -0.062342 0.334971
0 0.316181 0.625111 -0.058891 0.332683
0 0.318821 0.630274 -0.054662 0.325132
0 0.668888 0.756081 -0.657859 0.006005
0 0.302827 0.612333 -0.113212 -0.177225
0 0.305589 0.609022 -0.106406 -0.150411
0 0.293905 0.634542 -0.128599 -0.178567
0 0.313011 0.623444 -0.066954 0.280788
0 0.633659 0.844479 -0.704249 -0.453777
0 0.293424 0.635999 -0.131505 -0.169815
0 0.662919 0.770548 -0.668050 -0.006631
0 0.294105 0.635870 -0.128994 -0.171303
0 0.634566 0.811581 -0.696464 -0.488375
0 0.631877 0.844017 -0.707415 -0.454663
0 0.635579 0.800528 -0.703484 -0.462808
0 0.636889 0.849958 -0.723794 -0.441097
0 0.631498 0.844277 -0.707714 -0.453122
0 0.644533 0.740878 -0.688903 -0.015239
0 0.659938 0.865590 -0.681387 0.133618
0 0.659253 0.865489 -0.682322 0.134880
0 0.641547 0.762505 -0.692005 -0.013922
0 0.637041 0.850603 -0.723556 -0.437565
0 0.637051 0.850636 -0.723389 -0.439508
0 0.657826 0.783354 -0.684402 0.071472
0 0.643758 0.802841 -0.709198 -0.454406
0 0.299543 0.615816 -0.111292 -0.184122
0 0.656517 0.783826 -0.686129 0.073191
0 0.629021 0.813849 -0.700830 -0.540741
0 0.640198 0.813142 -0.715880 -0.483099
0 0.648377 0.787274 -0.703836 -0.417082
0 0.301825 0.614536 -0.118096 -0.146316
0 0.301844 0.609031 -0.115340 -0.158757
0 0.301942 0.613176 -0.116075 -0.150085
0 0.307008 0.608187 -0.098150 -0.150324
0 0.321116 0.622315 -0.060729 0.337933
0 0.655474 0.706253 -0.692993 0.015506
0 0.630293 0.846142 -0.705799 -0.493613
0 0.628554 0.820582 -0.734939 -0.528236
