0 0.662936 1.000072 -1.059822 -0.860280
0 0.663500 1.001082 -1.058449 -0.859566
0 0.664242 0.993562 -1.059514 -0.863903
0 0.664882 0.993639 -1.058381 -0.864735
0 0.663350 0.991253 -1.063167 -0.869594
0 0.664057 0.991448 -1.062061 -0.869060
0 0.666105 0.994847 -1.054650 -0.862225
0 0.665665 0.993802 -1.055143 -0.866307
0 0.662875 0.996753 -1.059687 -0.863226
0 0.663205 0.999634 -1.058893 -0.860402
0 0.646366 1.174422 0.434229 0.248572
0 0.663276 0.990923 -1.058506 -0.860988
0 0.663157 0.991336 -1.058715 -0.862791
0 0.658948 0.991278 -1.069117 -0.894214
0 0.658711 0.991307 -1.069436 -0.893102
