0 0.524629 0.733703 -0.201660 -0.710275
0 0.524538 0.733668 -0.201488 -0.711410
0 0.523629 0.733249 -0.202140 -0.712216
0 0.524237 0.735186 -0.201539 -0.708862
0 0.523559 0.733884 -0.201605 -0.712567
0 0.523654 0.734041 -0.202695 -0.711474
0 0.526611 0.737744 -0.201780 -0.705975
0 0.529839 0.733609 -0.197861 -0.704585
0 0.529415 0.738716 -0.213624 -0.699469
0 0.534473 0.735930 -0.201705 -0.701343
0 0.522816 0.732905 -0.193286 -0.714407
0 0.524204 0.733850 -0.190763 -0.713430
0 0.524568 0.732900 -0.188809 -0.713675
0 0.521815 0.732876 -0.195707 -0.708333
0 0.522221 0.732791 -0.194244 -0.708757
0 0.523537 0.734226 -0.191396 -0.705530
