0 0.723587 1.018624 -0.220521 0.135632
0 0.724179 1.013358 -0.217827 0.125744
0 0.721916 1.002924 -0.211006 0.095817
0 0.722682 0.999196 -0.211072 0.090497
0 0.719803 1.018026 -0.209056 0.115293
0 0.719234 1.019179 -0.209832 0.116467
0 0.731408 1.022680 -0.209442 0.134252
0 0.731881 1.022954 -0.209016 0.134360
0 0.686998 0.421597 -0.958666 -0.241553
0 0.686614 0.422437 -0.959824 -0.241162
0 0.661352 0.367348 -1.149738 -0.238789
0 0.663052 0.345210 -1.143513 -0.253088
0 0.689085 0.422424 -0.969307 -0.229003
0 0.663249 0.347138 -1.143457 -0.250989
0 0.689892 0.422416 -0.968594 -0.229125
0 0.663127 0.346258 -1.142475 -0.251962
0 0.662476 0.350914 -1.148790 -0.243836
0 0.663424 0.370913 -1.141984 -0.242206
0 0.663383 0.369000 -1.142006 -0.245423
0 0.688956 0.422420 -0.951350 -0.238870
0 0.663582 0.369114 -1.141060 -0.245943
0 0.662793 0.375110 -1.136911 -0.232582
0 0.685910 0.417186 -0.968383 -0.241367
0 0.684605 0.416883 -0.970849 -0.242262
0 0.685850 0.416566 -0.968460 -0.243182
0 0.722109 0.989287 -0.211087 0.070620
0 0.663113 0.357391 -1.143974 -0.237544
0 0.660202 0.338735 -1.150044 -0.262645
0 0.687534 0.422088 -0.966166 -0.244106
0 0.687230 0.420729 -0.967013 -0.246796
0 0.689102 0.424666 -0.954816 -0.226005
0 0.719599 0.991664 -0.208440 0.072219
0 0.682714 0.415958 -0.974964 -0.237356
0 0.682847 0.414658 -0.974743 -0.240177
0 0.682848 0.414174 -0.975098 -0.240768
0 0.665394 0.335535 -1.130710 -0.261869
0 0.661404 0.342921 -1.146755 -0.254440
0 0.724880 0.989381 -0.218018 0.079333
