0 0.395103 0.603002 -0.565321 -0.423474
0 0.395463 0.604047 -0.564968 -0.422707
0 0.319200 1.317211 0.214641 0.202069
0 0.396374 0.586223 -0.563196 -0.434447
0 0.395794 0.628307 -0.563867 -0.392890
0 0.396400 0.584715 -0.562724 -0.437061
0 0.396409 0.584432 -0.563182 -0.438521
0 0.395733 0.628931 -0.563927 -0.393541
0 0.485452 0.740595 -0.617974 -0.244479
0 0.485902 0.741581 -0.615722 -0.242698
0 0.396165 0.629108 -0.563105 -0.393167
0 0.402085 0.624878 -0.561845 -0.371328
0 0.482852 0.724562 -0.628558 -0.256025
0 0.482282 0.724560 -0.629465 -0.257389
0 0.450861 0.658543 -0.539715 -0.576192
0 0.451408 0.660187 -0.540644 -0.574273
0 0.412318 0.660387 -0.551456 -0.422067
0 0.411633 0.656944 -0.551821 -0.429184
0 0.391984 0.594017 -0.568422 -0.424036
0 0.392032 0.593423 -0.568312 -0.424782
0 0.392455 0.593389 -0.567492 -0.424512
0 0.404703 0.623111 -0.559193 -0.380009
0 0.395946 0.572418 -0.562072 -0.433205
0 0.395563 0.572687 -0.562278 -0.430642
0 0.465276 0.670791 -0.530282 -0.584415
0 0.464762 0.671522 -0.532534 -0.584856
0 0.390236 0.636361 -0.565407 -0.382926
0 0.474960 0.716804 -0.645404 -0.239857
0 0.348987 1.293303 0.230830 0.103023
0 0.474791 0.712444 -0.645689 -0.243423
0 0.427147 0.631061 -0.552094 -0.618052
0 0.390097 0.635903 -0.565082 -0.384376
0 0.427017 0.630021 -0.552434 -0.620891
0 0.390090 0.633993 -0.565462 -0.387773
0 0.515323 0.404131 -0.848319 -0.202798
0 0.475329 0.726096 -0.651830 -0.217062
0 0.426827 0.627962 -0.552847 -0.623886
0 0.474545 0.722641 -0.653562 -0.219150
0 0.392111 0.543656 -0.566128 -0.452989
0 0.317552 0.695558 -0.261292 -0.597890
0 0.393997 0.527133 -0.564553 -0.472855
0 0.433146 0.639343 -0.549580 -0.615154
0 0.514256 0.395543 -0.855496 -0.206708
0 0.518432 0.401615 -0.847167 -0.219582
0 0.317179 0.693783 -0.261536 -0.599518
0 0.681251 0.882336 -1.031600 0.374851
0 0.432331 0.639907 -0.550979 -0.612289
0 0.316287 0.696187 -0.261719 -0.597915
0 0.432344 0.640977 -0.552123 -0.608957
0 0.516822 0.409003 -0.843999 -0.197242
0 0.396199 0.540923 -0.563157 -0.464272
0 0.396158 0.540256 -0.563226 -0.463316
0 0.316024 0.694043 -0.262284 -0.598990
0 0.533234 0.552840 -0.761320 -0.120142
0 0.396255 0.541520 -0.563144 -0.461532
0 0.515865 0.390892 -0.851524 -0.217850
0 0.515813 0.392478 -0.851713 -0.215458
0 0.501228 0.743559 -0.550085 -0.238712
0 0.682057 0.956083 -1.027163 0.440524
0 0.533396 0.551017 -0.764351 -0.122755
0 0.519689 0.403234 -0.845163 -0.217916
