0 0.393718 1.034914 0.016777 -0.614632
0 0.394157 1.033442 0.017035 -0.616153
0 0.393832 1.035810 0.017069 -0.614268
0 0.388559 1.030517 0.016601 -0.614416
0 0.388345 1.031593 0.016629 -0.612988
0 0.388771 1.032510 0.016698 -0.612117
0 0.385333 1.022941 0.009928 -0.617657
0 0.390950 1.015001 0.006046 -0.633508
0 0.385284 1.034203 0.015490 -0.614721
0 0.385263 1.035612 0.015637 -0.611959
0 0.384955 1.035388 0.015235 -0.611559
0 0.800022 1.283866 -0.346513 0.875800
0 0.800979 1.292021 -0.343018 0.897446
0 0.819289 1.315624 -0.238380 0.791457
0 0.819649 1.315159 -0.237128 0.796457
0 0.401731 1.032512 0.016787 -0.618992
0 0.401957 1.035108 0.017202 -0.614154
0 0.401771 1.034619 0.016062 -0.614745
0 0.801346 1.281890 -0.290325 0.857229
0 0.803108 1.288620 -0.285891 0.876113
0 0.384673 1.004526 0.013607 -0.627326
