0 0.407076 0.811245 -0.444957 0.125760
0 0.407472 0.812150 -0.444365 0.127253
0 0.408140 0.813885 -0.454542 0.132733
0 0.407920 0.813392 -0.453719 0.135028
0 0.411738 0.866922 -0.436542 0.184173
0 0.521558 1.221875 -0.276071 -0.126057
0 0.521634 1.225124 -0.276412 -0.118920
0 0.411125 0.866278 -0.436564 0.183529
0 0.149073 0.501935 -0.172693 -0.554068
0 0.149688 0.505937 -0.168980 -0.545386
0 0.148481 0.501921 -0.171160 -0.551661
0 0.148970 0.501808 -0.172669 -0.554498
0 0.149702 0.504129 -0.169037 -0.549859
0 0.148452 0.500582 -0.171253 -0.553869
0 0.149624 0.505119 -0.168350 -0.547489
0 0.148425 0.501115 -0.170358 -0.552757
0 0.366484 0.831706 -0.089316 -0.191159
0 0.366995 0.834224 -0.089804 -0.191423
0 0.365864 0.830968 -0.091183 -0.191894
0 0.410960 0.889226 -0.439564 0.190463
0 0.493773 0.787924 -0.743850 -0.567188
0 0.152088 0.508899 -0.160232 -0.541872
0 0.152041 0.508445 -0.160636 -0.542875
0 0.412890 0.814333 -0.432480 0.132090
0 0.493258 0.784904 -0.746327 -0.573505
0 0.411357 0.885542 -0.440197 0.187747
0 0.152032 0.508483 -0.161045 -0.542676
0 0.494307 0.783154 -0.744672 -0.566266
0 0.494802 0.785421 -0.744043 -0.563512
0 0.404759 0.792446 -0.446094 0.033596
0 0.409887 0.719737 -0.451113 0.071181
0 0.403688 0.796949 -0.451625 0.117366
0 0.410170 0.717505 -0.449802 0.066357
0 0.496360 1.229510 -0.278962 -0.096706
0 0.657448 1.084432 -1.176749 -1.103138
0 0.497086 1.230344 -0.278989 -0.094396
0 0.151243 0.508083 -0.160684 -0.540111
0 0.407253 0.754567 -0.455464 0.112736
0 0.419302 0.869469 -0.413212 0.186382
0 0.152413 0.507206 -0.158673 -0.543643
0 0.657566 1.085353 -1.176672 -1.135000
