0 0.779888 0.727566 -0.396478 -0.281535
0 0.779115 0.727484 -0.397402 -0.281263
0 0.776547 0.728589 -0.403761 -0.279708
0 0.572905 0.691767 -0.522711 -0.382635
0 0.573628 0.692279 -0.520302 -0.381163
0 0.574115 0.693756 -0.519674 -0.377571
0 0.564496 0.686985 -0.529754 -0.388177
0 0.565800 0.687193 -0.528517 -0.389102
0 0.566289 0.687208 -0.526403 -0.388774
0 0.744289 0.738461 -0.594693 -0.269264
0 0.743731 0.739413 -0.596379 -0.268363
0 0.742992 0.738565 -0.598169 -0.269129
0 0.777700 0.728977 -0.405946 -0.281431
0 0.774620 0.730383 -0.412625 -0.278362
0 0.778913 0.730296 -0.403958 -0.281416
0 0.569285 0.695640 -0.539936 -0.391726
0 0.563933 0.689346 -0.526176 -0.411701
0 0.565699 0.686141 -0.531797 -0.408599
0 0.393596 0.601658 -0.611243 -0.836573
0 0.581865 0.704517 -0.530418 -0.350281
0 0.582318 0.704547 -0.527743 -0.349529
0 0.776094 0.713879 -0.381686 -0.298174
0 0.774956 0.713888 -0.380716 -0.297932
0 0.563954 0.696717 -0.549293 -0.395876
0 0.583186 0.704085 -0.526374 -0.350820
0 0.773767 0.714462 -0.385525 -0.296564
0 0.392507 0.603348 -0.612779 -0.839374
0 0.396262 0.602705 -0.607223 -0.836027
0 0.400754 0.607057 -0.607039 -0.826105
0 0.399746 0.605376 -0.609555 -0.828973
0 0.408282 0.606472 -0.605623 -0.833256
0 0.400272 0.604977 -0.607735 -0.829736
0 0.409137 0.605405 -0.598417 -0.832012
0 0.779454 0.716517 -0.364919 -0.298219
0 0.679015 0.744134 -1.049993 -0.313643
0 0.410394 0.603629 -0.597883 -0.834799
0 0.780766 0.715786 -0.360591 -0.301282
0 0.778150 0.717118 -0.366836 -0.295058
