0 0.488525 1.070318 -0.378198 -0.381320
0 0.488933 1.070505 -0.377805 -0.385158
0 0.489580 1.068484 -0.375745 -0.386035
0 0.486492 1.067825 -0.377984 -0.399449
0 0.486604 1.068347 -0.376832 -0.398337
0 0.485581 1.065841 -0.378133 -0.403131
0 0.417641 1.138824 0.273316 0.086605
0 0.701112 1.163023 -0.683249 0.196625
0 0.699407 1.165756 -0.687076 0.202309
0 0.493657 1.057373 -0.372503 -0.406131
0 0.486449 1.054458 -0.365680 -0.411444
0 0.736872 1.089341 -0.713866 -0.308696
0 0.737522 1.090338 -0.715838 -0.306442
0 0.488650 1.066327 -0.382190 -0.382418
0 0.489294 1.067227 -0.380647 -0.384035
0 0.488337 1.065658 -0.383299 -0.382476
0 0.729389 1.065157 -0.742801 -0.414247
0 0.727930 1.070544 -0.746217 -0.403454
0 0.741109 1.076236 -0.677260 -0.308525
0 0.741520 1.075837 -0.674491 -0.313755
0 0.727643 1.070481 -0.749183 -0.405232
0 0.700557 1.102063 -0.678627 0.164503
0 0.699587 1.102329 -0.680515 0.163193
0 0.720302 1.161326 -0.669301 0.054153
0 0.717784 1.164065 -0.674282 0.061687
0 0.737808 1.083427 -0.711614 -0.339159
0 0.705732 1.168301 -0.661849 0.196950
0 0.706481 1.171255 -0.661474 0.204681
0 0.736309 1.059985 -0.704932 -0.442029
0 0.736285 1.061661 -0.704907 -0.438910
0 0.735407 1.061695 -0.707593 -0.437228
0 0.690925 1.085037 -0.974525 -0.328674
0 0.712118 1.103424 -0.660558 0.030371
0 0.489059 1.065349 -0.352496 -0.387606
0 0.489942 1.064951 -0.351455 -0.389329
0 0.711049 1.069047 -0.663319 0.027072
0 0.487006 1.064445 -0.356122 -0.389541
0 0.491587 1.064217 -0.369740 -0.417478
0 0.739703 1.080193 -0.676121 -0.337572
