0 0.642984 0.740335 -0.560493 -0.438682
0 0.644001 0.742354 -0.558828 -0.437437
0 0.642701 0.742178 -0.559051 -0.437494
0 0.298358 1.129732 -0.035701 -0.031375
0 0.645323 0.745182 -0.554228 -0.429786
0 0.645938 0.743906 -0.554544 -0.432708
0 0.299320 1.130788 -0.034365 -0.032386
0 0.643361 0.746440 -0.555251 -0.427337
0 0.295672 1.129825 -0.039984 -0.032294
0 0.296640 1.130575 -0.039167 -0.030625
0 0.653851 0.741349 -0.540453 -0.435296
0 0.301448 0.624021 -0.283020 -0.569239
0 0.301230 0.623866 -0.282865 -0.568133
0 0.304199 0.619093 -0.281503 -0.577884
0 0.304321 0.618091 -0.279526 -0.579662
0 0.300789 0.619939 -0.284316 -0.578226
0 0.301066 0.617013 -0.283014 -0.585090
0 0.298903 1.095832 -0.034520 -0.081937
0 0.652953 0.737923 -0.544224 -0.434749
0 0.300979 0.617965 -0.282852 -0.582636
0 0.646678 0.739946 -0.551441 -0.445417
0 0.647008 0.738084 -0.551291 -0.448910
0 0.647367 0.738992 -0.550345 -0.448178
0 0.303010 0.615589 -0.285639 -0.587436
0 0.303024 0.617520 -0.285478 -0.583752
0 0.303144 0.615373 -0.284775 -0.588237
0 0.298978 1.102503 -0.036468 -0.071835
0 0.294226 1.139028 -0.036813 -0.040199
0 0.299813 0.618728 -0.278206 -0.570993
0 0.300234 0.618077 -0.277404 -0.571694
0 0.289366 1.123633 -0.042440 -0.085809
0 0.650456 0.740589 -0.540803 -0.466910
0 0.290551 1.123182 -0.041416 -0.088173
0 0.649446 0.741142 -0.542425 -0.413934
0 0.302696 0.616547 -0.270541 -0.575166
0 0.303339 0.616756 -0.269815 -0.576261
0 0.303858 0.617765 -0.268837 -0.573329
0 0.297860 1.145885 -0.036503 -0.029892
0 0.645641 0.738046 -0.570434 -0.430599
0 0.643787 0.738272 -0.574571 -0.432085
0 0.644244 0.739753 -0.573937 -0.430387
