0 0.365423 0.555900 -0.531089 -0.767894
0 0.367304 0.555871 -0.527337 -0.768352
0 0.365889 0.555219 -0.528990 -0.771852
0 0.365867 0.555497 -0.529259 -0.771322
0 0.365853 0.554936 -0.528939 -0.772455
0 0.365736 0.554258 -0.529308 -0.772765
0 0.364945 0.558431 -0.527332 -0.770585
0 0.367331 0.552384 -0.524696 -0.771703
0 0.367222 0.556327 -0.525607 -0.766954
0 0.367201 0.556123 -0.525657 -0.767309
0 0.365164 0.558399 -0.527061 -0.771885
0 0.366776 0.556343 -0.526839 -0.767310
0 0.367547 0.554156 -0.524454 -0.769994
0 0.366621 0.555139 -0.527840 -0.771810
0 0.363805 0.552227 -0.532335 -0.772083
0 0.365291 0.553158 -0.529275 -0.770189
0 0.367196 0.558194 -0.526561 -0.769633
0 0.367422 0.558572 -0.526787 -0.768373
0 0.367024 0.558090 -0.527069 -0.768304
0 0.364994 0.556941 -0.526304 -0.769852
0 0.364903 0.557192 -0.526601 -0.769564
0 0.362643 0.550335 -0.529878 -0.769147
0 0.364095 0.549993 -0.531762 -0.766370
0 0.364548 0.550301 -0.531319 -0.765390
0 0.364274 0.550920 -0.532343 -0.764417
0 0.363065 0.549298 -0.528728 -0.771397
