0 0.565116 0.511959 -0.773163 -0.749407
0 0.564581 0.511346 -0.774413 -0.750652
0 0.565055 0.511741 -0.773455 -0.749166
0 0.563021 0.511948 -0.773832 -0.751313
0 0.561364 0.512125 -0.776423 -0.749424
0 0.566068 0.512091 -0.765834 -0.747119
0 0.563129 0.512057 -0.776556 -0.748256
0 0.563087 0.512811 -0.775781 -0.745529
0 0.563153 0.512373 -0.775856 -0.747479
0 0.559544 0.512828 -0.778277 -0.749242
0 0.562408 0.512318 -0.774398 -0.747893
0 0.562753 0.512775 -0.774289 -0.747379
0 0.563017 0.511883 -0.773766 -0.748448
0 0.553608 0.511956 -0.780994 -0.748318
0 0.563287 0.515011 -0.772617 -0.745034
0 0.561809 0.513974 -0.775193 -0.746108
0 0.559576 0.512644 -0.778246 -0.747769
0 0.573582 0.510886 -0.763894 -0.748684
0 0.568103 0.516510 -0.762089 -0.745423
