0 0.724858 1.074753 -0.776383 -0.334052
0 0.723082 1.073891 -0.779535 -0.336389
0 0.725329 1.072048 -0.775273 -0.343638
0 0.444794 1.053386 -0.229490 -0.506714
0 0.445122 1.055159 -0.228791 -0.504290
0 0.445861 1.054340 -0.226177 -0.506093
0 0.728595 1.072520 -0.770347 -0.333692
0 0.728738 1.072558 -0.770019 -0.333352
0 0.457598 1.052181 -0.218072 -0.513998
0 0.729062 1.060590 -0.768789 -0.338461
0 0.458948 1.053778 -0.215939 -0.513843
0 0.728323 1.072081 -0.770793 -0.338036
0 0.457915 1.052324 -0.219786 -0.520010
0 0.723992 1.048446 -0.779361 -0.333809
0 0.722759 1.047028 -0.781017 -0.337215
0 0.724449 1.063251 -0.793567 -0.333470
0 0.724062 1.041286 -0.778763 -0.345551
0 0.725577 1.085211 -0.776713 -0.333876
0 0.723661 1.083692 -0.780145 -0.337361
0 0.724753 1.078032 -0.777724 -0.348086
0 0.436723 1.049329 -0.241843 -0.505526
0 0.436600 1.050676 -0.243128 -0.499972
0 0.437735 1.052812 -0.240693 -0.494222
0 0.730458 1.088031 -0.761811 -0.314534
0 0.721270 1.099717 -0.799486 -0.288833
0 0.561866 1.056364 -0.294250 -0.493913
0 0.561443 1.054596 -0.293115 -0.497384
0 0.426192 1.056586 -0.253656 -0.489398
0 0.559023 1.053311 -0.295919 -0.500217
0 0.418308 0.748248 -0.425665 -0.670032
0 0.417787 0.747573 -0.427671 -0.671546
0 0.578224 1.056577 -0.146686 -0.501907
0 0.579736 1.057362 -0.144083 -0.501459
0 0.578739 1.058013 -0.146018 -0.502844
0 0.415316 0.744029 -0.449793 -0.673510
0 0.415240 0.743360 -0.451128 -0.673042
