0 0.652926 0.438362 -0.770956 0.279193
0 0.652742 0.439994 -0.770859 0.283419
0 0.652931 0.438839 -0.770699 0.279012
0 0.740475 0.486901 -0.553619 0.058559
0 0.739898 0.486646 -0.554917 0.057348
0 0.741859 0.486532 -0.551126 0.058524
0 0.746383 0.492853 -0.551435 0.059599
0 0.748147 0.493385 -0.549851 0.060968
0 0.747542 0.493434 -0.550359 0.060095
0 0.651254 0.441958 -0.773720 0.284280
0 0.651935 0.441878 -0.772557 0.280860
0 0.652058 0.442811 -0.772119 0.281697
0 0.652422 0.464645 -0.772413 0.297981
0 0.650717 0.443561 -0.779228 0.285575
0 0.684060 0.501097 -0.696667 0.296484
0 0.686494 0.498255 -0.692080 0.292168
0 0.731429 0.477059 -0.566919 0.093551
0 0.732567 0.478583 -0.565784 0.098625
0 0.730978 0.476847 -0.568988 0.093187
0 0.691199 0.500532 -0.679482 0.291142
0 0.322712 0.632376 0.211752 0.385328
0 0.867379 1.119977 0.465215 0.441813
0 0.650682 0.428116 -0.775717 0.280636
0 0.650456 0.428703 -0.777345 0.282283
0 0.651775 0.428377 -0.773760 0.280720
