0 0.288196 0.878025 -0.097577 -0.050420
0 0.287924 0.877696 -0.098207 -0.049111
0 0.430133 0.783327 -0.363506 -0.094234
0 0.429953 0.784084 -0.363481 -0.093016
0 0.287477 0.876997 -0.098866 -0.049618
0 0.510627 0.760622 -0.645417 -0.121643
0 0.510472 0.760641 -0.645353 -0.121613
0 0.429812 0.782337 -0.364414 -0.095983
0 0.510450 0.754250 -0.645183 -0.130216
0 0.510968 0.753375 -0.644424 -0.130949
0 0.668471 0.604323 -0.816960 -0.421790
0 0.668017 0.603641 -0.817194 -0.422786
0 0.669044 0.603964 -0.812716 -0.422365
0 0.287794 0.855688 -0.103188 -0.076261
0 0.290066 0.891792 -0.095658 -0.033878
0 0.289492 0.889477 -0.097115 -0.036953
0 0.287634 0.850076 -0.099025 -0.065553
0 0.278241 0.933523 -0.103401 -0.555034
0 0.668655 0.604361 -0.818052 -0.420193
0 0.288457 0.889535 -0.098944 -0.034675
0 0.287831 0.849497 -0.098876 -0.069006
0 0.668431 0.603777 -0.818643 -0.418802
0 0.278169 0.932742 -0.104104 -0.557044
0 0.668488 0.604851 -0.819427 -0.418951
0 0.287697 0.849433 -0.098954 -0.067584
0 0.278662 0.933955 -0.100984 -0.554862
0 0.429102 0.773409 -0.367635 -0.128423
0 0.431225 0.783987 -0.368661 -0.089070
0 0.510925 0.744447 -0.649496 -0.149671
0 0.428766 0.782653 -0.372137 -0.090131
0 0.430120 0.782459 -0.370387 -0.089219
0 0.487354 0.700616 -0.653706 -0.561220
0 0.486611 0.699876 -0.654778 -0.562403
0 0.509087 0.758427 -0.639618 -0.135548
0 0.510642 0.741377 -0.649871 -0.149084
0 0.429124 0.804384 -0.359170 -0.086053
0 0.671020 0.615233 -0.814986 -0.395514
0 0.429622 0.805492 -0.358516 -0.084543
0 0.387268 0.792478 -0.420985 -0.583632
0 0.387241 0.792896 -0.420494 -0.582986
0 0.396567 0.806225 -0.391285 -0.518577
0 0.508090 0.746206 -0.646763 -0.148723
0 0.396603 0.808897 -0.391236 -0.515831
0 0.429626 0.805614 -0.360287 -0.084666
0 0.506880 0.744173 -0.648940 -0.147194
0 0.670531 0.616822 -0.816193 -0.395837
0 0.276964 0.931174 -0.105898 -0.564363
0 0.622025 0.559614 -0.954259 -0.185209
0 0.277254 0.932784 -0.105798 -0.560914
0 0.621942 0.559486 -0.954304 -0.185511
0 0.669640 0.595736 -0.814672 -0.456568
0 0.278613 0.933086 -0.103900 -0.559742
0 0.508073 0.756880 -0.641667 -0.138803
0 0.431204 0.769857 -0.356035 -0.127211
0 0.490410 0.728936 -0.657379 -0.425522
0 0.490850 0.724539 -0.655867 -0.432713
0 0.624868 0.566012 -0.951527 -0.173229
0 0.625166 0.565151 -0.951419 -0.176153
0 0.669088 0.595211 -0.816027 -0.459701
0 0.286975 0.892914 -0.100017 -0.047464
0 0.510399 0.752632 -0.644503 -0.140063
0 0.622777 0.555826 -0.954008 -0.187113
0 0.493490 0.699766 -0.650327 -0.572966
0 0.493079 0.697598 -0.650595 -0.577640
0 0.624979 0.563012 -0.952023 -0.173938
0 0.622721 0.555656 -0.954010 -0.185815
0 0.657221 0.633523 -0.843022 -0.261155
0 0.510128 0.752815 -0.645351 -0.141405
0 0.657329 0.635543 -0.842387 -0.255956
0 0.658636 0.634105 -0.839601 -0.261067
0 0.636033 0.621423 -0.935331 -0.135006
0 0.399132 0.807135 -0.378486 -0.517151
0 0.287969 0.830685 -0.103917 -0.087894
0 0.635692 0.623197 -0.939757 -0.131699
0 0.281621 0.927872 -0.102234 -0.499592
0 0.282162 0.931128 -0.101916 -0.495542
0 0.515475 0.761724 -0.636725 -0.118295
0 0.513811 0.753768 -0.633857 -0.130858
0 0.430165 0.767070 -0.370201 -0.120721
0 0.281632 0.928828 -0.100232 -0.498096
0 0.282164 0.917991 -0.103242 -0.601622
0 0.669359 0.596655 -0.811093 -0.484568
0 0.669289 0.597163 -0.812171 -0.484039
0 0.392423 0.801810 -0.401275 -0.572029
0 0.485363 0.701206 -0.658754 -0.573681
0 0.391901 0.798245 -0.403469 -0.581015
0 0.668986 0.595099 -0.811488 -0.487255
0 0.484340 0.700504 -0.660667 -0.575655
0 0.484293 0.702256 -0.660871 -0.572548
0 0.284434 0.925765 -0.099273 -0.534389
0 0.399749 0.786686 -0.359967 -0.520667
0 0.287675 0.962581 -0.094712 0.024101
0 0.392248 0.790388 -0.402714 -0.600520
0 0.429655 0.755958 -0.356425 -0.127557
0 0.509772 0.744139 -0.653188 -0.134231
0 0.391658 0.791206 -0.384534 -0.585310
0 0.395745 0.783232 -0.364716 -0.524139
0 0.510200 0.744552 -0.652279 -0.134228
0 0.385114 0.799004 -0.447757 -0.585558
0 0.392349 0.792292 -0.385206 -0.583536
0 0.428078 0.762060 -0.370657 -0.098061
0 0.428918 0.760953 -0.370021 -0.099448
0 0.275243 0.927328 -0.112943 -0.609389
0 0.385519 0.795530 -0.448217 -0.591710
0 0.274708 0.927391 -0.114559 -0.609260
0 0.429047 0.762297 -0.367994 -0.097601
0 0.287753 0.957649 -0.094824 0.013072
0 0.287635 0.961467 -0.095874 0.020888
0 0.396345 0.794314 -0.374798 -0.578583
0 0.382568 0.793729 -0.470608 -0.618312
0 0.277455 0.909048 -0.111973 -0.624564
0 0.634581 0.599549 -0.937213 -0.172492
0 0.401827 0.792459 -0.371685 -0.512012
0 0.382799 0.791521 -0.471017 -0.622623
0 0.385147 0.788415 -0.448568 -0.608760
0 0.666001 0.639488 -0.825345 -0.235984
0 0.635635 0.595584 -0.937936 -0.178880
0 0.276087 0.927170 -0.109324 -0.609421
0 0.290789 0.846147 -0.104460 -0.083584
0 0.383354 0.785528 -0.437984 -0.652786
