0 0.870713 1.212616 0.155368 0.051281
0 0.448611 0.830149 -0.444497 0.288154
0 0.448716 0.829126 -0.444360 0.289660
0 0.450096 0.828860 -0.439940 0.285986
0 0.869169 1.206749 0.146443 0.114640
0 0.448233 0.811949 -0.436471 0.307203
0 0.448617 0.812670 -0.435987 0.306427
0 0.449769 0.809528 -0.432443 0.302415
0 0.840626 1.229806 0.137570 0.221544
0 0.452110 0.835307 -0.441586 0.269098
0 0.444555 0.818305 -0.445030 0.239961
0 0.451102 0.876026 -0.431556 0.283554
0 0.447960 0.855820 -0.432780 0.317735
0 0.450419 0.781943 -0.424462 0.277201
0 0.447981 0.854311 -0.431902 0.312456
0 0.449893 0.774865 -0.426503 0.267341
0 0.450286 0.774274 -0.426267 0.267874
