0 0.620879 0.378628 -1.004825 -0.465849
0 0.620842 0.378953 -1.004276 -0.466072
0 0.621115 0.378812 -1.004498 -0.466114
0 0.620523 0.379406 -1.005599 -0.462976
0 0.620010 0.379916 -1.005334 -0.461481
0 0.620732 0.379964 -1.005280 -0.461887
0 0.621204 0.379405 -1.004558 -0.463145
0 0.619407 0.379110 -1.006054 -0.463489
0 0.622586 0.378883 -0.998679 -0.462931
0 0.620128 0.381435 -1.004634 -0.458104
0 0.619833 0.378772 -1.003798 -0.463403
0 0.619178 0.378938 -1.009935 -0.465021
0 0.619182 0.380522 -1.005685 -0.461504
0 0.620424 0.378141 -1.003338 -0.464707
0 0.619258 0.379383 -1.009992 -0.463422
0 0.622715 0.377890 -1.003545 -0.467021
0 0.622521 0.378319 -1.004289 -0.466915
0 0.622720 0.378043 -1.004186 -0.467124
0 0.622459 0.380024 -1.002391 -0.467282
0 0.618569 0.377405 -1.006091 -0.466301
0 0.619888 0.380787 -1.007065 -0.466168
