0 0.202964 0.826228 -0.027539 0.049554
0 0.202832 0.825207 -0.028739 0.047975
0 0.720853 1.011718 -0.726754 0.122503
0 0.719946 1.013441 -0.727496 0.125018
0 0.714122 0.990232 -0.734564 0.093123
0 0.199733 0.803902 -0.028422 0.055103
0 0.199389 0.807068 -0.029861 0.059400
0 0.713398 0.989016 -0.734708 0.087727
0 0.722704 1.012221 -0.737759 0.121310
0 0.722292 1.014867 -0.737585 0.127624
0 0.723117 1.008767 -0.714072 0.089825
0 0.200505 0.823480 -0.023215 0.033491
0 0.200608 0.823208 -0.020910 0.031994
0 0.208398 0.827711 -0.011654 0.052318
0 0.718717 0.983329 -0.742282 0.103021
0 0.719036 0.983083 -0.741198 0.100877
0 0.204929 0.824652 -0.003258 0.032850
0 0.728409 1.006183 -0.715189 0.091203
0 0.392417 0.552353 -0.569302 -0.647831
0 0.392637 0.552208 -0.568608 -0.647563
0 0.392576 0.552691 -0.569191 -0.647000
0 0.200215 0.815820 -0.038675 -0.013535
0 0.203472 0.818543 -0.007750 0.049117
0 0.200239 0.818054 -0.038164 -0.007585
0 0.722354 0.970077 -0.724325 0.072206
0 0.651520 0.479340 -1.210790 0.033666
0 0.651965 0.537494 -1.209556 0.089730
0 0.205802 0.807344 -0.015971 0.059701
