0 0.466358 0.767940 -0.295001 -0.059521
0 0.465626 0.767733 -0.295118 -0.059637
0 0.558590 0.438309 -0.985205 -0.514768
0 0.559311 0.439256 -0.985413 -0.513467
0 0.559602 0.439327 -0.984633 -0.513453
0 0.559792 0.439103 -0.984136 -0.513610
0 0.559732 0.437561 -0.984115 -0.516296
0 0.559912 0.437563 -0.983914 -0.516251
0 0.559343 0.437536 -0.984506 -0.516339
0 0.558964 0.438903 -0.985914 -0.514080
0 0.558580 0.438133 -0.986741 -0.515452
0 0.613481 0.440856 -1.082870 -0.433304
0 0.613123 0.441060 -1.083603 -0.433122
0 0.559002 0.437376 -0.985748 -0.516336
0 0.613265 0.440649 -1.083421 -0.433579
0 0.611162 0.436550 -1.085479 -0.438474
0 0.611368 0.436807 -1.084975 -0.437826
0 0.611460 0.435930 -1.084570 -0.439659
0 0.465256 0.757126 -0.293784 -0.057955
0 0.464853 0.757084 -0.294246 -0.058234
0 0.559785 0.437708 -0.983492 -0.509852
0 0.614387 0.440618 -1.082721 -0.433115
0 0.560732 0.440382 -0.982849 -0.509234
0 0.557898 0.433959 -0.986457 -0.520370
0 0.463701 0.757198 -0.311767 -0.045841
0 0.559909 0.438587 -0.984481 -0.515044
0 0.612604 0.445054 -1.082720 -0.427516
0 0.462000 0.766845 -0.308129 -0.057070
0 0.460515 0.766300 -0.310666 -0.058502
0 0.463512 0.758502 -0.363363 -0.052626
0 0.517427 0.771628 0.310387 -0.214768
0 0.515843 0.770825 0.308626 -0.220951
0 0.618213 0.443618 -1.081145 -0.420470
0 0.566559 0.771188 0.339754 -0.216114
0 0.458558 0.759587 -0.282179 -0.033967
0 0.566728 0.770127 0.342839 -0.220662
0 0.664958 0.766624 -0.291103 -0.096148
0 0.665788 0.764783 -0.288700 -0.100291
0 0.465710 0.745954 -0.295923 -0.093698
0 0.465646 0.738509 -0.297424 -0.046080
0 0.662574 0.756835 -0.299415 -0.165125
0 0.662504 0.757910 -0.300999 -0.161742
0 0.559316 0.434397 -0.985908 -0.522692
0 0.556511 0.441496 -0.987788 -0.516951
0 0.514796 0.771210 0.306881 -0.234973
0 0.609490 0.437425 -1.089092 -0.444989
0 0.562726 0.769791 0.336826 -0.234246
0 0.607036 0.435448 -1.087686 -0.448856
0 0.665052 0.751219 -0.296599 -0.183240
0 0.459463 0.736450 -0.292780 -0.042860
0 0.609828 0.432628 -1.080024 -0.448375
0 0.656260 0.766691 0.402893 -0.232009
0 0.653282 0.763862 0.398862 -0.240658
