0 0.659829 0.586054 -0.980822 0.033502
0 0.657998 0.585398 -0.982779 0.033692
0 0.658306 0.586154 -0.981738 0.035141
0 0.659978 0.586839 -0.980361 0.034057
0 0.294989 0.619704 -0.236871 -0.142439
0 0.295098 0.620329 -0.236520 -0.141415
0 0.447168 0.579860 -0.479632 -0.318139
0 0.446883 0.579585 -0.480287 -0.317315
0 0.440959 0.577605 -0.505878 -0.314454
0 0.440906 0.578679 -0.504701 -0.311676
0 0.296359 0.617017 -0.233287 -0.142435
0 0.296404 0.617884 -0.233277 -0.141840
0 0.658495 0.573434 -0.978758 0.004473
0 0.448890 0.581516 -0.474335 -0.314485
0 0.298082 0.622168 -0.231031 -0.144314
0 0.661522 0.577185 -0.980072 0.010470
0 0.446921 0.570764 -0.491696 -0.335066
0 0.446829 0.569808 -0.492693 -0.336967
0 0.296121 0.620986 -0.234579 -0.149629
0 0.658029 0.575968 -0.981345 0.012054
0 0.445963 0.571890 -0.493546 -0.332914
0 0.660913 0.578360 -0.982516 0.014291
0 0.295343 0.621708 -0.243351 -0.141447
0 0.294339 0.620232 -0.245403 -0.144713
0 0.446145 0.587061 -0.469862 -0.303449
0 0.444502 0.587239 -0.473210 -0.303236
0 0.469046 0.529840 -0.691461 -0.509537
0 0.441571 0.567339 -0.519608 -0.337227
0 0.441589 0.566604 -0.520294 -0.336737
0 0.445157 0.578333 -0.484399 -0.311339
0 0.439996 0.568648 -0.522879 -0.334607
0 0.655650 0.560876 -0.980972 0.007099
0 0.469398 0.528706 -0.690613 -0.510706
0 0.468858 0.525906 -0.693318 -0.518467
0 0.654889 0.558310 -0.983307 0.008359
0 0.465702 0.527472 -0.698243 -0.517230
0 0.447568 0.587215 -0.465337 -0.302570
0 0.658542 0.594487 -0.979722 0.042486
0 0.470594 0.527187 -0.689106 -0.516681
0 0.658273 0.592471 -0.980591 0.038585
0 0.466591 0.528038 -0.695451 -0.516288
0 0.909495 0.902436 0.623126 -0.054602
0 0.468102 0.531771 -0.687947 -0.507962
0 0.468602 0.531554 -0.687006 -0.508787
0 0.441159 0.567751 -0.512990 -0.329613
0 0.468215 0.532861 -0.688178 -0.507286
0 0.660023 0.590483 -0.993636 0.031618
0 0.440840 0.562610 -0.513412 -0.335785
0 0.660026 0.589352 -0.994008 0.029251
0 0.951987 0.900817 0.649779 -0.113416
0 0.440684 0.566847 -0.513176 -0.329888
0 0.440841 0.569140 -0.531499 -0.323479
0 0.291289 0.639742 -0.230887 -0.110088
0 0.291254 0.640224 -0.232608 -0.110382
0 0.656664 0.561509 -0.984208 0.008930
0 0.440658 0.561863 -0.532644 -0.332046
0 0.439424 0.567074 -0.534789 -0.325663
0 0.655972 0.560113 -0.985847 0.010253
0 0.984433 0.902880 0.617791 -0.100965
0 0.297563 0.623362 -0.250787 -0.146860
0 0.660438 0.603360 -0.996967 0.024931
0 0.299380 0.620479 -0.248259 -0.152321
0 0.468762 0.521442 -0.687049 -0.517588
0 0.979227 0.895252 0.587271 -0.086933
0 0.468948 0.521540 -0.686937 -0.517480
0 0.304545 0.620428 -0.218622 -0.137483
0 0.469540 0.521288 -0.685956 -0.517853
0 0.463456 0.531060 -0.692959 -0.512340
0 0.463367 0.533737 -0.693407 -0.509963
0 0.464377 0.531877 -0.691545 -0.512744
