0 0.386104 0.581912 -0.491710 -0.835872
0 0.510026 0.582094 -0.741460 -0.837946
0 0.385869 0.581049 -0.492242 -0.837096
0 0.385866 0.583072 -0.496383 -0.835977
0 0.385430 0.583018 -0.496283 -0.836415
0 0.510565 0.581346 -0.743645 -0.840273
0 0.510082 0.583292 -0.743444 -0.836447
0 0.510244 0.582927 -0.742857 -0.838048
0 0.511105 0.582727 -0.741499 -0.838305
0 0.385610 0.582839 -0.496252 -0.836765
0 0.509709 0.581882 -0.741894 -0.838220
0 0.510502 0.582407 -0.742600 -0.838650
0 0.510765 0.582253 -0.741689 -0.837753
0 0.385821 0.580275 -0.494763 -0.841770
0 0.510384 0.581032 -0.743957 -0.839857
0 0.385325 0.579837 -0.495427 -0.841883
0 0.385144 0.579205 -0.498887 -0.845393
0 0.385212 0.579269 -0.499018 -0.845957
0 0.384556 0.584358 -0.496237 -0.832381
0 0.384620 0.579224 -0.500262 -0.845249
0 0.385092 0.583440 -0.494942 -0.833149
0 0.511756 0.580870 -0.743343 -0.840534
0 0.509952 0.579535 -0.744073 -0.841240
0 0.510847 0.579756 -0.741866 -0.840817
0 0.384566 0.582747 -0.502069 -0.838257
0 0.510102 0.579362 -0.743778 -0.842061
0 0.385544 0.583359 -0.502664 -0.841555
0 0.510698 0.582938 -0.747311 -0.838449
0 0.510752 0.583289 -0.747339 -0.838550
0 0.510847 0.583179 -0.747515 -0.838293
0 0.385001 0.582075 -0.494504 -0.834143
0 0.512708 0.582297 -0.746057 -0.844377
0 0.384444 0.581773 -0.496341 -0.835069
0 0.384309 0.582107 -0.496547 -0.834033
0 0.509830 0.579879 -0.742274 -0.839521
0 0.509259 0.583713 -0.743453 -0.841336
0 0.378131 0.581010 -0.515254 -0.841311
