0 0.748160 1.259420 -0.627365 -0.105402
0 0.748276 1.261155 -0.628987 -0.104664
0 0.560195 0.905726 -0.632962 -0.839648
0 0.291452 1.191825 -0.126110 0.176886
0 0.560447 0.904923 -0.632814 -0.841274
0 0.409784 1.318156 -0.178579 0.290359
0 0.560606 0.906676 -0.633456 -0.837778
0 0.559924 0.909090 -0.630444 -0.847720
0 0.559905 0.911969 -0.630504 -0.842003
0 0.410846 1.318836 -0.177101 0.293150
0 0.293248 1.196199 -0.122528 0.181107
0 0.415125 1.318461 -0.206026 0.291842
0 0.559941 0.914475 -0.630319 -0.841990
0 0.415570 1.316266 -0.206353 0.289380
0 0.287109 1.080980 -0.141507 0.114871
0 0.401284 1.260459 -0.209265 0.240707
0 0.400515 1.269229 -0.246929 0.269205
0 0.502717 1.003600 -0.473748 -0.777223
0 0.402440 1.262910 -0.204837 0.243146
0 0.501584 1.000864 -0.475050 -0.780977
0 0.287759 1.083210 -0.140582 0.115682
0 0.400659 1.269799 -0.247231 0.268806
0 0.504354 1.006130 -0.471701 -0.770609
0 0.237600 1.089659 0.159594 -0.631622
0 0.239052 1.090244 0.160881 -0.632473
0 0.239695 1.085873 0.161055 -0.638177
0 0.393026 1.180303 -0.257783 0.176778
0 0.767189 1.288471 -0.506833 -0.046407
0 0.559232 0.897807 -0.634771 -0.846624
0 0.768770 1.287316 -0.504912 -0.049013
0 0.392508 1.213449 -0.255816 0.182352
0 0.736729 1.268838 -0.689688 -0.062292
0 0.736883 1.265604 -0.688078 -0.069424
0 0.559574 0.894627 -0.634503 -0.850413
0 0.241056 1.085196 0.169282 -0.647559
0 0.242380 1.098776 0.167522 -0.692919
0 0.556395 0.900853 -0.649013 -0.838541
0 0.558142 0.904234 -0.646283 -0.831716
0 0.385943 1.216906 -0.245624 0.176032
0 0.754391 1.273196 -0.602989 -0.115984
0 0.753866 1.274236 -0.605598 -0.113617
0 0.398373 1.143348 -0.244555 0.195429
0 0.234883 1.102440 0.156788 -0.696982
