0 0.079834 0.665601 -0.058589 -1.024044
0 0.079671 0.665648 -0.059014 -1.024408
0 0.081588 0.666287 -0.060048 -1.028099
0 0.904639 1.213039 0.581217 0.670275
0 0.075907 0.664496 -0.062993 -1.030694
0 0.080908 0.666301 -0.061674 -1.028588
0 0.075928 0.663727 -0.063368 -1.031423
0 0.075966 0.664856 -0.063050 -1.029005
0 0.078960 0.666660 -0.059248 -1.025439
0 0.078942 0.665985 -0.059922 -1.027141
0 0.078872 0.666316 -0.059710 -1.026782
0 0.078614 0.666019 -0.059817 -1.027350
0 0.079154 0.665228 -0.059013 -1.029600
0 0.079075 0.666546 -0.059789 -1.026703
0 0.077389 0.663592 -0.059653 -1.030679
0 0.077324 0.664442 -0.059389 -1.029079
