0 0.168396 0.749567 -0.125447 -1.235009
0 0.168303 0.749787 -0.126292 -1.234444
0 0.168273 0.749510 -0.126127 -1.234696
0 0.167915 0.752228 -0.125929 -1.231149
0 0.169085 0.750296 -0.125916 -1.235402
0 0.169300 0.750396 -0.126575 -1.235612
0 0.169374 0.751090 -0.126322 -1.234797
0 0.169305 0.752262 -0.125403 -1.233035
0 0.166674 0.748147 -0.129351 -1.235171
0 0.168906 0.748340 -0.124798 -1.235131
0 0.167439 0.750908 -0.127981 -1.234605
0 0.188669 0.737356 -0.269223 -1.273548
0 0.169529 0.751074 -0.123751 -1.234364
0 0.188268 0.737536 -0.271179 -1.272580
0 0.189070 0.737509 -0.268385 -1.273283
0 0.168793 0.751626 -0.126057 -1.232116
0 0.188575 0.736659 -0.270662 -1.273466
0 0.168883 0.751917 -0.126066 -1.231083
0 0.169635 0.751286 -0.124629 -1.232968
0 0.189192 0.738339 -0.268294 -1.271081
0 0.189434 0.736251 -0.266930 -1.274545
0 0.188229 0.737540 -0.271079 -1.271674
0 0.189362 0.737145 -0.267088 -1.272494
0 0.189339 0.736954 -0.267292 -1.272992
0 0.189253 0.736944 -0.268922 -1.276320
0 0.188861 0.736983 -0.270051 -1.276326
0 0.171906 0.753105 -0.127580 -1.239819
0 0.188938 0.737847 -0.269971 -1.275081
0 0.188347 0.736425 -0.270479 -1.274179
0 0.170047 0.754145 -0.123653 -1.229443
0 0.187967 0.736414 -0.270815 -1.274149
0 0.187948 0.737234 -0.271722 -1.272145
0 0.168628 0.753850 -0.124230 -1.229556
0 0.549264 0.657669 -1.013053 -1.199584
0 0.549521 0.657428 -1.012756 -1.200406
0 0.498449 0.643868 -0.921577 -1.202727
0 0.498901 0.643536 -0.921080 -1.203049
0 0.549226 0.657307 -1.012765 -1.200516
0 0.499135 0.643862 -0.920819 -1.202286
0 0.171172 0.747289 -0.127511 -1.235708
0 0.550450 0.659204 -1.013880 -1.195104
0 0.499551 0.643108 -0.921129 -1.203341
0 0.550592 0.659044 -1.013600 -1.195801
0 0.550314 0.659313 -1.013869 -1.195292
0 0.169425 0.750287 -0.126169 -1.231529
0 0.548424 0.657713 -1.013422 -1.201809
0 0.548103 0.659069 -1.013550 -1.200221
0 0.169887 0.748865 -0.125381 -1.232740
0 0.169414 0.750061 -0.126234 -1.232640
0 0.499441 0.643295 -0.921270 -1.203805
0 0.499424 0.643106 -0.920563 -1.203345
0 0.168113 0.750519 -0.122013 -1.235111
0 0.547947 0.657669 -1.013472 -1.201937
