0 0.452038 1.131944 0.231714 0.113889
0 0.453359 1.082738 0.227296 0.086979
0 0.895192 1.003343 0.181061 -0.823035
0 0.887149 1.003618 0.156788 -0.824168
0 0.912659 1.030091 0.389464 -0.628357
0 0.861735 1.001568 0.045589 -0.829376
0 0.951604 1.042410 0.553773 -0.588115
0 0.860020 0.999826 0.046511 -0.830521
0 0.863524 1.035806 0.506745 -0.609964
0 0.925679 1.029617 0.409646 -0.629470
0 0.776329 1.044743 0.452387 -0.574528
0 0.855003 1.000877 0.028107 -0.831281
0 0.770413 1.043755 0.438402 -0.574441
