0 0.135209 0.497669 -0.006289 0.164318
0 0.134575 0.501179 -0.008159 0.170847
0 0.067040 0.455345 0.042354 0.099488
0 0.135332 0.477209 -0.002763 0.134240
0 0.135430 0.469375 -0.003075 0.125299
0 0.132564 0.474696 -0.012632 0.150036
0 0.132246 0.473793 -0.013734 0.147213
0 0.737421 0.978710 -0.680163 0.287309
0 0.738493 0.978446 -0.679609 0.287391
0 0.737490 0.994360 -0.683668 0.231365
0 0.738368 0.985939 -0.684183 0.215197
0 0.152101 0.486417 0.095356 0.136867
0 0.735146 1.004779 -0.702255 0.225044
0 0.734307 1.056112 -0.682837 0.236486
0 0.735762 1.055943 -0.685462 0.235815
0 0.135313 0.473006 0.007995 0.128626
0 0.735143 1.001294 -0.705025 0.217164
0 0.740506 0.972917 -0.671826 0.269899
0 0.740551 0.977460 -0.672585 0.275027
0 0.725842 1.058089 -0.760470 0.226934
0 0.726029 1.056709 -0.756046 0.224309
0 0.142611 0.523216 0.009597 0.188914
0 0.134017 0.456692 -0.012649 0.129452
0 0.133271 0.461403 -0.013927 0.132824
