0 0.589775 0.579049 -0.528375 -0.478349
0 0.590342 0.579582 -0.527392 -0.477397
0 0.588343 0.579462 -0.530400 -0.477192
0 0.586441 0.583526 -0.523352 -0.472266
0 0.585952 0.582691 -0.528348 -0.471030
0 0.586727 0.582378 -0.526572 -0.471944
0 0.586718 0.583533 -0.523403 -0.471504
0 0.586363 0.581885 -0.526984 -0.472099
0 0.584355 0.580181 -0.528316 -0.474691
0 0.584916 0.582268 -0.527409 -0.469128
0 0.591545 0.581478 -0.520351 -0.474694
0 0.591336 0.579903 -0.520737 -0.478032
0 0.590676 0.579311 -0.521298 -0.479187
0 0.594904 0.586964 -0.519231 -0.472196
0 0.595010 0.585101 -0.519766 -0.474811
0 0.144519 0.617781 -0.190665 -0.941462
0 0.144114 0.618355 -0.191418 -0.940533
0 0.583309 0.584059 -0.518026 -0.472643
0 0.144476 0.617609 -0.190949 -0.943222
