0 0.799568 0.627441 -0.475066 -0.731529
0 0.799601 0.628329 -0.474572 -0.729955
0 0.799367 0.627863 -0.475931 -0.730220
0 0.799014 0.628430 -0.473282 -0.731899
0 0.798605 0.628415 -0.473399 -0.730411
0 0.799160 0.628387 -0.474148 -0.732523
0 0.802746 0.626970 -0.479008 -0.735976
0 0.799449 0.625744 -0.484100 -0.737941
0 0.367504 0.652097 -0.360715 -0.681689
0 0.367641 0.652328 -0.359855 -0.680817
0 0.797486 0.625828 -0.481210 -0.743051
0 0.795038 0.626751 -0.484929 -0.740041
0 0.367633 0.655931 -0.348356 -0.680280
0 0.368832 0.655191 -0.346459 -0.681039
0 0.365815 0.652154 -0.358737 -0.684745
0 0.365237 0.652460 -0.361054 -0.684246
0 0.364981 0.649346 -0.362521 -0.684205
0 0.366229 0.650896 -0.357876 -0.686976
0 0.364440 0.651199 -0.364312 -0.681718
0 0.795585 0.627491 -0.475032 -0.738693
0 0.365218 0.651998 -0.362253 -0.680518
0 0.796616 0.628921 -0.481346 -0.734617
0 0.795601 0.629694 -0.482270 -0.733198
0 0.361368 0.652753 -0.390516 -0.682750
0 0.360938 0.652426 -0.391078 -0.682831
0 0.796042 0.629052 -0.482024 -0.734478
0 0.361267 0.651293 -0.389266 -0.685532
0 0.793997 0.628580 -0.479349 -0.738133
0 0.364356 0.656539 -0.358705 -0.678918
0 0.364430 0.656731 -0.358757 -0.678610
0 0.797051 0.627989 -0.467363 -0.733341
0 0.361522 0.650164 -0.390773 -0.681423
0 0.361329 0.647540 -0.390866 -0.684710
0 0.361551 0.651296 -0.389419 -0.679437
0 0.795151 0.628704 -0.472396 -0.730147
0 0.363150 0.650539 -0.374347 -0.676549
0 0.796244 0.626367 -0.481850 -0.721930
0 0.363097 0.649849 -0.374393 -0.677616
0 0.795970 0.627302 -0.484406 -0.719914
0 0.795003 0.626901 -0.486096 -0.719635
