0 0.607828 0.512797 -0.441511 -0.114222
0 0.607806 0.509378 -0.441404 -0.117363
0 0.607752 0.508692 -0.439620 -0.117802
0 0.609426 0.515340 -0.441957 -0.110789
0 0.610503 0.515648 -0.440366 -0.111011
0 0.609870 0.515094 -0.440775 -0.112105
0 0.598835 0.545536 -0.505841 -0.332334
0 0.598548 0.546083 -0.506183 -0.331104
0 0.598108 0.546086 -0.515725 -0.332481
0 0.599726 0.546357 -0.502654 -0.331698
0 0.598717 0.546669 -0.514237 -0.331398
0 0.600065 0.546894 -0.515591 -0.331300
0 0.616378 0.504702 -0.429324 -0.126706
0 0.614866 0.522495 -0.427037 -0.120532
0 0.602070 0.553069 -0.477118 -0.303306
0 0.602585 0.554619 -0.475630 -0.301177
0 0.610638 0.497336 -0.434331 -0.126086
0 0.609211 0.492571 -0.436841 -0.130476
0 0.602902 0.552701 -0.473700 -0.304418
0 0.610107 0.493209 -0.435983 -0.130714
0 0.592294 0.547020 -0.526846 -0.343507
0 0.591705 0.549612 -0.535801 -0.341986
0 0.603341 0.553069 -0.499227 -0.305441
0 0.603006 0.553607 -0.499826 -0.305225
0 0.604639 0.553168 -0.500150 -0.304680
0 0.594464 0.555066 -0.502046 -0.296892
0 0.594694 0.548494 -0.527013 -0.305782
0 0.609655 0.539471 -0.444424 -0.097960
0 0.608374 0.538259 -0.444489 -0.101482
0 0.608348 0.539648 -0.445014 -0.098487
0 0.598359 0.547701 -0.532956 -0.366347
0 0.581801 0.548302 -0.555792 -0.346746
0 0.607246 0.495847 -0.467759 -0.129907
