0 0.511591 1.098435 -0.448337 -0.202975
0 0.511078 1.098748 -0.448557 -0.203954
0 0.506922 1.101984 -0.460936 -0.205480
0 0.507016 1.104231 -0.460730 -0.202140
0 0.405269 1.136620 -0.186659 0.087476
0 0.404949 1.133215 -0.188316 0.079732
0 0.415329 1.146071 -0.151294 0.042499
0 0.415397 1.146058 -0.151294 0.038329
0 0.515321 1.100411 -0.424316 -0.208731
0 0.503032 1.088750 -0.471370 -0.223294
0 0.411025 1.148164 -0.195984 0.037489
0 0.411046 1.145276 -0.194548 0.027824
0 0.393783 1.128442 -0.246783 0.073661
0 0.394955 1.130410 -0.242733 0.075481
0 0.512743 1.102330 -0.414870 -0.198897
0 0.512055 1.103974 -0.416426 -0.194529
0 0.408102 1.108710 -0.155507 -0.209714
0 0.509389 1.100688 -0.474256 -0.209935
0 0.508941 1.101610 -0.474094 -0.207255
0 0.501912 1.087214 -0.487012 -0.217518
0 0.516315 1.093987 -0.421455 -0.208908
0 0.412100 1.131383 -0.155159 -0.102106
