0 0.744390 0.922124 0.102846 -0.320021
0 0.604220 0.957700 -0.274100 0.152489
0 0.603240 0.960071 -0.277038 0.158117
0 0.747845 0.924489 0.109368 -0.311232
0 0.744995 0.922768 0.102736 -0.322206
0 0.585134 0.916549 -0.283929 0.133577
0 0.581780 0.914934 -0.290940 0.130098
0 0.733517 0.911864 0.065838 -0.288577
0 0.737906 0.910238 0.073601 -0.290045
0 0.732268 0.909119 0.061583 -0.294936
0 0.740719 0.902059 0.052768 -0.223819
0 0.743949 0.902355 0.054044 -0.217215
0 0.741445 0.906031 0.051796 -0.225786
0 0.746200 0.919884 0.106114 -0.204314
0 0.749013 0.921374 0.110043 -0.194986
0 0.586200 0.959817 -0.258932 0.162468
0 0.581491 0.897710 -0.269732 0.129021
0 0.747842 0.921499 0.107562 -0.211748
0 0.584897 0.898724 -0.263362 0.131272
0 0.586063 0.961740 -0.258946 0.167857
0 0.551843 0.883033 -0.291687 0.103094
0 0.628000 0.969944 -0.244040 0.182041
0 0.634762 0.968275 -0.229751 0.176840
0 0.745056 0.906118 0.111377 -0.375580
0 0.745855 0.909009 0.113043 -0.368377
