0 0.525804 1.162751 -0.713077 -0.548609
0 0.526281 1.161492 -0.712847 -0.544260
0 0.528119 1.153415 -0.703308 -0.550762
0 0.528178 1.155086 -0.702811 -0.548709
0 0.529837 1.159284 -0.718989 -0.558316
0 0.529450 1.160065 -0.718129 -0.551683
0 0.159883 1.196133 -0.028567 -0.415027
0 0.522789 1.150999 -0.755370 -0.533559
0 0.158264 1.201261 -0.031120 -0.405261
0 0.528611 1.155373 -0.716706 -0.530224
0 0.523809 1.160555 -0.759501 -0.544614
0 0.523801 1.163925 -0.757122 -0.539439
0 0.150115 1.094007 -0.048487 -0.520582
