0 0.163631 1.189111 0.108430 -0.499610
0 0.163515 1.192642 0.108814 -0.494715
0 0.600690 0.511244 -1.075551 -0.229929
0 0.601158 0.512263 -1.074497 -0.228052
0 0.601471 0.510691 -1.072712 -0.229122
0 0.601675 0.509996 -1.072895 -0.230100
0 0.163329 1.187369 0.108172 -0.502511
0 0.600792 0.512266 -1.075243 -0.227289
0 0.564896 0.527465 -0.935761 -0.129801
0 0.565362 0.526429 -0.934185 -0.130668
0 0.565626 0.526175 -0.933377 -0.131617
0 0.565298 0.528658 -0.934223 -0.128030
0 0.601846 0.511814 -1.072264 -0.226600
0 0.565450 0.526835 -0.934094 -0.130617
0 0.564947 0.521761 -0.934087 -0.144648
0 0.564339 0.522395 -0.934543 -0.142978
0 0.164557 1.187237 0.108711 -0.510499
0 0.164869 1.184102 0.108447 -0.516696
0 0.605392 0.515589 -1.069282 -0.210250
0 0.945362 1.310525 0.546503 0.439453
0 0.166791 1.182371 0.110299 -0.518750
0 0.455558 0.331592 -0.772705 -0.279525
0 0.564408 0.524454 -0.932247 -0.143079
0 0.455502 0.331686 -0.772911 -0.280110
0 0.160104 1.187271 0.104485 -0.503614
0 0.457169 0.334540 -0.770663 -0.277213
0 0.455065 0.331539 -0.772729 -0.280033
0 0.564180 0.523998 -0.933382 -0.144427
0 0.457132 0.334494 -0.770648 -0.276164
0 0.456563 0.333861 -0.771634 -0.277877
0 0.169906 1.184678 0.112811 -0.494906
0 0.169092 1.188495 0.112338 -0.487322
0 0.170588 1.184483 0.112703 -0.493751
0 0.665224 0.685048 -1.133730 -0.002881
0 0.665047 0.730269 -1.136730 0.054281
0 0.665108 0.647475 -1.135284 -0.021572
0 0.456981 0.332969 -0.771667 -0.273769
0 0.161514 1.195949 0.105544 -0.483005
0 0.565360 0.518936 -0.934173 -0.125367
0 0.565446 0.514331 -0.933889 -0.133550
0 0.456815 0.326938 -0.769390 -0.285985
0 0.665154 0.647847 -1.133579 -0.022673
0 0.563547 0.515974 -0.935301 -0.158007
0 0.665103 0.719276 -1.135475 0.025569
0 0.565194 0.517155 -0.934322 -0.129205
0 0.456392 0.327154 -0.770549 -0.286175
0 0.665419 0.676797 -1.132797 -0.012954
0 0.564186 0.514649 -0.933814 -0.160120
0 0.563629 0.515980 -0.934557 -0.160270
0 0.183640 1.194056 0.120333 -0.496270
0 0.614906 0.523767 -1.058810 -0.201172
0 0.151677 0.887369 0.099925 0.143144
0 0.183376 1.192467 0.119574 -0.498617
0 0.665567 0.649254 -1.132287 -0.026916
0 0.455620 0.328820 -0.772698 -0.279847
0 0.665809 0.648209 -1.131347 -0.023050
0 0.455760 0.328562 -0.772809 -0.279874
0 0.183654 1.192512 0.119549 -0.496948
0 0.454957 0.319442 -0.771223 -0.291015
0 0.455436 0.328636 -0.773781 -0.280144
0 0.605581 0.511220 -1.071865 -0.209599
0 0.607083 0.504533 -1.073688 -0.231502
0 0.606970 0.503847 -1.073164 -0.233037
0 0.607201 0.504676 -1.072952 -0.230819
0 0.461804 0.336551 -0.771855 -0.284936
0 0.156498 0.954667 0.104612 0.191930
0 0.455772 0.330881 -0.779587 -0.285128
0 0.148348 1.185838 0.099462 -0.502528
0 0.455659 0.330372 -0.779562 -0.286303
0 0.620757 0.527440 -1.052430 -0.201354
0 0.458285 0.337742 -0.765394 -0.280609
0 0.611547 0.518660 -1.073438 -0.228029
0 0.611879 0.517275 -1.071819 -0.230370
0 0.563333 0.516105 -0.934451 -0.194540
0 0.562977 0.518235 -0.935603 -0.190743
0 0.563099 0.513589 -0.935425 -0.199098
0 0.458679 0.337616 -0.764373 -0.280426
0 0.476406 0.383270 -0.832077 -0.316020
0 0.612262 0.519642 -1.071263 -0.225493
0 0.050756 0.359268 0.034385 -0.268756
0 0.050775 0.357663 0.034239 -0.271718
0 0.476516 0.383433 -0.832002 -0.314372
