0 0.386011 0.613432 -0.184464 -0.376405
0 0.385947 0.613498 -0.184705 -0.374970
0 0.385756 0.614630 -0.184623 -0.374971
0 0.387779 0.621766 -0.181166 -0.365129
0 0.387134 0.621421 -0.181739 -0.362531
0 0.382520 0.605399 -0.187985 -0.402009
0 0.383727 0.612979 -0.181512 -0.375580
0 0.382408 0.607644 -0.188867 -0.399548
0 0.383939 0.612977 -0.181480 -0.376348
0 0.383366 0.613200 -0.183381 -0.375213
0 0.388318 0.617425 -0.177062 -0.371013
0 0.388670 0.615228 -0.176216 -0.375020
0 0.388763 0.617703 -0.176474 -0.370059
0 0.384244 0.627395 -0.180679 -0.356897
0 0.384509 0.624646 -0.180802 -0.356935
0 0.381973 0.606754 -0.191267 -0.406262
0 0.381513 0.609336 -0.191671 -0.402801
0 0.390271 0.612453 -0.185101 -0.378645
0 0.389673 0.611120 -0.187100 -0.379633
0 0.389903 0.611897 -0.186251 -0.378901
