0 0.538626 0.631805 -0.299501 -0.131861
0 0.537749 0.628951 -0.301136 -0.138051
0 0.539269 0.629943 -0.298960 -0.133296
0 0.544031 0.628739 -0.282560 -0.137464
0 0.544159 0.625900 -0.282556 -0.142056
0 0.544054 0.628445 -0.281351 -0.136097
0 0.532743 0.648241 -0.298990 -0.115655
0 0.532479 0.650337 -0.299573 -0.119324
0 0.531797 0.646000 -0.301120 -0.121003
0 0.505671 0.622186 -0.359602 -0.175239
0 0.486108 0.618093 -0.354001 -0.181163
0 0.464383 0.608988 -0.397761 -0.246049
0 0.497552 0.616191 -0.372598 -0.236453
0 0.523650 0.628660 -0.287244 -0.093139
0 0.527808 0.625013 -0.314559 -0.106799
0 0.542410 0.603376 -0.284526 -0.140338
0 0.543067 0.600996 -0.281607 -0.146009
0 0.543504 0.601205 -0.280881 -0.143393
