0 0.653436 0.600868 -0.354098 -0.535099
0 0.653579 0.600939 -0.353772 -0.533901
0 0.654478 0.601934 -0.353325 -0.533750
0 0.269633 0.782586 -0.324798 -0.654572
0 0.270107 0.782622 -0.323156 -0.655300
0 0.270100 0.781902 -0.325526 -0.656091
0 0.270237 0.780896 -0.324893 -0.658017
0 0.648858 0.599996 -0.365950 -0.534758
0 0.648789 0.600057 -0.365265 -0.534954
0 0.648111 0.600609 -0.364417 -0.534125
0 0.267242 0.780328 -0.330876 -0.653469
0 0.267879 0.781100 -0.329903 -0.651723
0 0.267213 0.776208 -0.330873 -0.660291
0 0.649184 0.598772 -0.390887 -0.524880
0 0.267426 0.776856 -0.326180 -0.651404
0 0.267818 0.778913 -0.325970 -0.648929
0 0.643997 0.600239 -0.388190 -0.526973
0 0.644478 0.600435 -0.385653 -0.526321
0 0.644109 0.601272 -0.387044 -0.525087
0 0.267387 0.774961 -0.326195 -0.657572
0 0.643730 0.598585 -0.401467 -0.526401
0 0.648933 0.600762 -0.343917 -0.530999
0 0.650278 0.601033 -0.341664 -0.530514
0 0.651515 0.601597 -0.338306 -0.528945
0 0.269201 0.775587 -0.332955 -0.654219
0 0.269632 0.776728 -0.331980 -0.652129
0 0.301887 0.457377 -0.519046 -0.634543
0 0.301521 0.458406 -0.518589 -0.625543
0 0.301987 0.457087 -0.518897 -0.634814
0 0.301352 0.458926 -0.518454 -0.624961
0 0.267823 0.773347 -0.339702 -0.654518
0 0.267229 0.772568 -0.341454 -0.656841
0 0.267234 0.770756 -0.341178 -0.658965
0 0.303070 0.458512 -0.514879 -0.621634
0 0.303498 0.460218 -0.514245 -0.618942
0 0.651416 0.598149 -0.368845 -0.537124
0 0.303158 0.458691 -0.514497 -0.625693
0 0.271463 0.792854 -0.319607 -0.651901
0 0.302912 0.457523 -0.514841 -0.627370
0 0.303503 0.458714 -0.514325 -0.621457
0 0.271757 0.796476 -0.318781 -0.644063
0 0.303340 0.457547 -0.514462 -0.627718
0 0.301233 0.460970 -0.518583 -0.611614
0 0.301302 0.460315 -0.518144 -0.613169
