0 0.610909 0.918293 -0.498415 -0.321204
0 0.611681 0.918643 -0.497079 -0.318296
0 0.610494 0.922267 -0.498991 -0.315711
0 0.809504 1.063079 -0.123406 -0.348742
0 0.807423 1.062725 -0.128126 -0.353149
0 0.805725 1.069702 -0.131916 -0.352124
0 0.626707 1.037823 -0.474239 -0.272140
0 0.629018 1.036989 -0.472223 -0.274286
0 0.815181 1.073714 -0.116549 -0.400786
0 0.815261 1.068081 -0.118113 -0.416336
0 0.630576 1.018816 -0.465548 -0.282096
0 0.816466 1.073837 -0.113021 -0.399185
0 0.774486 1.060884 -0.143803 -0.342165
0 0.771427 1.062426 -0.151293 -0.340980
