0 0.232398 0.885966 -0.058620 -1.517818
0 0.232570 0.885161 -0.058354 -1.519650
0 0.232103 0.885333 -0.058885 -1.519199
0 0.231503 0.885004 -0.059633 -1.520351
0 0.230494 0.885514 -0.061469 -1.521705
0 0.230417 0.886414 -0.061898 -1.519728
0 0.231905 0.883582 -0.063017 -1.519549
0 0.231976 0.887651 -0.064955 -1.516137
0 0.230267 0.885461 -0.061979 -1.522241
0 0.444895 1.069870 0.052263 0.327423
0 0.761375 1.138580 0.046416 0.676079
0 0.231860 0.886961 -0.059669 -1.516841
0 0.232363 0.891025 -0.066587 -1.506794
0 0.229707 0.884292 -0.069516 -1.525508
0 0.436576 1.082954 0.015351 0.317592
0 0.229896 0.884408 -0.069125 -1.524442
0 0.777406 1.132203 0.222251 0.657214
0 0.230204 0.883795 -0.068595 -1.526893
0 0.758029 1.145067 -0.075841 0.702030
0 0.768361 1.147421 -0.060644 0.702261
0 0.229517 0.885261 -0.053737 -1.524763
