0 0.365374 1.109508 0.151813 0.070771
0 0.576011 0.969765 -0.862371 -0.601354
0 0.576717 0.968763 -0.860261 -0.604096
0 0.572120 0.967436 -0.880217 -0.620730
0 0.572312 0.966429 -0.879879 -0.622015
0 0.656399 1.074268 -1.041073 -0.669455
0 0.656474 1.075919 -1.041521 -0.666652
0 0.615177 1.025738 -1.035114 -0.631433
0 0.511292 0.628992 -0.912096 -0.453503
0 0.578722 0.972770 -0.881206 -0.617683
0 0.578820 0.973033 -0.879895 -0.617605
0 0.510724 0.628640 -0.913069 -0.453998
0 0.575139 0.952785 -0.913767 -0.681105
0 0.574937 0.953116 -0.913805 -0.676629
0 0.510709 0.628122 -0.913099 -0.454874
0 0.573150 0.949914 -0.884709 -0.638053
0 0.574721 0.952931 -0.882435 -0.631105
0 0.655686 1.069628 -1.024536 -0.654396
0 0.656420 1.064574 -1.023175 -0.660178
0 0.454141 0.768353 -0.766035 -0.575329
0 0.367035 1.080985 0.147470 -0.012248
0 0.618593 1.032613 -1.032884 -0.627129
0 0.452421 0.767268 -0.776182 -0.584307
0 0.649751 1.070084 -1.014616 -0.648765
0 0.367460 1.083284 0.146454 -0.006091
0 0.452941 0.767774 -0.774716 -0.582583
0 0.649332 1.069430 -1.013998 -0.649821
0 0.452493 0.764135 -0.775902 -0.586456
0 0.572581 0.965224 -0.908081 -0.633534
0 0.572266 0.962177 -0.908197 -0.640902
0 0.576511 0.986075 -0.904262 -0.618634
0 0.511503 0.620408 -0.912852 -0.460837
0 0.358594 0.837550 -0.583955 -0.701749
0 0.577017 0.985707 -0.904029 -0.619840
0 0.570968 0.952147 -0.897601 -0.661521
0 0.605520 0.990428 -1.047999 -0.681998
0 0.511198 0.619379 -0.913249 -0.461824
0 0.656136 1.061537 -1.034117 -0.668085
0 0.358302 0.837188 -0.584413 -0.701813
0 0.358357 0.835168 -0.584400 -0.706918
0 0.572108 0.953244 -0.894973 -0.657184
0 0.511346 0.620238 -0.913257 -0.461383
0 0.047232 0.686359 0.031170 -0.647538
0 0.606227 0.993374 -1.047195 -0.672915
0 0.046953 0.687265 0.030896 -0.646433
0 0.511946 0.628779 -0.911219 -0.459154
0 0.047815 0.687223 0.032220 -0.646667
0 0.610576 0.973401 -1.043653 -0.667739
0 0.365735 1.067809 0.153111 -0.009894
0 0.046436 0.681361 0.031050 -0.656300
0 0.512085 0.629710 -0.910499 -0.458924
0 0.046366 0.681814 0.030973 -0.653467
0 0.454757 0.768717 -0.763141 -0.572778
0 0.046306 0.681486 0.030970 -0.653356
0 0.512263 0.630234 -0.910855 -0.457457
0 0.545482 0.951170 -0.883800 -0.621210
0 0.656101 1.030464 -1.039007 -0.698509
0 0.368394 1.071328 0.150376 -0.036251
0 0.363256 0.848428 -0.572643 -0.701352
0 0.545788 0.951537 -0.884629 -0.618071
0 0.362035 0.848239 -0.575023 -0.694834
0 0.654687 1.026253 -1.041371 -0.700707
0 0.363094 0.846322 -0.573267 -0.706008
0 0.452600 0.770193 -0.773825 -0.584736
0 0.363335 0.845499 -0.573036 -0.704963
0 0.452624 0.767108 -0.773291 -0.588908
0 0.451479 0.773009 -0.776193 -0.579349
0 0.606915 0.936136 -1.048824 -0.700854
0 0.606653 0.937528 -1.048931 -0.702642
0 0.364332 0.852810 -0.568666 -0.695597
0 0.049635 0.693595 0.033015 -0.626365
0 0.353067 1.069827 0.151788 0.036368
0 0.608663 0.490942 -0.969398 -0.358443
0 0.612463 0.978043 -1.040543 -0.659821
0 0.608906 0.491279 -0.969111 -0.357366
0 0.608861 0.491674 -0.969013 -0.358182
0 0.654490 1.054381 -1.037081 -0.681283
0 0.458353 0.762640 -0.770256 -0.595603
0 0.608621 0.494029 -0.969058 -0.338109
0 0.604913 0.977817 -1.046848 -0.678665
0 0.659651 1.075652 -1.046667 -0.674598
0 0.604145 0.973984 -1.048180 -0.686569
0 0.608917 0.492663 -0.968208 -0.339844
0 0.050427 0.692391 0.033335 -0.605758
0 0.514929 0.634165 -0.902753 -0.447396
0 0.608477 0.488149 -0.967143 -0.357981
0 0.616841 1.026491 -1.038003 -0.661747
0 0.513820 0.640507 -0.901202 -0.440151
0 0.608934 0.487583 -0.966074 -0.358259
0 0.367574 1.041101 0.144176 0.014999
0 0.450979 0.746402 -0.774611 -0.596067
0 0.545225 0.949234 -0.868649 -0.617416
0 0.450317 0.745972 -0.775685 -0.594234
0 0.357147 0.828908 -0.579333 -0.705034
0 0.450320 0.746713 -0.775872 -0.596530
0 0.653625 1.037682 -1.060897 -0.697717
0 0.357330 0.832775 -0.578660 -0.700300
0 0.616761 1.028945 -1.036199 -0.657779
0 0.361795 0.859759 -0.566187 -0.683886
0 0.608201 0.482562 -0.966734 -0.385705
0 0.606940 0.483020 -0.968629 -0.384584
0 0.048726 0.690197 0.032041 -0.596300
0 0.357327 0.833951 -0.579430 -0.697151
0 0.607274 0.482716 -0.967706 -0.385141
0 0.425050 0.533935 -0.709428 -0.681806
0 0.362000 0.861587 -0.566004 -0.679878
0 0.354203 1.043675 0.153944 -0.020073
0 0.359412 1.098388 0.118588 -0.000115
