0 0.742307 1.084405 -0.664443 -0.307026
0 0.741766 1.083395 -0.666530 -0.311412
0 0.491778 0.494991 -0.579824 -0.307734
0 0.492101 0.495288 -0.579972 -0.306982
0 0.742740 1.078452 -0.663618 -0.322339
0 0.495373 0.494522 -0.577375 -0.305852
0 0.491364 0.494406 -0.586889 -0.301633
0 0.494199 0.494715 -0.579642 -0.305929
0 0.491779 0.493738 -0.586424 -0.303927
0 0.491390 0.494500 -0.586287 -0.302721
0 0.737948 1.084824 -0.675339 -0.309967
0 0.737903 1.084296 -0.676461 -0.314361
0 0.494692 0.495613 -0.578022 -0.305117
0 0.738754 1.079272 -0.674247 -0.320203
0 0.378328 0.624867 -0.316547 -0.246531
0 0.308179 0.680440 -0.228409 -0.268497
0 0.307901 0.679833 -0.229069 -0.268852
0 0.378806 0.624226 -0.315815 -0.247422
0 0.377923 0.613543 -0.311802 -0.282020
0 0.378036 0.625558 -0.316370 -0.248430
0 0.493323 0.496341 -0.576531 -0.305947
0 0.240531 1.066053 0.159023 -0.293491
0 0.239022 1.063258 0.156701 -0.299113
0 0.376825 0.614186 -0.313368 -0.280206
0 0.492022 0.495463 -0.584183 -0.303066
0 0.492529 0.495893 -0.578543 -0.308688
0 0.492745 0.494114 -0.578173 -0.312258
0 0.492394 0.494846 -0.582704 -0.304294
0 0.492460 0.493135 -0.583670 -0.308262
0 0.248776 1.052264 0.161176 -0.283687
0 0.375553 0.625947 -0.315409 -0.268681
0 0.375534 0.628617 -0.315661 -0.263443
0 0.247551 1.049978 0.159458 -0.289144
0 0.240914 1.059133 0.159724 -0.302347
0 0.375368 0.627795 -0.314770 -0.264894
0 0.740143 1.086902 -0.665824 -0.314566
0 0.317459 0.844363 -0.028516 -0.200101
0 0.323476 0.828489 -0.021628 -0.201217
0 0.323004 0.828159 -0.023239 -0.204743
0 0.317425 0.843978 -0.029158 -0.200057
0 0.317332 0.845119 -0.028911 -0.199506
0 0.323894 0.826980 -0.020746 -0.204826
0 0.741634 1.086721 -0.667918 -0.323995
0 0.743516 1.087655 -0.662672 -0.322253
0 0.494959 0.496644 -0.572827 -0.309059
0 0.356296 0.520006 -0.480564 -0.290390
0 0.356895 0.519905 -0.479105 -0.290152
0 0.572949 0.600400 -0.796726 -0.330413
0 0.573194 0.599274 -0.796463 -0.332416
0 0.248644 1.042354 0.161000 -0.300945
0 0.577361 0.635700 -0.797428 -0.315053
0 0.572301 0.630325 -0.798087 -0.318152
0 0.577234 0.635947 -0.797849 -0.317227
0 0.315197 0.666994 -0.225601 -0.271980
0 0.742903 1.080446 -0.663296 -0.337841
0 0.570797 0.630688 -0.800367 -0.318341
0 0.377801 0.604287 -0.311779 -0.296657
0 0.313949 0.848336 -0.012980 -0.203955
0 0.313697 0.846163 -0.013767 -0.207751
0 0.315951 0.683460 -0.218943 -0.265533
0 0.313601 0.848546 -0.013057 -0.204476
0 0.324947 0.670820 -0.220498 -0.264639
0 0.323306 0.669529 -0.220511 -0.265052
0 0.376235 0.613475 -0.312444 -0.270314
0 0.376176 0.648069 -0.309559 -0.231460
0 0.313534 0.662853 -0.226710 -0.276686
0 0.319149 0.825994 -0.004446 -0.207015
0 0.739396 1.080874 -0.668021 -0.323135
0 0.318871 0.825495 -0.005518 -0.210323
0 0.376735 0.610894 -0.311982 -0.274478
0 0.312220 0.682397 -0.224383 -0.269779
0 0.569485 0.581049 -0.797456 -0.352649
0 0.319039 0.826507 -0.004202 -0.207237
0 0.309438 0.715614 -0.217801 -0.262558
0 0.576339 0.665478 -0.781778 -0.289545
0 0.568750 0.579398 -0.798964 -0.354011
0 0.308707 0.720024 -0.219770 -0.253748
0 0.314875 0.803873 -0.033524 -0.239274
0 0.358164 0.521235 -0.477273 -0.284610
0 0.569438 0.577769 -0.798149 -0.353996
0 0.576017 0.665709 -0.781916 -0.289498
0 0.357965 0.519651 -0.477608 -0.287161
0 0.377137 0.626477 -0.309191 -0.256355
0 0.375471 0.585414 -0.315488 -0.294743
0 0.358017 0.520054 -0.476985 -0.287068
0 0.305663 0.660458 -0.225518 -0.276088
0 0.306086 0.660466 -0.225096 -0.275618
0 0.383305 0.607053 -0.305418 -0.279780
0 0.250858 1.011787 0.154568 -0.338940
0 0.309701 0.678779 -0.227940 -0.275579
0 0.565599 0.522943 -0.789615 -0.378914
0 0.373406 0.644745 -0.313368 -0.237931
0 0.348166 0.671092 -0.194844 -0.266788
0 0.566580 0.525482 -0.789835 -0.377305
0 0.360239 0.535554 -0.477190 -0.286838
0 0.360773 0.534794 -0.471189 -0.289309
0 0.374193 0.585259 -0.317330 -0.293255
0 0.734786 1.091712 -0.697548 -0.314494
0 0.251537 1.052485 0.160410 -0.310573
0 0.655173 1.053961 0.263753 -0.498859
0 0.268479 1.024787 0.174406 -0.308325
0 0.745891 1.081204 -0.651526 -0.292872
0 0.303147 0.800834 -0.017375 -0.245961
0 0.318778 0.826928 -0.025692 -0.240393
0 0.659963 1.051752 0.270687 -0.504191
0 0.266401 1.023607 0.170085 -0.310193
0 0.571793 0.619575 -0.799618 -0.336228
0 0.302143 0.824367 -0.021602 -0.241317
0 0.745975 1.081646 -0.651243 -0.292288
0 0.656857 1.055565 0.268772 -0.498659
0 0.375568 0.582843 -0.315176 -0.294506
0 0.670670 1.017924 0.399636 -0.724597
0 0.214442 1.076601 0.143912 -0.292464
0 0.368540 0.553645 -0.407446 -0.258650
0 0.367886 0.552866 -0.411677 -0.260129
0 0.598720 0.655281 -0.803889 -0.523276
0 0.567695 0.531236 -0.800832 -0.383955
0 0.314409 0.721378 -0.196045 -0.254892
0 0.567771 0.532757 -0.800676 -0.381451
0 0.258964 1.075349 0.167194 -0.281204
0 0.378806 0.604713 -0.312120 -0.285090
0 0.567892 0.530355 -0.800763 -0.385499
0 0.215521 1.074996 0.143840 -0.295062
0 0.256408 1.075405 0.162654 -0.278894
0 0.607126 1.101801 0.015767 -0.330796
0 0.300121 0.684973 -0.234474 -0.272487
0 0.598590 0.658408 -0.803574 -0.514747
0 0.266941 1.023879 0.173030 -0.312934
0 0.296936 0.663098 -0.238665 -0.274570
0 0.606848 1.101565 0.015755 -0.331898
0 0.592062 0.645893 -0.771031 -0.308707
0 0.295337 0.657251 -0.240035 -0.280459
0 0.495395 0.499287 -0.566256 -0.298397
0 0.672177 1.022006 0.407387 -0.717542
0 0.299604 0.681862 -0.235162 -0.275494
0 0.383393 0.598481 -0.305284 -0.297657
0 0.360837 0.520896 -0.480854 -0.282872
0 0.361029 0.523464 -0.480702 -0.280478
0 0.495080 0.500974 -0.566844 -0.295519
0 0.361674 0.521989 -0.478856 -0.282551
0 0.577873 0.638600 -0.774498 -0.311516
0 0.579115 0.636354 -0.773205 -0.314875
0 0.587468 0.616667 -0.896763 -0.553255
0 0.588129 0.620276 -0.892895 -0.549320
0 0.518941 0.469048 -0.818963 -0.415126
