0 0.629323 0.956156 -0.941315 -0.617718
0 0.509309 0.887734 -0.735637 -0.605238
0 0.629548 0.954619 -0.941396 -0.620080
0 0.508542 0.887870 -0.736776 -0.605161
0 0.506819 0.893451 -0.739812 -0.592072
0 0.507309 0.896336 -0.739041 -0.586925
0 0.510125 0.881894 -0.734930 -0.605772
0 0.510975 0.882228 -0.733281 -0.602717
0 0.628103 0.968108 -0.946709 -0.596394
0 0.627949 0.964724 -0.947542 -0.603012
0 0.631548 0.958302 -0.941097 -0.619971
0 0.629728 0.955501 -0.939834 -0.609401
0 0.629775 0.955784 -0.940006 -0.610837
0 0.082316 1.053704 0.057391 -0.499648
0 0.082141 1.051999 0.056536 -0.503023
0 0.081545 1.052872 0.055136 -0.497465
0 0.826187 0.709165 0.267177 -0.283380
0 0.824965 0.708763 0.261326 -0.282993
0 0.081693 1.053135 0.055539 -0.498567
0 0.505494 0.891925 -0.737838 -0.597547
0 0.135273 0.613247 -0.154821 -0.727599
0 0.506290 0.893544 -0.736363 -0.595510
0 0.081813 1.057821 0.055153 -0.495031
0 0.135560 0.614461 -0.154901 -0.722155
0 0.135427 0.612981 -0.154956 -0.728293
0 0.135390 0.613034 -0.155263 -0.727848
0 0.081484 1.060030 0.057024 -0.486926
0 0.134459 0.615279 -0.155619 -0.725326
0 0.081260 1.057702 0.055550 -0.488921
0 0.823155 0.724704 0.271316 -0.257312
0 0.825520 0.724921 0.271543 -0.255790
0 0.134694 0.616088 -0.155534 -0.724268
0 0.134632 0.615009 -0.155864 -0.725294
0 0.508155 0.881971 -0.738596 -0.606742
0 0.508609 0.882396 -0.738142 -0.607123
0 0.627537 0.957566 -0.944823 -0.623687
0 0.817832 0.709636 0.245504 -0.278961
0 0.820955 0.709854 0.246527 -0.279681
0 0.132820 0.614399 -0.156135 -0.721479
0 0.623097 0.952776 -0.943734 -0.627113
0 0.507837 0.878094 -0.734144 -0.607404
0 0.507460 0.877532 -0.734549 -0.604864
0 0.632049 0.945356 -0.939755 -0.641991
0 0.135284 0.617829 -0.156609 -0.721520
0 0.080098 1.057614 0.052807 -0.515098
0 0.134575 0.613770 -0.158027 -0.725913
0 0.134828 0.614968 -0.157921 -0.724103
0 0.823774 0.721984 0.249508 -0.270012
0 0.134633 0.613563 -0.158083 -0.725908
0 0.827393 0.722397 0.251913 -0.268632
0 0.084384 1.058506 0.057590 -0.493084
0 0.137840 0.616215 -0.147169 -0.726669
0 0.137808 0.612078 -0.148231 -0.728376
0 0.142889 0.614800 -0.153799 -0.722006
0 0.798667 0.710183 0.200604 -0.282005
0 0.627982 0.945756 -0.943757 -0.647441
0 0.079487 1.050598 0.053698 -0.474140
0 0.138569 0.614064 -0.153076 -0.722371
0 0.622355 0.943703 -0.944878 -0.641795
