0 0.757388 1.518898 0.553940 0.924507
0 0.522990 1.009821 -0.863303 -1.038283
0 0.524116 1.011430 -0.860901 -1.035324
0 0.521036 1.009430 -0.867676 -1.045410
0 0.282505 1.202199 -0.312645 -0.336614
0 0.523751 1.015786 -0.863056 -1.016000
0 0.522298 1.009897 -0.862229 -1.040801
0 0.522219 1.009371 -0.862694 -1.041777
0 0.522655 1.008697 -0.863398 -1.044337
0 0.282010 1.175722 -0.312854 -0.370784
0 0.522379 1.011070 -0.862473 -1.039485
0 0.523483 1.020816 -0.862997 -1.004787
0 0.289659 1.192104 -0.297822 -0.290338
0 0.521552 1.013098 -0.864063 -1.038289
0 0.520954 1.008986 -0.864649 -1.035881
0 0.521518 1.011294 -0.864077 -1.041965
0 0.522240 1.012307 -0.862575 -1.039790
0 0.550780 1.413110 0.204159 0.580166
0 0.520843 1.002249 -0.864908 -1.047985
0 0.521161 1.007194 -0.864791 -1.038937
0 0.289935 1.250226 -0.300729 -0.257290
