0 0.180471 0.915331 -0.040050 -1.423941
0 0.181491 0.915644 -0.038038 -1.424190
0 0.180694 0.915578 -0.039876 -1.423400
0 0.183588 0.915962 -0.036403 -1.422871
0 0.183322 0.916294 -0.036894 -1.422782
0 0.182766 0.914306 -0.036567 -1.427497
0 0.181309 0.916905 -0.039735 -1.422645
0 0.181690 0.915384 -0.038826 -1.426497
0 0.181315 0.916957 -0.039939 -1.422167
0 0.141162 0.453883 0.070834 -0.469212
0 0.406341 0.664787 -0.492883 -0.879803
0 0.140910 0.453948 0.069415 -0.468256
0 0.406205 0.665074 -0.493419 -0.880625
0 0.180694 0.914288 -0.040613 -1.425647
0 0.179337 0.914067 -0.043249 -1.427314
0 0.142423 0.453748 0.073618 -0.469968
0 0.140779 0.457694 0.068307 -0.462301
0 0.406595 0.665666 -0.490657 -0.880010
0 0.180694 0.914376 -0.040677 -1.426464
0 0.406649 0.664659 -0.490782 -0.881235
0 0.407757 0.664853 -0.489133 -0.881636
0 0.141976 0.453337 0.073077 -0.470943
0 0.140219 0.458615 0.067120 -0.461476
0 0.140239 0.457144 0.066848 -0.462892
0 0.408274 0.664996 -0.488157 -0.878593
0 0.407142 0.665531 -0.490344 -0.878361
0 0.407817 0.664054 -0.489429 -0.881477
0 0.408323 0.664598 -0.488378 -0.879928
0 0.407211 0.664510 -0.490539 -0.879239
0 0.266829 0.591758 -0.224963 -0.766277
0 0.266429 0.592188 -0.226160 -0.764927
0 0.138237 0.456970 0.064770 -0.465696
0 0.137751 0.457101 0.064150 -0.464496
0 0.137830 0.457592 0.064350 -0.465590
0 0.268480 0.592420 -0.225431 -0.765621
0 0.268172 0.592685 -0.226457 -0.765516
0 0.290518 0.793474 -0.283125 -1.205113
0 0.292228 0.791939 -0.281350 -1.201233
0 0.292043 0.791595 -0.282779 -1.201682
0 0.182205 0.921022 -0.039866 -1.419931
0 0.290872 0.793596 -0.283206 -1.204538
0 0.183433 0.921833 -0.036874 -1.417527
0 0.182572 0.921568 -0.039767 -1.417911
0 0.294463 0.793233 -0.275801 -1.200889
0 0.178646 0.918826 -0.045569 -1.424153
0 0.294370 0.793627 -0.276726 -1.200376
0 0.261594 0.594992 -0.233318 -0.761899
0 0.261619 0.594879 -0.233361 -0.761679
0 0.261451 0.594398 -0.234044 -0.763415
0 0.263908 0.595246 -0.230573 -0.764223
0 0.263040 0.594638 -0.232257 -0.764662
0 0.262829 0.595911 -0.232631 -0.763379
0 0.289192 0.790562 -0.285477 -1.205842
0 0.289372 0.791468 -0.285260 -1.205734
0 0.288753 0.790960 -0.286522 -1.207566
0 0.406818 0.661948 -0.491946 -0.883085
0 0.407190 0.662434 -0.491360 -0.883111
0 0.263569 0.590987 -0.227167 -0.769527
0 0.263601 0.591258 -0.227909 -0.768602
0 0.292525 0.793017 -0.278391 -1.207225
0 0.292172 0.793573 -0.279975 -1.206689
0 0.292410 0.793167 -0.279762 -1.206730
0 0.288378 0.793758 -0.290680 -1.201496
0 0.134226 0.459953 0.057043 -0.460707
0 0.140965 0.453704 0.068587 -0.464478
0 0.132458 0.456811 0.054676 -0.471397
0 0.141725 0.455858 0.069674 -0.461359
0 0.263198 0.597003 -0.230606 -0.759764
0 0.261779 0.600579 -0.238151 -0.758226
0 0.263292 0.597658 -0.230869 -0.758594
0 0.263285 0.597804 -0.231026 -0.759188
0 0.402860 0.666270 -0.497921 -0.882622
0 0.403555 0.663993 -0.497106 -0.882594
0 0.133887 0.454519 0.060783 -0.460330
0 0.134662 0.454727 0.062155 -0.459758
0 0.134804 0.455934 0.062239 -0.457568
0 0.180237 0.918109 -0.043384 -1.426553
0 0.178786 0.919340 -0.056140 -1.418234
0 0.290665 0.791403 -0.292624 -1.207347
0 0.290461 0.792269 -0.292908 -1.205813
0 0.290979 0.792140 -0.292938 -1.206586
0 0.262515 0.598161 -0.241892 -0.760071
0 0.405546 0.662106 -0.497524 -0.881649
0 0.404534 0.663297 -0.491365 -0.874056
0 0.405237 0.663758 -0.490147 -0.873775
0 0.405282 0.664852 -0.490197 -0.871677
0 0.140797 0.458652 0.068940 -0.474892
0 0.140901 0.457453 0.070302 -0.477735
0 0.285691 0.795697 -0.285132 -1.204381
0 0.133316 0.457641 0.060578 -0.468818
0 0.132119 0.457204 0.058184 -0.470537
0 0.133495 0.457913 0.060708 -0.469389
0 0.144639 0.459528 0.068786 -0.457401
0 0.406755 0.668274 -0.487773 -0.875166
0 0.406967 0.669083 -0.488903 -0.876479
0 0.175363 0.919262 -0.038736 -1.421427
