0 0.575461 0.621396 -0.331274 0.189342
0 0.570209 0.622887 -0.340709 0.193161
0 0.570925 0.628356 -0.340913 0.205558
0 0.545182 0.617072 -0.373460 0.178194
0 0.545117 0.616345 -0.373792 0.175056
0 0.549248 0.614729 -0.367313 0.173576
0 0.569046 0.599487 -0.357099 0.166764
0 0.571208 0.599711 -0.349885 0.170176
0 0.567609 0.599678 -0.359440 0.170464
0 0.833269 0.948764 0.116461 0.220520
0 0.507168 0.591259 -0.410034 0.144606
0 0.546769 0.577240 -0.403227 0.110606
0 0.504022 0.569450 -0.401153 0.122451
0 0.540741 0.594609 -0.375240 0.166512
0 0.539743 0.594672 -0.377587 0.170541
0 0.544242 0.594930 -0.368853 0.170922
