0 0.825488 0.582052 -0.313798 0.029888
0 0.824680 0.581860 -0.315407 0.030051
0 0.828297 0.582324 -0.306624 0.032880
0 0.826768 0.565163 -0.315333 0.013054
0 0.827523 0.564035 -0.319856 0.011932
0 0.825271 0.564183 -0.318163 0.010508
0 0.846032 0.610742 -0.241122 0.031554
0 0.814512 0.550999 -0.336304 0.009187
0 0.851211 0.614767 -0.232393 0.040754
0 0.816527 0.552142 -0.331521 0.009358
0 0.846953 0.610575 -0.242134 0.032828
0 0.818120 0.550595 -0.327275 0.008763
0 0.793156 0.557241 -0.382586 -0.002200
0 0.957560 0.782892 0.142534 -0.100054
0 0.960706 0.782822 0.149565 -0.098096
0 0.958618 0.789367 0.107543 -0.078514
0 0.962375 0.790602 0.120187 -0.074580
0 0.806136 0.556796 -0.404108 0.000609
0 0.778275 0.517083 -0.398545 -0.035267
0 0.957150 0.771623 0.138393 -0.129694
