0 0.411993 0.629821 -0.505359 -0.994039
0 0.412424 0.630031 -0.505645 -0.989385
0 0.412098 0.630817 -0.505594 -0.988366
0 0.412032 0.630976 -0.505657 -0.989114
0 0.411638 0.629243 -0.505777 -0.994718
0 0.410336 0.633021 -0.507934 -0.986904
0 0.411778 0.629832 -0.506859 -0.992957
0 0.411406 0.626360 -0.503992 -0.996224
0 0.412087 0.626845 -0.502475 -0.995850
0 0.410220 0.633740 -0.507386 -0.985056
0 0.410388 0.632669 -0.507008 -0.987913
0 0.412287 0.630283 -0.506269 -0.993985
0 0.412058 0.627131 -0.502575 -0.995574
0 0.675705 1.235589 -0.878020 -1.698981
0 0.676002 1.235224 -0.879392 -1.699287
0 0.674777 1.234848 -0.859734 -1.693294
0 0.673692 1.236784 -0.861719 -1.689550
0 0.679947 1.235091 -0.888473 -1.697629
0 0.679439 1.234780 -0.888217 -1.699578
0 0.650065 1.236647 -0.901915 -1.698691
0 0.697097 1.235540 -0.860931 -1.698686
0 0.650093 1.235838 -0.901488 -1.701162
0 0.687995 1.235579 -0.876963 -1.696791
0 0.411948 0.632754 -0.509731 -0.994754
0 0.643766 1.234534 -0.922468 -1.692510
0 0.411261 0.623567 -0.513902 -1.004312
0 0.681938 1.233570 -0.871567 -1.697473
0 0.684175 1.232993 -0.867063 -1.698866
