0 0.716925 0.687817 -0.829211 -0.517727
0 0.716362 0.687401 -0.831093 -0.518191
0 0.715787 0.688368 -0.829397 -0.516663
0 0.717457 0.685808 -0.827985 -0.519902
0 0.716917 0.685996 -0.828508 -0.520111
0 0.717702 0.685383 -0.826989 -0.522157
0 0.492656 1.208196 -0.233768 0.383852
0 0.496323 1.195852 -0.228126 0.351699
0 0.492065 1.208969 -0.235242 0.381158
0 0.495791 1.198455 -0.228791 0.360143
0 0.711556 0.676215 -0.841786 -0.535430
0 0.711150 0.673039 -0.842069 -0.540381
0 0.714197 0.699111 -0.837101 -0.523288
0 0.524363 1.211255 -0.069598 0.429378
0 0.524298 1.209576 -0.072463 0.426717
0 0.713802 0.699080 -0.838707 -0.522469
0 0.715591 0.698484 -0.831777 -0.523953
0 0.716012 0.672858 -0.833585 -0.521602
0 0.715229 0.667686 -0.834261 -0.527009
0 0.531261 1.220246 0.080729 0.479634
0 0.690009 0.668986 -0.853074 -0.542993
0 0.690016 0.668048 -0.852094 -0.542936
