0 0.535412 1.073826 0.103687 0.017422
0 0.311047 0.341487 -0.316743 -0.171085
0 0.311003 0.342030 -0.316441 -0.169252
0 0.310664 0.340767 -0.317377 -0.172042
0 0.542809 1.098979 0.112778 0.077735
0 0.342547 0.484076 -0.454983 -0.582495
0 0.311137 0.341532 -0.317857 -0.167570
0 0.311110 0.341535 -0.317593 -0.166586
0 0.340749 0.481394 -0.455044 -0.589833
0 0.344196 0.483330 -0.451317 -0.584063
0 0.340202 0.483563 -0.463736 -0.592388
0 0.342670 0.484749 -0.451165 -0.581098
0 0.537166 1.051444 0.110717 -0.044687
0 0.347019 0.485325 -0.445870 -0.582500
0 0.310571 0.343812 -0.314575 -0.171447
0 0.310798 0.344679 -0.313525 -0.169247
0 0.308722 0.343245 -0.337313 -0.163993
0 0.310532 0.343435 -0.314209 -0.172246
0 0.308308 0.342547 -0.339161 -0.165942
0 0.307462 0.340997 -0.328857 -0.168289
0 0.346913 0.484614 -0.446223 -0.585176
0 0.306796 0.339806 -0.330581 -0.169839
0 0.341327 0.482399 -0.460749 -0.593122
0 0.347690 0.484499 -0.445279 -0.584310
0 0.308523 0.341846 -0.337916 -0.167238
0 0.308545 0.342099 -0.330943 -0.171116
0 0.346935 0.486274 -0.445841 -0.586625
0 0.341695 0.482353 -0.446961 -0.586562
0 0.312642 0.340840 -0.307923 -0.172831
0 0.344663 0.485983 -0.457400 -0.582623
