0 0.631879 0.982886 -0.465249 -0.446416
0 0.633015 0.984426 -0.463471 -0.442800
0 0.632350 0.984978 -0.465326 -0.441746
0 0.394515 0.577006 -0.470558 -0.245718
0 0.394292 0.578564 -0.471133 -0.243293
0 0.631340 0.978228 -0.468461 -0.450171
0 0.632051 0.979805 -0.465345 -0.445585
0 0.631297 0.979337 -0.467823 -0.446094
0 0.396359 0.576579 -0.472532 -0.242744
0 0.396508 0.578098 -0.471960 -0.238554
0 0.393971 0.581914 -0.473778 -0.231601
0 0.393136 0.570222 -0.473474 -0.246418
0 0.394119 0.581185 -0.472683 -0.234318
0 0.393525 0.570170 -0.473057 -0.247253
0 0.362999 0.613211 -0.307244 -0.249662
0 0.362939 0.613295 -0.306888 -0.248481
0 0.513399 0.621898 -0.597136 -0.172620
0 0.513163 0.621186 -0.597716 -0.171983
0 0.357834 0.616865 -0.309092 -0.248850
0 0.357465 0.616308 -0.308953 -0.249485
0 0.514752 0.624405 -0.595952 -0.169208
0 0.365671 0.613265 -0.304109 -0.251023
0 0.642697 0.738241 -0.530527 -0.139160
0 0.644574 0.739227 -0.528545 -0.137101
0 0.642925 0.738365 -0.530116 -0.141877
0 0.393460 0.563054 -0.473823 -0.249252
0 0.394029 0.563223 -0.472466 -0.251565
0 0.393545 0.571093 -0.473816 -0.245767
0 0.629716 0.998581 -0.426809 -0.426829
0 0.394597 0.577514 -0.474584 -0.242459
0 0.627613 1.000557 -0.430180 -0.421879
0 0.528356 0.648645 -0.591270 -0.150434
0 0.395025 0.576326 -0.473989 -0.243379
0 0.527611 0.646655 -0.590040 -0.153148
0 0.629961 1.000384 -0.427223 -0.423893
0 0.622934 0.962119 -0.497898 -0.440519
0 0.393714 0.556547 -0.473041 -0.256485
0 0.626717 0.990577 -0.487691 -0.448830
0 0.362597 0.617493 -0.300307 -0.250105
0 0.367274 0.690102 -0.096403 -0.305326
0 0.368335 0.690731 -0.093332 -0.301875
0 0.511409 0.600882 -0.593462 -0.182083
0 0.368033 0.692746 -0.093016 -0.298196
0 0.540321 0.649031 -0.580364 -0.150397
0 0.262847 0.649429 -0.180726 -0.609978
0 0.613821 0.989971 -0.486117 -0.444769
0 0.511538 0.600242 -0.593569 -0.182542
0 0.638497 0.737891 -0.512966 -0.126866
0 0.637122 0.735596 -0.513734 -0.131459
0 0.263075 0.649136 -0.179911 -0.610005
0 0.395129 0.571627 -0.473594 -0.253637
0 0.260746 0.649068 -0.192588 -0.618644
0 0.260395 0.649862 -0.192921 -0.616652
0 0.640093 0.738470 -0.512213 -0.125014
0 0.260273 0.650322 -0.193407 -0.615395
0 0.367145 0.628924 -0.299535 -0.243137
0 0.357104 0.623683 -0.302078 -0.243051
0 0.371591 0.686354 -0.246659 -0.206935
0 0.624894 0.961282 -0.472383 -0.434302
0 0.512781 0.602015 -0.591089 -0.181405
0 0.371071 0.684903 -0.250991 -0.209607
0 0.517902 0.611353 -0.591087 -0.205393
0 0.369074 0.651684 -0.301098 -0.229762
0 0.353089 0.617667 -0.308334 -0.250379
0 0.257143 0.646521 -0.192229 -0.619548
0 0.369415 0.651346 -0.300759 -0.230795
0 0.264773 0.652427 -0.175313 -0.575520
0 0.383427 0.686984 -0.201365 -0.206232
0 0.257016 0.644946 -0.192475 -0.622143
0 0.363154 0.622883 -0.305269 -0.252110
0 0.258239 0.646200 -0.190253 -0.619774
0 0.370523 0.653157 -0.298569 -0.227193
0 0.266918 0.649206 -0.173712 -0.577373
0 0.518230 0.634743 -0.593924 -0.213490
0 0.511633 0.606533 -0.599988 -0.212142
0 0.516911 0.704563 -0.588524 -0.135314
0 0.517426 0.701899 -0.588328 -0.141775
0 0.369715 0.671232 -0.294628 -0.205030
0 0.365278 0.705415 -0.106934 -0.287068
0 0.641377 0.973492 -0.390469 -0.432757
0 0.641725 0.971778 -0.389161 -0.436749
0 0.363607 0.703345 -0.105897 -0.291908
0 0.364364 0.705544 -0.110032 -0.286276
0 0.641280 0.972851 -0.390105 -0.438033
