0 0.819892 0.764352 0.036497 0.270683
0 0.115164 0.145111 0.063524 -0.204232
0 0.116958 0.145035 0.064713 -0.203757
0 0.116232 0.145500 0.065775 -0.203383
0 0.118094 0.145672 0.067754 -0.202716
0 0.115199 0.146373 0.062391 -0.200950
0 0.115740 0.145378 0.058134 -0.203248
0 0.115249 0.145596 0.056954 -0.202917
0 0.114992 0.146426 0.062394 -0.200985
0 0.117326 0.148177 0.066872 -0.193536
0 0.118295 0.144870 0.059051 -0.202018
0 0.119215 0.144816 0.060085 -0.201586
0 0.117755 0.147626 0.065045 -0.197387
0 0.109984 0.146373 0.062228 -0.198265
0 0.110801 0.146222 0.065733 -0.197956
