0 0.482062 0.857946 -0.252343 -0.029590
0 0.483184 0.854557 -0.249119 -0.041665
0 0.483043 0.859237 -0.249236 -0.029168
0 0.482273 0.835413 -0.249156 -0.087887
0 0.482042 0.839216 -0.249747 -0.076916
0 0.481617 0.841100 -0.251478 -0.072410
0 0.489577 0.846941 -0.240180 -0.056419
0 0.483738 0.845470 -0.253931 -0.055022
0 0.484944 0.856668 -0.258025 -0.039963
0 0.485442 0.856690 -0.256144 -0.043193
0 0.485418 0.853858 -0.255555 -0.051033
0 0.477880 0.862935 -0.247823 -0.032493
0 0.478053 0.863618 -0.247721 -0.030709
0 0.478367 0.858103 -0.247711 -0.044385
0 0.480246 0.830530 -0.258356 -0.046722
