0 0.593750 0.862578 -0.597147 -0.548587
0 0.593866 0.863004 -0.597351 -0.547057
0 0.594181 0.864140 -0.596518 -0.544123
0 0.589739 0.859145 -0.608235 -0.555611
0 0.589922 0.859581 -0.608486 -0.554708
0 0.162550 0.972359 -0.107828 -0.828808
0 0.163736 0.975147 -0.106470 -0.820445
0 0.164834 0.962131 -0.103018 -0.843865
0 0.590819 0.860635 -0.607614 -0.552322
0 0.164378 0.961961 -0.103515 -0.844988
0 0.162876 0.967389 -0.107326 -0.833133
0 0.162548 0.967543 -0.108227 -0.834204
0 0.591435 0.867766 -0.598011 -0.543563
0 0.591066 0.866991 -0.598364 -0.544080
0 0.600790 0.863328 -0.592642 -0.516813
0 0.161802 0.955116 -0.109943 -0.865952
0 0.591868 0.868245 -0.596507 -0.540052
0 0.162283 0.957833 -0.110199 -0.860284
0 0.599477 0.858776 -0.582338 -0.530057
0 0.656624 0.801093 -1.185278 -1.148269
0 0.656604 0.801765 -1.186236 -1.147048
0 0.656482 0.794462 -1.187456 -1.166519
0 0.656683 0.800949 -1.186280 -1.149838
0 0.656263 0.793965 -1.187952 -1.167198
0 0.166137 0.959981 -0.099499 -0.839878
0 0.165674 0.963839 -0.100506 -0.834199
0 0.655529 0.800329 -1.187415 -1.146222
0 0.655184 0.799821 -1.188120 -1.146968
0 0.655174 0.800519 -1.188063 -1.146364
0 0.165429 0.968071 -0.106176 -0.824427
0 0.165599 0.968010 -0.106171 -0.822699
0 0.184416 0.770878 -0.278940 -1.055268
0 0.165136 0.775433 -0.238022 -1.050806
0 0.164738 0.775612 -0.238828 -1.050079
0 0.184255 0.770454 -0.280079 -1.055500
0 0.165162 0.777135 -0.237716 -1.047253
0 0.184560 0.770571 -0.278661 -1.055667
0 0.184551 0.770215 -0.278872 -1.056642
0 0.164213 0.768818 -0.237199 -1.056379
0 0.184509 0.770816 -0.279431 -1.053635
0 0.164238 0.767839 -0.237152 -1.057652
0 0.655811 0.795531 -1.188164 -1.162771
0 0.656175 0.793867 -1.187540 -1.166675
0 0.161795 0.958371 -0.117687 -0.874503
0 0.184341 0.771039 -0.279935 -1.053430
0 0.164429 0.770085 -0.236443 -1.054439
0 0.161807 0.958425 -0.117627 -0.873072
0 0.161543 0.951385 -0.110219 -0.873060
0 0.185496 0.762163 -0.277322 -1.068993
0 0.185501 0.762251 -0.276914 -1.068364
0 0.655108 0.801214 -1.186949 -1.143599
0 0.655604 0.805055 -1.186052 -1.120002
0 0.166553 0.772031 -0.231992 -1.059003
0 0.165860 0.768210 -0.234042 -1.062042
0 0.166128 0.771203 -0.232777 -1.061459
0 0.166073 0.769248 -0.232971 -1.059209
0 0.184948 0.772426 -0.276652 -1.053184
0 0.656992 0.814082 -1.186159 -1.104142
0 0.184852 0.770775 -0.276998 -1.057261
0 0.656127 0.797273 -1.188746 -1.171124
0 0.183952 0.773511 -0.273044 -1.054195
0 0.656024 0.795471 -1.189001 -1.173959
0 0.167860 0.772784 -0.237313 -1.057118
0 0.229670 0.807442 -0.352050 -0.963547
0 0.656224 0.796684 -1.187653 -1.171875
0 0.183679 0.771822 -0.273055 -1.058726
0 0.656675 0.814572 -1.185769 -1.099569
0 0.230023 0.806572 -0.351778 -0.965432
0 0.230022 0.806878 -0.351705 -0.965091
0 0.167529 0.771502 -0.238274 -1.060929
0 0.187684 0.772511 -0.240261 -1.058657
0 0.225474 0.863241 -0.350049 -1.255348
0 0.225932 0.863638 -0.349436 -1.254931
0 0.187384 0.770525 -0.241163 -1.060655
0 0.184238 0.771514 -0.247303 -1.059069
0 0.226025 0.862435 -0.349353 -1.256856
0 0.161746 0.951030 -0.117670 -0.887944
0 0.657507 0.807101 -1.185192 -1.121990
0 0.591701 0.862278 -0.607014 -0.555765
0 0.231969 0.832767 -0.349493 -0.953637
0 0.166475 0.766362 -0.239420 -1.062250
0 0.591741 0.861470 -0.607507 -0.559573
0 0.225304 0.862459 -0.352779 -1.257247
0 0.592196 0.862937 -0.608945 -0.552660
0 0.166426 0.765495 -0.239380 -1.064815
0 0.231928 0.832840 -0.349352 -0.954258
0 0.232031 0.836923 -0.349241 -0.943886
0 0.227545 0.860187 -0.348769 -1.249734
0 0.225727 0.861660 -0.352384 -1.259666
0 0.225669 0.864026 -0.352440 -1.254301
0 0.161317 0.954690 -0.109972 -0.850766
0 0.597621 0.865435 -0.593591 -0.492712
0 0.655818 0.808754 -1.188734 -1.082544
0 0.227115 0.859646 -0.349582 -1.250167
0 0.190855 0.767649 -0.237655 -1.057763
0 0.655577 0.808381 -1.190004 -1.084148
0 0.655521 0.809927 -1.189991 -1.079562
0 0.190518 0.767920 -0.238759 -1.058489
0 0.186346 0.767290 -0.246762 -1.057692
0 0.229513 0.809515 -0.350674 -0.959322
0 0.184200 0.764005 -0.275887 -1.065178
