0 0.407867 0.492554 -0.663839 -0.698477
0 0.407940 0.492643 -0.663873 -0.698523
0 0.408658 0.492723 -0.661870 -0.699114
0 0.409047 0.492588 -0.661994 -0.699948
0 0.407893 0.494282 -0.663406 -0.697189
0 0.409048 0.492994 -0.661931 -0.699369
0 0.408044 0.493952 -0.663575 -0.697956
0 0.407608 0.494388 -0.664919 -0.697225
0 0.408409 0.493620 -0.661124 -0.700572
0 0.408915 0.490991 -0.661591 -0.703618
0 0.408205 0.492192 -0.664205 -0.699251
0 0.408014 0.492968 -0.664430 -0.695899
0 0.407919 0.493114 -0.664106 -0.696917
0 0.432421 0.464566 -0.771187 -0.616894
0 0.432367 0.465859 -0.771387 -0.616681
0 0.432955 0.464452 -0.770989 -0.617017
0 0.432842 0.464893 -0.771197 -0.616785
0 0.432734 0.466215 -0.771153 -0.616432
0 0.432766 0.465815 -0.771188 -0.616616
0 0.432257 0.465114 -0.773145 -0.620953
0 0.432709 0.465070 -0.772022 -0.621430
0 0.408778 0.493268 -0.658996 -0.698623
0 0.407668 0.492988 -0.660476 -0.698791
0 0.411108 0.493253 -0.662784 -0.681485
0 0.432708 0.464363 -0.773193 -0.620149
0 0.432657 0.464455 -0.773078 -0.620248
0 0.433850 0.463514 -0.770544 -0.624080
0 0.433908 0.463147 -0.770714 -0.624140
0 0.433876 0.464871 -0.770958 -0.622908
0 0.411953 0.495460 -0.653929 -0.698613
0 0.405883 0.485536 -0.668664 -0.709122
0 0.432119 0.467804 -0.772823 -0.608055
0 0.412605 0.493535 -0.654392 -0.700458
0 0.156443 0.789693 0.103407 -0.179441
0 0.432106 0.468256 -0.772827 -0.607284
0 0.155639 0.747970 0.103853 -0.167846
0 0.408871 0.489846 -0.663439 -0.696932
0 0.408880 0.490737 -0.663590 -0.694951
