0 0.619471 1.076256 -0.071676 -0.277938
0 0.621960 1.077430 -0.063271 -0.275322
0 0.394308 0.793185 -0.438226 -0.125344
0 0.394303 0.789997 -0.437681 -0.133041
0 0.619572 1.064784 -0.027395 -0.280563
0 0.619399 1.064004 -0.028581 -0.284229
0 0.623961 1.066430 -0.010140 -0.237576
0 0.625796 1.063593 -0.007398 -0.242616
0 0.622818 1.056918 -0.022452 -0.298820
0 0.394519 0.785414 -0.438344 -0.109629
0 0.775409 0.946411 -0.463263 0.437220
0 0.394850 0.779429 -0.438164 -0.117562
0 0.620313 1.066218 -0.071617 -0.309039
0 0.773319 0.948601 -0.466598 0.438213
0 0.625386 1.059837 -0.051215 -0.270113
0 0.625652 1.056007 -0.055216 -0.278742
0 0.781004 0.993526 -0.449380 0.433729
0 0.626241 1.045116 -0.055182 -0.313160
0 0.399994 0.813709 -0.433065 -0.126196
0 0.779006 0.977076 -0.451831 0.398839
0 0.400840 0.817546 -0.431956 -0.118847
0 0.398140 0.783615 -0.432907 -0.175615
0 0.628306 1.050236 -0.003352 -0.276010
0 0.770416 0.980928 -0.479114 0.479551
0 0.770208 0.977530 -0.481413 0.476885
0 0.396524 0.779656 -0.429434 -0.182716
