0 0.901607 0.806313 0.533417 -0.208416
0 0.915890 0.830715 0.537979 -0.182037
0 0.901564 0.808023 0.540762 -0.200586
0 0.912476 0.831761 0.534980 -0.174995
0 0.774513 0.621509 -0.475202 -0.279318
0 0.771143 0.614712 -0.479989 -0.292374
0 0.772562 0.615290 -0.475394 -0.292167
0 0.775140 0.616031 -0.476408 -0.272906
0 0.778929 0.614892 -0.470232 -0.275283
0 0.778296 0.615623 -0.468891 -0.272694
0 0.266090 0.570828 0.180870 -0.349996
0 0.266375 0.570771 0.182121 -0.350918
0 0.266347 0.571123 0.182185 -0.347858
0 0.274371 0.570732 0.182495 -0.352067
0 0.773937 0.602759 -0.505422 -0.299780
0 0.771656 0.603113 -0.509596 -0.299332
0 0.276818 0.569781 0.188870 -0.352873
0 0.277066 0.570039 0.188382 -0.352585
0 0.773569 0.603040 -0.503881 -0.298124
0 0.265252 0.577940 0.180176 -0.348243
0 0.265178 0.575961 0.179570 -0.351530
0 0.265293 0.578296 0.180322 -0.348275
0 0.298391 0.593172 0.201015 -0.341429
0 0.298699 0.594213 0.201732 -0.343027
0 0.298433 0.593898 0.202132 -0.342122
0 0.242432 0.570583 0.161693 -0.363310
0 0.243813 0.574582 0.163312 -0.354078
0 0.924744 0.837368 0.525816 -0.163172
0 0.269304 0.569462 0.190564 -0.359082
0 0.269048 0.575513 0.190535 -0.349267
0 0.770807 0.608000 -0.516785 -0.305326
0 0.893970 0.816926 0.543476 -0.193812
0 0.771406 0.608770 -0.514978 -0.302702
0 0.769949 0.606558 -0.517802 -0.306979
0 0.926173 0.838223 0.536756 -0.160537
0 0.898765 0.819174 0.562919 -0.188325
