0 0.541311 0.380690 -0.764540 -0.169524
0 0.541298 0.381210 -0.765073 -0.168884
0 0.582772 0.910873 0.387532 -0.494144
0 0.584232 0.913287 0.389717 -0.493430
0 0.583038 0.910306 0.386721 -0.494747
0 0.540488 0.378281 -0.767806 -0.167227
0 0.540037 0.377580 -0.768568 -0.168780
0 0.540344 0.378496 -0.767784 -0.166994
0 0.584960 0.923610 0.401538 -0.469142
0 0.543278 0.381546 -0.758802 -0.171554
0 0.582981 0.922399 0.396169 -0.472022
0 0.544155 0.381092 -0.756984 -0.173590
0 0.539030 0.378562 -0.769708 -0.180304
0 0.539617 0.378515 -0.768443 -0.178741
0 0.581284 0.920574 0.394198 -0.479795
0 0.539747 0.379005 -0.768291 -0.180117
0 0.544184 0.380576 -0.766171 -0.164924
0 0.540816 0.378734 -0.766894 -0.165671
0 0.540671 0.380228 -0.767458 -0.163002
0 0.544192 0.380729 -0.766168 -0.165174
0 0.352865 0.467507 -0.577311 -0.667762
0 0.542282 0.379392 -0.770431 -0.167210
0 0.352927 0.468254 -0.577277 -0.667405
0 0.352186 0.469990 -0.577673 -0.664605
0 0.352095 0.469089 -0.577780 -0.666270
0 0.351750 0.468885 -0.578262 -0.665908
0 0.352389 0.467459 -0.577820 -0.667290
0 0.585373 0.987700 0.382977 -0.449924
0 0.584567 0.986974 0.383245 -0.448831
0 0.586415 0.986529 0.386726 -0.446612
0 0.579874 1.028954 0.391000 -0.410408
0 0.356265 0.470366 -0.573678 -0.658882
0 0.356061 0.469864 -0.573184 -0.667050
0 0.542705 0.378381 -0.768181 -0.185681
0 0.540903 0.378412 -0.772322 -0.187149
0 0.579556 1.028076 0.388637 -0.410370
0 0.542756 0.379416 -0.767975 -0.185883
0 0.567914 0.861174 0.375788 -0.500884
0 0.570096 0.858610 0.378499 -0.502689
0 0.580629 1.021217 0.393190 -0.414930
