0 0.222258 1.001827 0.061328 -0.457598
0 0.220822 0.998656 0.062532 -0.464478
0 0.222508 1.002562 0.061944 -0.454649
0 0.220462 1.002830 0.060166 -0.456850
0 0.220565 1.001173 0.062682 -0.461442
0 0.220676 1.001388 0.062137 -0.461902
0 0.384004 0.345944 -0.474999 -0.381722
0 0.382988 0.345576 -0.476921 -0.382220
0 0.383052 0.346109 -0.476737 -0.380995
0 0.382942 0.343446 -0.477729 -0.385411
0 0.383557 0.344365 -0.480416 -0.387472
0 0.383108 0.346661 -0.479082 -0.385729
0 0.383658 0.344079 -0.480084 -0.387276
0 0.383208 0.343907 -0.477067 -0.385408
0 0.382613 0.345151 -0.486929 -0.385513
0 0.383047 0.346453 -0.479616 -0.386395
0 0.383771 0.345224 -0.476754 -0.384964
0 0.383167 0.345233 -0.477525 -0.385356
0 0.385983 0.345535 -0.476117 -0.384422
0 0.221129 0.969980 0.066715 -0.494970
0 0.220798 0.968217 0.064948 -0.495648
0 0.382830 0.345336 -0.486248 -0.378186
0 0.383046 0.344424 -0.477789 -0.385518
0 0.220475 0.968901 0.065844 -0.493870
0 0.706296 1.007251 -0.875635 -0.748970
0 0.706785 1.007564 -0.874642 -0.749649
0 0.707458 1.007307 -0.874032 -0.746367
0 0.224337 0.981903 0.062850 -0.529140
0 0.385737 0.345400 -0.468416 -0.381711
0 0.385280 0.345948 -0.469503 -0.381964
0 0.385976 0.345737 -0.467942 -0.380766
0 0.226649 0.986446 0.067991 -0.497809
0 0.705557 1.008377 -0.876994 -0.713159
0 0.706546 1.008376 -0.875278 -0.713281
0 0.705943 1.007798 -0.876459 -0.715710
0 0.222431 0.978391 0.059638 -0.533677
0 0.381009 0.345506 -0.492294 -0.383005
0 0.708751 1.022744 -0.871177 -0.730200
0 0.381152 0.345337 -0.492028 -0.383419
0 0.381767 0.345569 -0.490726 -0.383580
0 0.220201 1.002554 0.059925 -0.504907
0 0.221513 0.992799 0.061940 -0.488544
0 0.220486 1.002235 0.060674 -0.506523
0 0.219961 1.001885 0.060170 -0.508024
0 0.706723 1.005822 -0.883361 -0.761634
0 0.712312 1.032646 -0.864474 -0.639941
0 0.706613 1.004085 -0.883564 -0.764807
0 0.706115 1.004627 -0.886040 -0.761070
0 0.221182 0.967440 0.061835 -0.490299
0 0.222329 1.000154 0.057898 -0.508264
0 0.221408 0.966348 0.061583 -0.494839
0 0.385561 0.344323 -0.476133 -0.379386
0 0.222590 0.969101 0.062408 -0.487352
0 0.221925 1.003239 0.057176 -0.503597
0 0.222091 1.003538 0.055555 -0.502965
0 0.708808 0.986522 -0.871014 -0.869106
0 0.375155 0.342734 -0.508025 -0.390886
