0 0.631343 1.255224 -0.292569 0.816598
0 0.628985 1.237217 -0.297328 0.785144
0 0.625731 1.232381 -0.274762 0.766647
0 0.628611 1.257912 -0.272014 0.816023
0 0.103729 1.039744 0.067576 -0.329763
0 0.689165 1.271572 -0.181064 0.771276
0 0.693023 1.279508 -0.175854 0.787006
0 0.104363 1.037599 0.067881 -0.330273
0 0.398349 1.224686 -0.034237 0.785062
0 0.399233 1.224582 -0.035552 0.774641
0 0.104402 1.029370 0.070568 -0.330005
0 0.104900 1.025232 0.070884 -0.338033
0 0.448633 1.232287 -0.017139 0.787609
0 0.448928 1.234844 -0.018574 0.787936
0 0.104564 1.043756 0.069377 -0.329825
0 0.718604 1.245745 -0.063564 0.741865
0 0.709760 1.266777 -0.084658 0.784393
0 0.103755 1.040226 0.069177 -0.331234
0 0.110346 1.031236 0.073521 -0.377728
0 0.102809 1.014735 0.069184 -0.340845
