0 0.580320 0.752700 -0.564795 -0.324292
0 0.580641 0.755045 -0.564326 -0.321479
0 0.415347 0.733431 -0.248553 -0.342762
0 0.578676 0.752835 -0.566314 -0.323777
0 0.413430 0.734344 -0.251262 -0.340212
0 0.415624 0.735070 -0.248131 -0.340714
0 0.584367 0.760691 -0.565245 -0.310978
0 0.584811 0.764141 -0.564199 -0.304168
0 0.583458 0.760569 -0.565607 -0.310426
0 0.301533 0.763661 0.130507 -0.301488
0 0.301288 0.764511 0.129465 -0.298669
0 0.301495 0.764729 0.131393 -0.299803
0 0.588122 0.742103 -0.547821 -0.337599
0 0.415359 0.751691 -0.243078 -0.321892
0 0.415574 0.754179 -0.242822 -0.317250
0 0.415490 0.753019 -0.243958 -0.318055
0 0.582985 0.742314 -0.563450 -0.341166
0 0.411369 0.748231 -0.248483 -0.322630
0 0.412307 0.746248 -0.246620 -0.328688
0 0.297075 0.762778 0.145502 -0.303237
0 0.296095 0.763147 0.143048 -0.301270
0 0.297416 0.762774 0.146282 -0.303236
0 0.412279 0.746136 -0.245973 -0.330557
0 0.298160 0.770979 0.136718 -0.284017
0 0.301703 0.764763 0.114195 -0.293615
0 0.301435 0.765506 0.113722 -0.290241
0 0.300802 0.764146 0.111708 -0.295679
0 0.418196 0.736009 -0.250153 -0.338540
0 0.285437 0.766152 0.134451 -0.293003
0 0.419556 0.734870 -0.240871 -0.339098
0 0.416563 0.738097 -0.259693 -0.317479
0 0.582101 0.763363 -0.575390 -0.308843
0 0.582326 0.761802 -0.574825 -0.312665
0 0.582108 0.761739 -0.574978 -0.311392
0 0.079068 0.718680 0.054528 -0.374285
0 0.079823 0.718476 0.054402 -0.376583
0 0.574450 0.755989 -0.563468 -0.313009
0 0.574565 0.755217 -0.563009 -0.317456
0 0.573903 0.754582 -0.563988 -0.321242
0 0.297384 0.757839 0.115081 -0.286438
0 0.415055 0.733158 -0.259037 -0.324505
0 0.079629 0.703538 0.055581 -0.392445
0 0.079112 0.697458 0.054744 -0.404425
0 0.573154 0.746939 -0.568765 -0.314678
0 0.027650 0.691656 0.018090 -0.698390
0 0.653916 0.591196 -1.200150 -0.883739
0 0.419238 0.739782 -0.259214 -0.329528
0 0.077651 0.712111 0.052212 -0.354437
0 0.418585 0.737898 -0.260831 -0.337236
0 0.029094 0.689802 0.019021 -0.677682
0 0.302538 0.746042 0.096408 -0.301600
0 0.077087 0.695558 0.051990 -0.387904
0 0.419497 0.738551 -0.258509 -0.333094
0 0.653364 0.590978 -1.200954 -0.884690
0 0.283439 0.761801 0.143704 -0.316066
0 0.283178 0.761013 0.143929 -0.318483
0 0.028621 0.691610 0.019382 -0.698001
0 0.282477 0.763098 0.141369 -0.309855
0 0.029719 0.690899 0.019861 -0.676331
0 0.653506 0.590503 -1.201751 -0.887083
0 0.028789 0.691992 0.019921 -0.698444
0 0.029845 0.688929 0.020289 -0.679590
0 0.579605 0.745375 -0.564699 -0.311898
0 0.653414 0.591109 -1.202396 -0.886412
