0 0.885679 1.056344 0.162514 0.505185
0 0.222619 0.711970 -0.254090 -0.203020
0 0.040982 0.424171 0.023407 -0.402937
0 0.042785 0.425499 0.027763 -0.402177
0 0.040690 0.424697 0.022732 -0.401992
0 0.040930 0.424639 0.023375 -0.402260
0 0.042906 0.425362 0.028126 -0.402292
0 0.043136 0.425205 0.028459 -0.402155
0 0.223505 0.712815 -0.251355 -0.201482
0 0.222097 0.714551 -0.255927 -0.210070
0 0.040826 0.428235 0.025624 -0.391925
0 0.222318 0.714304 -0.256234 -0.211275
0 0.040774 0.424697 0.025297 -0.399373
0 0.220075 0.713045 -0.260327 -0.215322
0 0.221545 0.712616 -0.257329 -0.216659
0 0.111375 0.374160 -0.132620 -0.466537
0 0.041683 0.427547 0.023089 -0.397791
0 0.220728 0.714241 -0.259056 -0.213598
0 0.042028 0.424827 0.023845 -0.404996
0 0.111122 0.374386 -0.133183 -0.466284
0 0.223005 0.711693 -0.254059 -0.218789
0 0.041079 0.427485 0.024616 -0.400201
0 0.040926 0.428877 0.024463 -0.398413
0 0.222739 0.716497 -0.245077 -0.193691
0 0.041271 0.428845 0.025210 -0.398301
0 0.110454 0.376202 -0.131658 -0.461602
0 0.111010 0.377195 -0.131078 -0.460026
0 0.111516 0.374183 -0.134064 -0.466763
0 0.111023 0.376498 -0.131174 -0.460975
0 0.222908 0.714483 -0.243394 -0.199373
0 0.110075 0.373979 -0.132590 -0.463713
0 0.111396 0.374334 -0.134260 -0.466795
0 0.110594 0.374388 -0.131884 -0.463011
0 0.110768 0.374237 -0.131889 -0.463175
0 0.221486 0.699968 -0.253635 -0.224197
0 0.221653 0.702920 -0.262329 -0.217381
0 0.221671 0.697757 -0.253899 -0.221500
0 0.227456 0.712129 -0.256316 -0.202217
0 0.222605 0.697415 -0.260763 -0.223107
0 0.040829 0.423000 0.024527 -0.393864
0 0.040723 0.420353 0.024195 -0.399958
0 0.228918 0.716704 -0.253721 -0.195568
0 0.110720 0.375477 -0.136730 -0.459726
0 0.110145 0.374607 -0.137294 -0.460646
0 0.110844 0.374951 -0.136392 -0.459947
0 0.110727 0.367976 -0.134217 -0.477038
