0 0.572645 0.414097 -0.690891 -0.567301
0 0.572541 0.415008 -0.690306 -0.566484
0 0.571614 0.416758 -0.690908 -0.564870
0 0.573303 0.412063 -0.685873 -0.568490
0 0.573211 0.412509 -0.686741 -0.567661
0 0.571446 0.416718 -0.691354 -0.565216
0 0.573491 0.412209 -0.686270 -0.568125
0 0.571969 0.415993 -0.686961 -0.563379
0 0.923556 0.256752 -1.261176 -0.245041
0 0.923571 0.257928 -1.260677 -0.244105
0 0.571424 0.416389 -0.688321 -0.562930
0 0.571428 0.415721 -0.688286 -0.563590
0 0.927054 0.264419 -1.259827 -0.237323
0 0.572692 0.410591 -0.691223 -0.569195
0 0.572535 0.410801 -0.690956 -0.568673
0 0.926875 0.264896 -1.260076 -0.236590
0 0.570968 0.412465 -0.695527 -0.565026
0 0.922713 0.257049 -1.262705 -0.245482
0 0.925967 0.260862 -1.261801 -0.237681
0 0.926503 0.261363 -1.261078 -0.237816
0 0.925693 0.264464 -1.262237 -0.237458
0 0.926693 0.267786 -1.265395 -0.236922
0 0.926380 0.268898 -1.266268 -0.235761
0 0.922135 0.252483 -1.265457 -0.242845
0 0.921949 0.251927 -1.267695 -0.243440
0 0.568992 0.413726 -0.690962 -0.565765
0 0.572738 0.410054 -0.702196 -0.569026
0 0.572023 0.409822 -0.703990 -0.569508
0 0.572857 0.409807 -0.702064 -0.569247
0 0.918243 0.253578 -1.262231 -0.242995
0 0.919203 0.252553 -1.295230 -0.249905
0 0.917850 0.252730 -1.263192 -0.244264
0 0.927832 0.249555 -1.247290 -0.251786
0 0.915111 0.253292 -1.266855 -0.243895
0 0.740759 0.216527 -1.278835 -0.299745
0 0.882854 0.293342 -1.533136 -0.231556
0 0.882842 0.294035 -1.535826 -0.233952
0 0.740330 0.216123 -1.278842 -0.300394
0 0.881175 0.291633 -1.539521 -0.233862
0 0.882679 0.302151 -1.535648 -0.228638
0 0.882624 0.293927 -1.535646 -0.234214
0 0.882911 0.294126 -1.535390 -0.233396
0 0.882725 0.301976 -1.535025 -0.228848
0 0.882692 0.302110 -1.535675 -0.227910
0 0.917399 0.251335 -1.229345 -0.249888
