0 0.691091 1.168737 -0.587892 0.031174
0 0.691118 1.167397 -0.588581 0.027704
0 0.386941 1.184678 0.144859 0.088196
0 0.688051 1.158154 -0.582793 0.018331
0 0.687880 1.156910 -0.583984 0.014337
0 0.687281 1.160284 -0.593708 0.005560
0 0.687948 1.163799 -0.594483 0.011085
0 0.678584 1.130369 -0.603020 0.009703
0 0.380114 1.171081 0.142393 0.022584
0 0.677213 1.170616 -0.597564 0.038372
0 0.683711 1.127848 -0.610490 0.011146
0 0.372830 1.152735 0.116889 0.056166
0 0.691577 1.121948 -0.584358 0.007184
0 0.691051 1.121342 -0.584040 0.005512
0 0.396065 1.182852 0.160503 0.037999
