0 0.738914 1.066060 -0.383872 -0.383096
0 0.266275 0.646741 0.028057 -0.307142
0 0.265827 0.645629 0.027250 -0.308249
0 0.740030 1.064705 -0.381844 -0.386005
0 0.265106 0.647046 0.026827 -0.306063
0 0.266266 0.648321 0.027699 -0.304589
0 0.738380 1.063181 -0.384614 -0.390264
0 0.265633 0.648382 0.026931 -0.302767
0 0.265974 0.649821 0.027317 -0.301491
0 0.270196 0.640891 0.036773 -0.319472
0 0.743947 1.059685 -0.387018 -0.420994
0 0.743907 1.061040 -0.387377 -0.418116
0 0.744043 1.059220 -0.388322 -0.421239
0 0.263464 0.636995 0.025162 -0.311921
0 0.262819 0.635997 0.023489 -0.312995
0 0.272759 0.650827 0.043120 -0.314048
0 0.263185 0.637209 0.023975 -0.310996
0 0.736087 1.070359 -0.410878 -0.370640
0 0.736697 1.069051 -0.409725 -0.373237
0 0.735834 1.067698 -0.411051 -0.379179
0 0.732354 1.061525 -0.394800 -0.294292
0 0.732459 1.062499 -0.395424 -0.291665
0 0.740344 1.060690 -0.346817 -0.376999
0 0.739110 1.059574 -0.349017 -0.380256
0 0.269780 0.625786 0.036639 -0.336981
0 0.738159 1.057782 -0.349808 -0.385327
0 0.267770 0.638267 0.038567 -0.313480
0 0.730828 1.037346 -0.398098 -0.330390
0 0.606282 0.642708 -0.644130 -0.467776
0 0.607360 0.642057 -0.642377 -0.469208
