0 0.267714 0.522396 -0.066268 -0.757465
0 0.268248 0.523321 -0.064887 -0.756603
0 0.271683 0.524255 -0.062427 -0.754033
0 0.271802 0.523876 -0.062287 -0.755165
0 0.272052 0.524386 -0.061603 -0.754877
0 0.271738 0.524775 -0.060048 -0.751829
0 0.271786 0.525637 -0.060401 -0.750734
0 0.269569 0.524648 -0.069113 -0.755345
0 0.271469 0.524570 -0.064951 -0.754361
0 0.271387 0.524574 -0.064963 -0.755165
0 0.268111 0.524418 -0.070082 -0.755102
0 1.073057 0.826741 0.019011 0.036312
0 0.270902 0.524558 -0.067070 -0.756387
0 0.271379 0.524272 -0.066260 -0.756046
0 0.270702 0.524447 -0.067948 -0.756483
0 0.269725 0.520467 -0.069223 -0.761816
0 0.270958 0.521705 -0.066995 -0.759818
0 1.086390 0.827010 0.145049 0.057068
