0 0.713551 0.843102 -0.295793 -0.051529
0 0.713551 0.843540 -0.294530 -0.051969
0 0.705541 0.837397 -0.306303 -0.063659
0 0.706105 0.839393 -0.305215 -0.061506
0 0.706397 0.834814 -0.317590 -0.084607
0 0.885723 0.157731 -1.514173 0.107250
0 0.886413 0.152063 -1.509421 0.095701
0 0.886529 0.151530 -1.509334 0.094555
0 0.886460 0.152411 -1.509807 0.095898
0 0.885703 0.156659 -1.512560 0.105496
0 0.886203 0.156300 -1.510263 0.103614
0 0.886739 0.155591 -1.508569 0.104108
0 0.886349 0.146382 -1.510530 0.094297
0 0.886286 0.146472 -1.510312 0.094304
0 0.705232 0.835884 -0.307108 -0.084105
0 0.886268 0.146998 -1.511085 0.094818
0 0.711278 0.841059 -0.306188 -0.068790
0 0.887327 0.157999 -1.512895 0.106063
0 0.887843 0.158649 -1.511158 0.106760
0 0.711777 0.840894 -0.305916 -0.069936
0 0.709598 0.832975 -0.311394 -0.069085
0 0.888653 0.152808 -1.503927 0.104732
0 0.883523 0.151753 -1.518625 0.103047
0 0.883164 0.158276 -1.505908 0.103629
0 0.889128 0.137138 -1.501172 0.086653
0 0.882366 0.157592 -1.507716 0.101572
0 0.883513 0.158091 -1.504745 0.102631
