0 0.969816 0.728510 -0.294000 0.182465
0 0.972531 0.730816 -0.283997 0.185359
0 0.971068 0.767491 -0.298876 0.224319
0 0.971545 0.771199 -0.290133 0.231443
0 0.973028 0.765730 -0.436347 -0.282559
0 0.965996 0.756091 -0.461160 -0.295126
0 0.965738 0.753865 -0.462718 -0.298423
0 0.973808 0.763656 -0.435592 -0.287693
0 0.973531 0.764339 -0.436934 -0.283332
0 0.964256 0.750309 -0.464899 -0.306359
0 0.948869 0.778435 -0.466098 -0.276617
0 0.949894 0.778555 -0.464617 -0.278372
0 0.946076 0.778485 -0.473232 -0.274838
0 0.945901 0.726001 -0.444950 -0.328034
0 0.947718 0.732062 -0.440712 -0.315246
0 0.945445 0.730146 -0.444427 -0.318245
