0 0.104914 0.996500 -0.008252 -0.994009
0 0.105966 0.996732 -0.005896 -0.993974
0 0.105099 0.997609 -0.010204 -0.991588
0 0.105735 0.998680 -0.008881 -0.990045
0 0.103217 0.992837 -0.008676 -0.997770
0 0.102625 0.990519 -0.009993 -1.002626
0 0.102759 0.988574 -0.009608 -1.006434
0 0.105770 1.000010 -0.008035 -0.979249
0 0.104768 0.997736 -0.009796 -0.983496
0 0.104678 0.993957 -0.009470 -0.989187
0 0.106400 0.997819 -0.003491 -1.003117
0 0.106607 1.000037 -0.001613 -0.998906
0 0.815733 1.340891 -0.216437 0.371874
0 0.103606 0.987141 -0.008335 -1.023209
0 0.815853 1.341322 -0.217107 0.369736
0 0.751137 1.378455 -0.236775 0.723949
0 0.748404 1.369292 -0.242771 0.705941
0 0.162845 0.864285 -0.177140 -1.160434
0 0.820648 1.336596 -0.208187 0.506500
0 0.819084 1.334373 -0.211605 0.503803
0 0.162989 0.865090 -0.177775 -1.158996
0 0.103944 0.991749 -0.007551 -1.014083
0 0.103615 0.988757 -0.008036 -1.020024
0 0.162936 0.863192 -0.177725 -1.161912
0 0.656001 1.381560 -0.300195 0.727742
0 0.655580 1.377115 -0.300435 0.719517
0 0.163775 0.872721 -0.171151 -1.146588
0 0.113023 0.992539 0.005361 -0.980174
0 0.113122 0.992681 0.006184 -0.980241
0 0.164321 0.862091 -0.172841 -1.160095
0 0.164231 0.866392 -0.172672 -1.152215
0 0.163982 0.865130 -0.172310 -1.154594
0 0.778688 1.375338 -0.214586 0.632359
0 0.161886 0.862186 -0.183782 -1.171310
0 0.164167 0.864754 -0.172447 -1.155391
0 0.776370 1.361270 -0.217587 0.602192
0 0.812977 1.346607 -0.213477 0.680606
0 0.809919 1.340307 -0.218360 0.666221
0 0.103753 0.996665 -0.005794 -0.962475
0 0.162011 0.862531 -0.183173 -1.170621
0 0.162552 0.863634 -0.183679 -1.168085
0 0.161946 0.861525 -0.183119 -1.172345
