0 0.546220 1.112105 -0.361221 -1.007404
0 0.545656 1.112246 -0.362599 -1.006481
0 0.547263 1.113847 -0.360075 -1.003216
0 0.716056 1.158751 -0.737030 -0.768391
0 0.715430 1.159204 -0.736901 -0.767596
0 0.714796 1.157448 -0.738131 -0.771629
0 0.373440 1.262293 -0.178952 -0.122314
0 0.374501 1.261031 -0.176742 -0.124157
0 0.543638 1.109648 -0.369219 -1.019166
0 0.543020 1.109618 -0.370240 -1.020652
0 0.544156 1.110560 -0.369746 -1.016465
0 0.716261 1.149167 -0.729043 -0.768615
0 0.716402 1.149718 -0.729776 -0.767317
0 0.715962 1.148975 -0.729773 -0.769063
0 0.716326 1.154083 -0.749215 -0.774058
0 0.711997 1.150140 -0.727914 -0.796428
0 0.716544 1.156218 -0.748899 -0.769760
0 0.716072 1.153176 -0.750123 -0.775915
0 0.371878 1.248187 -0.178547 -0.165352
0 0.543319 1.109591 -0.379810 -0.997766
0 0.545837 1.112587 -0.385391 -0.998322
0 0.717964 1.149172 -0.744127 -0.765017
0 0.371368 1.248340 -0.179585 -0.165507
0 0.718058 1.149234 -0.743382 -0.766385
0 0.718597 1.149183 -0.743394 -0.764087
0 0.712126 1.141679 -0.735741 -0.795414
0 0.371755 1.242763 -0.177991 -0.139023
0 0.369553 1.260122 -0.175672 -0.121769
0 0.369833 1.258144 -0.176235 -0.125749
0 0.620370 1.239397 -0.353890 -0.066480
0 0.621534 1.234386 -0.353355 -0.075122
0 0.627020 1.189462 -0.348052 -0.076064
0 0.553415 1.117631 -0.332495 -0.989510
0 0.552652 1.116381 -0.335048 -0.992935
0 0.551988 1.116799 -0.336196 -0.991137
0 0.625967 1.189326 -0.347600 -0.073989
0 0.720637 1.141114 -0.728480 -0.806221
0 0.716110 1.134733 -0.737052 -0.795837
0 0.602162 1.256543 -0.338743 -0.050717
0 0.366968 1.256579 -0.174977 -0.120398
0 0.602965 1.255902 -0.339927 -0.051569
0 0.553450 1.113121 -0.383684 -1.002574
0 0.552552 1.113801 -0.385687 -0.999717
0 0.552238 1.113196 -0.385465 -1.000006
0 0.608080 1.205908 -0.337218 -0.062247
0 0.609670 1.203958 -0.335934 -0.068040
