0 0.797511 0.904542 0.520325 -0.964535
0 0.793191 0.905217 0.506069 -0.963420
0 0.674659 0.945836 -1.067154 -0.728436
0 0.674883 0.946135 -1.066588 -0.728435
0 0.791638 0.911230 0.501109 -0.948259
0 0.794562 0.911291 0.505392 -0.947817
0 0.674819 0.946850 -1.071099 -0.723137
0 0.674802 0.945955 -1.071880 -0.723767
0 0.773906 0.902538 0.518001 -0.969646
0 0.776463 0.902380 0.524806 -0.969901
0 0.836668 0.904313 0.517480 -0.967401
0 0.821043 0.905518 0.476636 -0.965277
0 0.675011 0.959544 -1.063841 -0.671194
0 0.674966 0.958333 -1.064321 -0.673990
0 0.677077 0.937705 -1.064149 -0.727760
