0 0.569736 0.826512 -0.926898 -1.296034
0 0.569598 0.825410 -0.926843 -1.295699
0 0.569314 0.825555 -0.926708 -1.295916
0 0.569672 0.826321 -0.927083 -1.294213
0 0.567488 0.821245 -0.928302 -1.301195
0 0.570927 0.824348 -0.927654 -1.297763
0 0.264629 0.903134 -0.152887 -1.276534
0 0.265145 0.903639 -0.152206 -1.276363
0 0.568656 0.825869 -0.930521 -1.295954
0 0.263546 0.904148 -0.158631 -1.278313
0 0.263108 0.904948 -0.159272 -1.277979
0 0.569671 0.820786 -0.924477 -1.302782
0 0.261639 0.902533 -0.164195 -1.278492
0 0.568901 0.825974 -0.930371 -1.294889
0 0.569644 0.826272 -0.928917 -1.294837
0 0.261460 0.903641 -0.164225 -1.275727
0 0.261159 0.902281 -0.164958 -1.278729
0 0.570911 0.827481 -0.922784 -1.299482
0 0.571169 0.824250 -0.926844 -1.298766
0 0.570349 0.825212 -0.925362 -1.298465
0 0.570264 0.827168 -0.924306 -1.301279
0 0.570123 0.823987 -0.925191 -1.296965
0 0.569571 0.824048 -0.925786 -1.296354
0 0.569834 0.822839 -0.925482 -1.297578
0 0.267153 0.900598 -0.143236 -1.279210
0 0.268522 0.901922 -0.141220 -1.277502
0 0.268118 0.902064 -0.141949 -1.278167
0 0.260610 0.907664 -0.170957 -1.271360
0 0.261103 0.907318 -0.170206 -1.271582
0 0.283484 0.802439 -0.434965 -1.427384
0 0.261222 0.908169 -0.169791 -1.270935
0 0.283806 0.802321 -0.435762 -1.427473
0 0.284729 0.802350 -0.435326 -1.424186
0 0.284925 0.802232 -0.435406 -1.424511
0 0.281392 0.803226 -0.439956 -1.418503
0 0.281679 0.802465 -0.439226 -1.420112
0 0.170356 0.858070 -0.183425 -1.336378
0 0.170411 0.857356 -0.183552 -1.338019
0 0.169885 0.857794 -0.184431 -1.336818
0 0.271594 0.890063 -0.117087 -1.302866
0 0.567559 0.820458 -0.929415 -1.300441
0 0.268058 0.888863 -0.117966 -1.306104
0 0.174738 0.851792 -0.179502 -1.349871
0 0.172837 0.854207 -0.179077 -1.344759
0 0.173111 0.854515 -0.179167 -1.344039
0 0.173844 0.850781 -0.180249 -1.352138
0 0.172990 0.854724 -0.179337 -1.343662
0 0.568972 0.821290 -0.926385 -1.298767
0 0.287889 0.804494 -0.431553 -1.424161
0 0.262088 0.902897 -0.174448 -1.277889
0 0.281839 0.803143 -0.439078 -1.419278
0 0.287456 0.804199 -0.432532 -1.419629
0 0.290985 0.804915 -0.419407 -1.419808
0 0.233754 0.874070 -0.136787 -1.312386
0 0.281729 0.804784 -0.439847 -1.422143
0 0.243365 0.874626 -0.129847 -1.311278
0 0.281703 0.805321 -0.440050 -1.421396
0 0.571164 0.822205 -0.929248 -1.300617
0 0.570018 0.822049 -0.931701 -1.301431
0 0.172220 0.851236 -0.179858 -1.350763
0 0.172119 0.852931 -0.180041 -1.345874
0 0.172094 0.852539 -0.180073 -1.347674
0 0.281240 0.803857 -0.440394 -1.425007
0 0.267748 0.903581 -0.142424 -1.276642
0 0.284746 0.802857 -0.433497 -1.429158
0 0.284427 0.802897 -0.433652 -1.428363
0 0.170895 0.856799 -0.180578 -1.343784
0 0.262282 0.902303 -0.167357 -1.278347
0 0.164357 0.851178 -0.187947 -1.348137
0 0.163980 0.851891 -0.188117 -1.346695
0 0.267685 0.905216 -0.141662 -1.275536
0 0.284852 0.806139 -0.433310 -1.419007
0 0.286058 0.805790 -0.433340 -1.417041
0 0.261530 0.904241 -0.177021 -1.278636
0 0.261935 0.904291 -0.168367 -1.267850
0 0.262481 0.905798 -0.167444 -1.266459
0 0.262075 0.906377 -0.168502 -1.268082
0 0.174321 0.859567 -0.173833 -1.339342
0 0.568060 0.825287 -0.923104 -1.298635
