0 0.632088 1.002816 -0.079508 0.014818
0 0.633293 1.005211 -0.076750 0.018396
0 0.633923 0.993384 -0.075551 -0.006640
0 0.647483 1.013217 -0.057419 0.085937
0 0.648591 1.015093 -0.054972 0.094356
0 0.674392 1.033582 -1.068248 -1.481272
0 0.674702 1.033218 -1.066783 -1.481235
0 0.674391 1.033656 -1.072251 -1.482339
0 0.674900 1.034584 -1.066671 -1.479988
0 0.674679 1.033150 -1.071535 -1.484024
0 0.673867 1.030949 -1.070424 -1.484620
0 0.673977 1.031332 -1.069246 -1.483406
0 0.673999 1.031374 -1.069312 -1.484707
0 0.675153 1.033074 -1.063469 -1.475823
0 0.673616 1.033013 -1.071449 -1.484394
0 0.674616 1.032050 -1.064375 -1.477564
0 0.674002 1.033918 -1.071025 -1.481360
0 0.675008 1.032446 -1.063908 -1.477845
0 0.647905 0.990253 -0.055529 0.032132
0 0.673588 1.032114 -1.070025 -1.472702
0 0.589871 0.996756 -0.113919 -0.005358
0 0.590963 0.998648 -0.113115 -0.001863
0 0.674547 1.034989 -1.067301 -1.468156
0 0.678471 1.024060 -0.032964 0.051994
0 0.680264 1.025329 -0.030175 0.052321
