0 0.484937 0.780742 -0.591230 -0.585786
0 0.486084 0.780332 -0.590064 -0.585900
0 0.482452 0.774353 -0.595283 -0.595475
0 0.482725 0.773352 -0.594311 -0.597516
0 0.268192 0.506637 -0.321207 -0.593791
0 0.268591 0.506924 -0.321048 -0.593936
0 0.268532 0.506935 -0.321346 -0.593197
0 0.481926 0.771823 -0.593282 -0.598125
0 0.482680 0.765401 -0.592162 -0.608312
0 0.269474 0.506231 -0.319356 -0.596927
0 0.270038 0.508648 -0.318452 -0.589949
0 0.270503 0.509385 -0.317139 -0.591248
0 0.269365 0.506570 -0.319720 -0.596879
0 0.270605 0.509025 -0.317306 -0.592063
0 0.269379 0.506604 -0.319506 -0.595554
0 0.270390 0.508106 -0.317349 -0.590016
0 0.269739 0.503237 -0.320707 -0.595970
0 0.480317 0.764379 -0.600482 -0.605990
0 0.479778 0.763937 -0.600731 -0.605204
0 0.270142 0.504483 -0.318563 -0.592108
0 0.479819 0.754043 -0.601637 -0.617882
0 0.270481 0.508841 -0.317725 -0.588697
0 0.046448 0.573913 0.031537 -0.601639
0 0.269873 0.507436 -0.319043 -0.591369
0 0.046624 0.572801 0.031856 -0.602352
0 0.269362 0.507100 -0.317303 -0.587436
0 0.045936 0.573289 0.030874 -0.601844
0 0.269751 0.503985 -0.318171 -0.596187
0 0.268910 0.505063 -0.319760 -0.592487
0 0.338718 0.785393 -0.271112 -0.653948
0 0.269272 0.506181 -0.317785 -0.588084
0 0.482271 0.764393 -0.593165 -0.612552
0 0.485687 0.779692 -0.592055 -0.590667
0 0.270194 0.506414 -0.315945 -0.587837
0 0.045641 0.570215 0.030786 -0.601394
0 0.401779 0.483114 -0.598794 -0.580118
0 0.339453 0.781227 -0.269803 -0.663161
0 0.486069 0.778045 -0.591037 -0.594766
0 0.046346 0.568574 0.031869 -0.604475
0 0.046341 0.571038 0.031688 -0.600240
0 0.402654 0.483257 -0.598196 -0.579321
0 0.403163 0.481405 -0.604450 -0.584424
0 0.403166 0.479978 -0.603694 -0.586545
0 0.403186 0.479240 -0.604667 -0.588058
0 0.400282 0.482555 -0.603739 -0.580326
0 0.337853 0.772097 -0.272516 -0.667086
0 0.338757 0.770531 -0.270699 -0.668575
0 0.403674 0.479891 -0.602715 -0.584459
0 0.049094 0.587429 0.033502 -0.591333
0 0.400503 0.481042 -0.603494 -0.582401
0 0.400389 0.480202 -0.603730 -0.583995
0 0.400183 0.476670 -0.600437 -0.585699
0 0.404343 0.480018 -0.601715 -0.584005
0 0.344446 0.787006 -0.263792 -0.656763
0 0.399637 0.476633 -0.604066 -0.582311
0 0.399625 0.475695 -0.603986 -0.582569
0 0.399622 0.475651 -0.604224 -0.583644
0 0.400695 0.477600 -0.599828 -0.584408
0 0.489882 0.780966 -0.581043 -0.584677
0 0.402726 0.476827 -0.604718 -0.582676
0 0.483333 0.776920 -0.586475 -0.597570
0 0.402649 0.475925 -0.605077 -0.584631
0 0.402590 0.475411 -0.603982 -0.584046
0 0.483493 0.771483 -0.586289 -0.604774
0 0.046264 0.557441 0.031896 -0.614132
0 0.343254 0.771860 -0.266284 -0.665130
0 0.403202 0.476949 -0.603160 -0.584981
0 0.481148 0.761147 -0.591567 -0.593485
0 0.489654 0.774863 -0.571591 -0.592828
0 0.403841 0.478483 -0.601691 -0.582606
0 0.269191 0.510904 -0.317958 -0.591711
0 0.335150 0.769301 -0.273277 -0.653978
0 0.481052 0.760705 -0.591928 -0.594683
0 0.399802 0.473470 -0.604977 -0.585585
0 0.399584 0.472681 -0.605792 -0.587477
0 0.269159 0.513901 -0.316553 -0.585465
0 0.491700 0.779377 -0.577977 -0.591866
0 0.399496 0.477612 -0.605365 -0.584155
0 0.048794 0.579782 0.031824 -0.590230
0 0.046184 0.606909 0.031989 -0.576412
0 0.333598 0.764498 -0.276080 -0.658104
0 0.045426 0.608117 0.030859 -0.575537
0 0.046076 0.608035 0.031813 -0.576692
0 0.398553 0.476403 -0.607432 -0.586411
0 0.334839 0.759754 -0.274082 -0.656374
0 0.480633 0.751130 -0.592629 -0.608377
0 0.337366 0.797719 -0.267335 -0.650807
0 0.486725 0.782372 -0.610516 -0.592548
0 0.399429 0.472056 -0.605196 -0.587535
0 0.485218 0.780669 -0.613388 -0.594637
0 0.399633 0.472747 -0.604284 -0.585921
0 0.047079 0.576133 0.034022 -0.600622
0 0.334111 0.795531 -0.271782 -0.654914
0 0.048425 0.617565 0.032453 -0.573742
0 0.048715 0.617951 0.032674 -0.570592
0 0.048928 0.618059 0.032767 -0.571723
0 0.400121 0.477250 -0.605848 -0.585141
0 0.400192 0.476253 -0.606042 -0.586858
0 0.483127 0.767659 -0.586775 -0.615295
0 0.044728 0.555404 0.029772 -0.617043
