0 0.399193 0.808322 -0.467474 -1.015375
0 0.398964 0.809701 -0.466588 -1.012741
0 0.398503 0.808264 -0.467494 -1.015164
0 0.400186 0.810463 -0.464167 -1.010484
0 0.400814 0.811274 -0.462424 -1.009189
0 0.639031 0.886569 -0.963044 -1.145915
0 0.639853 0.887445 -0.961190 -1.145195
0 0.494511 0.830473 -0.625826 -1.044417
0 0.399157 0.810320 -0.467432 -1.007115
0 0.495101 0.831262 -0.624512 -1.044225
0 0.399434 0.810833 -0.467146 -1.007653
0 0.251937 0.656450 -0.234312 -0.884188
0 0.400627 0.811428 -0.461179 -1.006624
0 0.401063 0.812717 -0.460684 -1.005249
0 0.252620 0.656007 -0.233245 -0.885037
0 0.254680 0.657263 -0.231023 -0.882820
0 0.254058 0.656690 -0.230436 -0.885793
0 0.254825 0.656758 -0.228538 -0.884980
0 0.253531 0.657696 -0.233476 -0.881964
0 0.254019 0.657942 -0.232692 -0.882108
0 0.255810 0.655262 -0.231448 -0.886438
0 0.254690 0.655048 -0.232898 -0.886903
0 0.494597 0.830481 -0.625414 -1.047068
0 0.399049 0.809923 -0.467657 -1.010657
0 0.493954 0.830151 -0.625793 -1.046873
0 0.494131 0.831663 -0.625437 -1.045207
0 0.254894 0.655733 -0.232745 -0.885261
0 0.398526 0.810164 -0.468160 -1.010916
0 0.398141 0.810090 -0.469154 -1.010533
0 0.082502 0.512287 0.028365 -0.692466
0 0.494493 0.830272 -0.624623 -1.043585
0 0.080549 0.514713 0.027584 -0.685043
0 0.081619 0.515459 0.031570 -0.683204
0 0.081274 0.514146 0.028598 -0.687728
0 0.081817 0.512293 0.027427 -0.692104
0 0.081234 0.514285 0.028187 -0.687311
0 0.495330 0.832840 -0.625102 -1.037944
0 0.495504 0.833220 -0.624779 -1.039679
0 0.494226 0.830587 -0.624645 -1.044034
0 0.081276 0.514204 0.028363 -0.687868
0 0.640060 0.887991 -0.963830 -1.143979
0 0.493968 0.831713 -0.625211 -1.041922
0 0.640058 0.888445 -0.964307 -1.143959
0 0.400693 0.810331 -0.463232 -1.008780
0 0.640179 0.889211 -0.963657 -1.142972
0 0.399191 0.810088 -0.466562 -1.009586
0 0.400685 0.810264 -0.463316 -1.009033
0 0.638748 0.887080 -0.965865 -1.151757
0 0.639916 0.886864 -0.963147 -1.151640
0 0.640263 0.887876 -0.962738 -1.150993
0 0.639854 0.887464 -0.964710 -1.141697
0 0.254223 0.657022 -0.234223 -0.883479
0 0.639877 0.887877 -0.964700 -1.142267
0 0.639677 0.888989 -0.965099 -1.140890
0 0.080719 0.513930 0.027256 -0.688007
0 0.079765 0.515422 0.024644 -0.683936
0 0.253825 0.656449 -0.234453 -0.879206
0 0.640980 0.889497 -0.961167 -1.145298
0 0.253889 0.657023 -0.234360 -0.879087
0 0.079803 0.514561 0.025425 -0.684453
0 0.079960 0.516004 0.024964 -0.683676
0 0.641539 0.890572 -0.959424 -1.142748
0 0.080715 0.514093 0.027190 -0.687073
0 0.080706 0.514959 0.029497 -0.684063
0 0.080870 0.513647 0.026955 -0.688360
0 0.081630 0.514051 0.031847 -0.683586
0 0.640922 0.887768 -0.966117 -1.142596
0 0.640352 0.887673 -0.967021 -1.142388
0 0.082782 0.512517 0.029511 -0.690131
0 0.082255 0.512496 0.028680 -0.690171
0 0.254374 0.656781 -0.236945 -0.880986
0 0.083310 0.512848 0.033495 -0.690407
0 0.255727 0.656382 -0.234322 -0.881254
0 0.082196 0.512959 0.031283 -0.689981
0 0.253076 0.655631 -0.232122 -0.886286
0 0.491295 0.830561 -0.629462 -1.042641
0 0.254449 0.656923 -0.236957 -0.881611
0 0.494776 0.826315 -0.625430 -1.044886
0 0.255773 0.655775 -0.235203 -0.885302
0 0.495890 0.828893 -0.623957 -1.040434
0 0.491923 0.832466 -0.628705 -1.042229
0 0.638164 0.886349 -0.965537 -1.143184
0 0.492382 0.831609 -0.627976 -1.042260
0 0.490674 0.833265 -0.627909 -1.049041
0 0.639133 0.888591 -0.963858 -1.142793
0 0.639772 0.887735 -0.963125 -1.142410
0 0.491377 0.832847 -0.626450 -1.049206
0 0.491813 0.835011 -0.625886 -1.046891
0 0.495218 0.840956 -0.626355 -1.038080
0 0.495447 0.841741 -0.624761 -1.036245
0 0.081690 0.515940 0.027200 -0.684379
0 0.501142 0.833374 -0.615722 -1.033136
0 0.252551 0.655467 -0.232544 -0.887099
0 0.081843 0.515031 0.029124 -0.686891
0 0.080125 0.513258 0.026980 -0.681748
0 0.079670 0.515223 0.026263 -0.681558
0 0.081459 0.510813 0.029485 -0.689431
0 0.501909 0.832145 -0.612935 -1.041025
0 0.079868 0.514983 0.026349 -0.680912
0 0.080577 0.510340 0.028003 -0.690422
0 0.402758 0.795151 -0.459712 -1.029657
0 0.246810 0.654579 -0.251395 -0.887772
