0 0.306243 0.774340 -0.253701 -0.194356
0 0.579049 0.885542 -0.688008 -0.326461
0 0.305800 0.772130 -0.254227 -0.200519
0 0.578542 0.886548 -0.688940 -0.323986
0 0.578137 0.885891 -0.687129 -0.323253
0 0.307297 0.775472 -0.254900 -0.195925
0 0.307689 0.772767 -0.253646 -0.202321
0 0.574523 0.867920 -0.685449 -0.349220
0 0.307967 0.775843 -0.254589 -0.207845
0 0.304037 0.777735 -0.256530 -0.195974
0 0.304053 0.775635 -0.256168 -0.197774
0 0.577416 0.873888 -0.688568 -0.343202
0 0.575588 0.879130 -0.689391 -0.346879
0 0.577245 0.868816 -0.689213 -0.348536
0 0.584004 0.879987 -0.676866 -0.325546
0 0.575373 0.878622 -0.691215 -0.347966
0 0.574099 0.880103 -0.694483 -0.345515
0 0.577507 0.867727 -0.686749 -0.349205
0 0.306967 0.790643 -0.255539 -0.210070
0 0.570092 0.849737 -0.690309 -0.352625
0 0.577000 0.910748 -0.681183 -0.306759
0 0.314902 0.774869 -0.244892 -0.198493
0 0.307298 0.782960 -0.265321 -0.196990
0 0.587243 0.922809 -0.674139 -0.301627
0 0.601645 0.891255 -0.675741 -0.334768
0 0.600751 0.889883 -0.675832 -0.336815
0 0.602441 0.890012 -0.673968 -0.337634
0 0.316811 0.775077 -0.242777 -0.194974
0 0.307489 0.750283 -0.255522 -0.249041
0 0.578403 0.909129 -0.687401 -0.331993
0 0.305037 0.759250 -0.255899 -0.202106
0 0.578587 0.906726 -0.686699 -0.336074
