0 0.706182 0.841089 -0.855374 -0.491149
0 0.445997 1.099478 0.296525 -0.250324
0 0.706936 0.839922 -0.852246 -0.493430
0 0.447107 1.099694 0.299850 -0.253909
0 0.705745 0.840262 -0.854536 -0.492913
0 0.585745 0.800426 -0.672224 -0.408885
0 0.585488 0.800196 -0.672928 -0.407600
0 0.585797 0.803328 -0.670787 -0.421868
0 0.586263 0.803205 -0.669519 -0.422277
0 0.585807 0.799272 -0.669575 -0.408587
0 0.586039 0.804109 -0.668449 -0.419268
0 0.708480 0.839286 -0.852129 -0.508413
0 0.708019 0.838955 -0.853960 -0.509546
0 0.706851 0.839860 -0.853527 -0.506989
0 0.427904 1.104884 0.283075 -0.191453
0 0.428073 1.104620 0.281747 -0.192553
0 0.461541 1.098689 0.296202 -0.242809
0 0.462607 1.100452 0.299052 -0.235792
0 0.705820 0.831550 -0.873499 -0.491354
0 0.708399 0.824476 -0.850665 -0.540521
0 0.578557 0.784273 -0.675376 -0.424418
0 0.706593 0.828473 -0.873928 -0.495655
0 0.577279 0.782591 -0.679777 -0.422988
0 0.692881 0.826614 -0.853139 -0.529881
0 0.579199 0.783472 -0.676354 -0.422065
0 0.444919 1.083300 0.294994 -0.303210
0 0.418436 1.060227 0.260595 -0.463072
0 0.704984 0.835457 -0.866513 -0.486154
0 0.709726 0.847010 -0.856588 -0.532542
0 0.419539 1.061953 0.258259 -0.458692
0 0.417238 1.060518 0.259783 -0.467012
0 0.689546 0.790484 -0.848978 -0.527531
0 0.380259 1.035612 0.245243 -0.602218
0 0.380128 1.035447 0.244168 -0.600398
0 0.379168 1.036930 0.242758 -0.599884
0 0.578715 0.806147 -0.671844 -0.457337
0 0.393035 1.111868 0.262641 -0.135417
0 0.579357 0.769388 -0.673526 -0.466194
0 0.393810 1.105361 0.267989 -0.240206
0 0.391868 1.112446 0.260599 -0.135484
0 0.391607 1.105248 0.263757 -0.236818
0 0.698180 0.856948 -0.850073 -0.514783
0 0.593460 0.782694 -0.668852 -0.453104
0 0.704126 0.803293 -0.855965 -0.493635
