0 0.455677 1.128121 0.238878 0.037446
0 0.433385 1.144605 0.234675 0.095168
0 0.117570 0.735314 0.072355 -0.461406
0 0.117526 0.736755 0.071985 -0.458827
0 0.723575 1.253484 -0.791248 0.675156
0 0.722172 1.237877 -0.797250 0.649272
0 0.119936 0.736055 0.077395 -0.467918
0 0.748823 1.214188 -0.392979 0.731157
0 0.749854 1.229269 -0.395465 0.754285
0 0.120910 0.736272 0.076646 -0.466469
0 0.771056 1.268954 -0.353364 0.763326
0 0.782067 1.284962 -0.172642 0.809469
0 0.739742 1.251665 -0.633315 0.699842
0 0.770778 1.273082 -0.360724 0.766243
0 0.118453 0.728288 0.072544 -0.462175
0 0.118841 0.727661 0.072559 -0.460672
0 0.739828 1.257821 -0.635921 0.709292
0 0.770668 1.275683 -0.197391 0.791585
0 0.772292 1.221915 -0.208682 0.760456
