0 0.566213 0.949812 -0.112209 0.389050
0 0.576154 0.990567 -0.069021 0.407148
0 0.565958 0.951206 -0.112547 0.389679
0 0.574942 0.993517 -0.073117 0.409642
0 0.755635 1.004440 0.256299 -0.021263
0 0.761817 1.004138 0.267833 -0.018311
0 0.757695 1.051108 0.261628 0.021115
0 0.738546 0.977743 0.223336 -0.053531
0 0.556805 0.948239 -0.169552 0.382996
0 0.554669 0.945261 -0.170225 0.376914
0 0.739916 0.977445 0.224963 -0.052566
0 0.572258 1.003020 -0.126463 0.416646
0 0.569930 1.003261 -0.135171 0.417210
0 0.737223 0.933700 0.219220 -0.150746
