0 0.742936 0.479589 -1.171237 -0.712878
0 0.741574 0.483171 -1.167694 -0.710369
0 0.743351 0.481428 -1.178265 -0.715585
0 0.743321 0.480017 -1.169679 -0.713217
0 0.741589 0.484586 -1.165756 -0.709251
0 0.742399 0.479880 -1.183487 -0.714277
0 0.742413 0.479466 -1.183642 -0.714496
0 0.742079 0.479326 -1.183744 -0.714705
0 0.743603 0.482088 -1.175333 -0.710383
0 0.743569 0.481689 -1.175716 -0.711372
0 0.743376 0.481626 -1.175526 -0.711616
0 0.742738 0.484143 -1.165047 -0.709858
0 0.742709 0.484446 -1.165314 -0.709301
0 0.739705 0.485758 -1.187487 -0.712490
0 0.743864 0.484133 -1.164059 -0.710136
0 0.240303 0.508658 -0.123533 -0.696454
0 0.740246 0.480604 -1.182587 -0.717661
0 0.238882 0.507417 -0.124282 -0.700575
0 0.740165 0.481494 -1.166135 -0.715342
0 0.233989 0.506311 -0.131229 -0.697640
0 0.238692 0.507246 -0.127585 -0.696051
0 0.233902 0.507122 -0.131533 -0.697971
0 0.235696 0.506184 -0.128276 -0.698467
0 0.239280 0.506562 -0.126896 -0.697453
0 0.742607 0.487396 -1.181455 -0.711593
0 0.238802 0.506992 -0.128076 -0.698044
0 0.231065 0.509752 -0.135249 -0.697999
0 0.238644 0.514092 -0.131732 -0.697034
0 0.238382 0.512375 -0.131046 -0.698937
0 0.239492 0.512754 -0.130308 -0.698666
0 0.743713 0.482346 -1.200358 -0.713728
0 0.742667 0.475718 -1.177647 -0.716540
0 0.742342 0.482003 -1.202871 -0.714779
0 0.233883 0.507631 -0.129265 -0.700753
0 1.192196 0.636738 0.773944 -0.598142
0 0.736258 0.480351 -1.173223 -0.717762
0 0.234557 0.506085 -0.142498 -0.702836
0 0.235535 0.520656 -0.121969 -0.691827
0 0.235692 0.519415 -0.121382 -0.693024
0 0.236380 0.519411 -0.120395 -0.693814
0 0.231698 0.500860 -0.153970 -0.706002
