0 0.449375 0.793865 -0.342136 0.307366
0 0.449698 0.793325 -0.340717 0.305464
0 0.207633 0.781019 0.084674 0.236486
0 0.499417 0.778386 -0.687302 0.403680
0 0.446291 0.957585 -0.410743 -0.636757
0 0.446513 0.956739 -0.409876 -0.636508
0 0.294723 0.789042 -0.276511 0.326275
0 0.224833 0.768158 0.008273 0.271837
0 0.449495 0.784447 -0.342250 0.284729
0 0.446731 0.957055 -0.408350 -0.636711
0 0.456738 0.786435 -0.341174 0.313056
0 0.456146 0.786736 -0.343126 0.313278
0 0.310468 0.792811 -0.274082 0.315735
0 0.222280 0.762853 0.000046 0.267485
0 0.450396 0.947963 -0.411669 -0.641956
0 0.450167 0.946832 -0.411456 -0.643692
0 0.509009 0.771889 -0.626864 0.384425
0 0.448631 0.953599 -0.406027 -0.643767
0 0.450772 0.947249 -0.410131 -0.640782
0 0.230579 0.768548 0.042385 0.271308
0 0.448246 0.950737 -0.406002 -0.642612
0 0.448046 0.950898 -0.406752 -0.640475
0 0.211253 0.770649 -0.105330 0.309959
0 0.439237 0.742482 -0.596209 0.281485
0 0.445647 0.767057 -0.598651 0.328625
0 0.455735 0.773271 -0.342464 0.288877
0 0.449555 0.777903 -0.334161 0.298569
0 0.212901 0.755097 -0.068379 0.309027
0 0.293086 0.771997 -0.277761 0.293001
0 0.207775 0.763064 -0.118743 0.297933
0 0.433113 0.436355 -0.603445 0.061406
0 0.438768 0.733222 -0.596653 0.279692
0 0.309767 0.773250 -0.274962 0.279802
0 0.504076 0.753094 -0.675703 0.367614
0 0.433594 0.434448 -0.602843 0.057204
0 0.451218 0.825650 -0.322767 0.349596
0 0.447540 0.808323 -0.341484 0.301221
0 0.211675 0.740951 -0.070248 0.292621
0 0.063944 0.749085 0.043109 0.219076
0 0.447056 0.952424 -0.418830 -0.624648
0 0.446545 0.808846 -0.342843 0.302118
0 0.444756 0.757497 -0.599901 0.309772
0 0.435013 0.500588 -0.601002 0.099365
0 0.718117 0.840533 -0.683867 0.514220
0 0.266389 0.206763 -0.437449 -0.112385
0 0.435356 0.504953 -0.600802 0.108614
0 0.496289 0.718606 -0.699901 0.375568
0 0.266557 0.206349 -0.437540 -0.110227
0 0.267416 0.199136 -0.437385 -0.110887
0 0.716373 0.840363 -0.686329 0.514323
0 0.291909 0.755367 -0.279540 0.297529
0 0.452011 0.820430 -0.307167 0.327574
0 0.267551 0.198660 -0.437513 -0.111413
0 0.266467 0.207605 -0.437713 -0.107871
0 0.446974 0.775873 -0.315180 0.284372
0 0.725400 0.901606 -0.672145 0.572553
0 0.267466 0.199018 -0.437725 -0.111142
0 0.502000 0.736114 -0.679717 0.386598
0 0.434244 0.428250 -0.599424 0.023290
0 0.462148 0.791672 -0.249202 0.309453
0 0.723969 0.902771 -0.672056 0.573325
0 0.433800 0.427572 -0.600696 0.027725
0 0.461527 0.791687 -0.250854 0.308161
0 0.504071 0.800127 -0.668208 0.424898
0 0.433680 0.416570 -0.600559 0.019106
0 0.338030 0.797535 -0.252674 0.327135
0 0.496213 0.703676 -0.700057 0.354235
0 0.290125 0.746165 -0.279981 0.289211
0 0.442276 0.771881 -0.347010 0.290507
0 0.212449 0.767422 -0.083548 0.331380
0 0.499025 0.748464 -0.688723 0.361776
0 0.446927 0.976414 -0.426213 -0.617051
0 0.443575 0.772712 -0.344378 0.292659
0 0.507519 0.745091 -0.626537 0.351290
0 0.295116 0.744378 -0.279305 0.158738
0 0.500091 0.748578 -0.662987 0.345398
0 0.502359 0.733639 -0.658233 0.382806
0 0.070953 0.657537 0.045751 0.153019
0 0.496071 0.673888 -0.698897 0.340790
0 0.705589 0.843639 -0.676167 0.551222
