0 0.683417 0.545086 -0.596401 -0.129252
0 0.683204 0.543505 -0.597252 -0.131215
0 0.682485 0.542631 -0.598000 -0.133419
0 0.636245 0.542294 -0.641655 -0.410606
0 0.636727 0.543121 -0.640032 -0.408132
0 0.638213 0.543784 -0.629909 -0.404389
0 0.634067 0.543920 -0.635184 -0.403717
0 0.634326 0.544618 -0.634446 -0.402180
0 0.636901 0.537927 -0.648500 -0.409670
0 0.636202 0.545190 -0.632611 -0.399650
0 0.637814 0.536760 -0.647075 -0.411356
0 0.696114 0.553919 -0.564338 -0.118829
0 0.674910 0.547993 -0.593990 -0.121833
0 0.625004 0.539764 -0.670896 -0.414854
0 0.626082 0.540757 -0.668825 -0.412571
0 0.676835 0.540931 -0.602400 -0.129942
0 0.692397 0.545877 -0.573737 -0.122441
0 0.670988 0.578010 -0.617400 -0.102557
0 0.671181 0.574271 -0.615367 -0.108551
0 0.670450 0.578632 -0.620842 -0.103719
0 0.629753 0.541628 -0.636743 -0.405274
0 0.628836 0.541817 -0.657695 -0.409372
0 0.633214 0.529842 -0.681854 -0.426065
0 0.623546 0.535069 -0.676117 -0.414481
0 0.633439 0.528349 -0.681196 -0.428908
0 0.681765 0.533529 -0.596128 -0.138386
0 0.680086 0.532450 -0.599358 -0.140464
0 0.681057 0.533452 -0.598305 -0.138494
0 0.684493 0.547670 -0.606132 -0.128774
0 0.680604 0.550793 -0.586090 -0.124568
0 0.631456 0.527852 -0.687017 -0.429640
0 0.678755 0.546864 -0.590271 -0.127692
0 0.676789 0.547451 -0.594201 -0.123723
0 0.686598 0.548690 -0.603352 -0.127497
0 0.642776 0.533243 -0.641449 -0.412858
0 0.685227 0.547402 -0.605382 -0.127854
0 0.630107 0.538659 -0.635874 -0.412104
0 0.642832 0.532402 -0.641751 -0.417061
0 0.620888 0.539010 -0.651572 -0.411020
