0 0.965970 0.376900 -0.220711 -0.036105
0 0.965549 0.377268 -0.222353 -0.035508
0 0.966594 0.377113 -0.218691 -0.036493
0 0.931271 0.378009 -0.181803 -0.040294
0 0.922147 0.377982 -0.201304 -0.040236
0 0.933730 0.377849 -0.175914 -0.041357
0 1.216852 0.873529 0.816984 -0.025466
0 0.959412 0.378078 -0.213191 -0.037132
0 1.027193 0.376010 -0.187572 -0.035329
0 0.953622 0.378736 -0.226252 -0.036587
0 1.210486 0.873176 0.818346 0.122776
0 1.021409 0.375091 -0.198761 -0.037150
0 1.031129 0.374864 -0.179448 -0.037142
0 0.957753 0.379949 -0.219957 -0.033058
