0 0.584726 0.971277 -0.916348 -0.510337
0 0.584562 0.968304 -0.916909 -0.516772
0 0.585024 0.954554 -0.915640 -0.509925
0 0.587823 0.965951 -0.913664 -0.523839
0 0.587291 0.965114 -0.914100 -0.526514
0 0.582816 0.956258 -0.917213 -0.521772
0 0.583031 0.957351 -0.916426 -0.518886
0 0.357775 0.536514 -0.525063 -0.663576
0 0.357858 0.536010 -0.524855 -0.664995
0 0.357570 0.536240 -0.525086 -0.664510
0 0.357696 0.536515 -0.523155 -0.661328
0 0.356616 0.538394 -0.526525 -0.663169
0 0.358571 0.536816 -0.521487 -0.660903
0 0.357563 0.533392 -0.528621 -0.661765
0 0.357642 0.533085 -0.528440 -0.662651
0 0.357094 0.535407 -0.525475 -0.662983
0 0.357280 0.533217 -0.528819 -0.661806
0 0.688045 0.853634 -0.987203 -0.711622
0 0.688308 0.855668 -0.986606 -0.709846
0 0.357501 0.537271 -0.524053 -0.665928
0 0.357194 0.536038 -0.525324 -0.662696
0 0.358450 0.541219 -0.525702 -0.659897
0 0.358407 0.536414 -0.530240 -0.662360
0 0.358876 0.541105 -0.524628 -0.660523
0 0.358950 0.537209 -0.529007 -0.661504
0 0.356819 0.539586 -0.523953 -0.659689
0 0.357024 0.539577 -0.523722 -0.659727
0 0.580563 0.946272 -0.920996 -0.504624
0 0.357036 0.539546 -0.524116 -0.660151
0 0.688675 0.853086 -0.983487 -0.710419
0 0.689094 0.880746 -0.981085 -0.602171
0 0.689359 0.887395 -0.980404 -0.589344
0 0.686273 0.874051 -0.976017 -0.701825
0 0.684407 0.855114 -0.989195 -0.723193
0 0.683699 0.843873 -0.989972 -0.743973
0 0.687762 0.868763 -0.972795 -0.712379
0 0.589329 0.967897 -0.914418 -0.488422
0 0.358843 0.544413 -0.518214 -0.661229
0 0.358582 0.544272 -0.519357 -0.662168
0 0.689582 0.880797 -0.974562 -0.599367
0 0.591015 0.973958 -0.905250 -0.508364
0 0.359623 0.548595 -0.530486 -0.652124
