0 0.573774 0.505214 -0.410027 -0.560830
0 0.573007 0.505054 -0.412171 -0.560533
0 0.574384 0.505554 -0.412376 -0.562619
0 0.573156 0.505033 -0.414539 -0.563829
0 0.573144 0.508516 -0.410148 -0.559078
0 0.573446 0.509482 -0.409701 -0.557433
0 0.577483 0.503499 -0.406317 -0.561848
0 0.577226 0.503370 -0.406796 -0.562384
0 0.572422 0.510242 -0.411455 -0.556109
0 0.573470 0.507833 -0.411497 -0.556516
0 0.576142 0.502245 -0.400987 -0.566579
0 0.577169 0.502269 -0.399631 -0.566243
0 0.572837 0.507869 -0.414983 -0.559086
0 0.574998 0.502504 -0.406584 -0.562885
0 0.574185 0.503184 -0.408860 -0.561758
0 0.577497 0.501503 -0.406419 -0.581363
0 0.577701 0.504465 -0.406691 -0.575666
