0 0.400016 0.512509 -0.076130 -0.594165
0 0.399830 0.512579 -0.077357 -0.593265
0 0.399703 0.510991 -0.077275 -0.590891
0 0.400201 0.511551 -0.076806 -0.590205
0 0.846842 0.890861 0.232196 -0.511540
0 0.841564 0.890453 0.223405 -0.512627
0 0.400655 0.508045 -0.061444 -0.585915
0 0.400341 0.509189 -0.061973 -0.583531
0 0.408857 0.519241 -0.061671 -0.576677
0 0.407995 0.519234 -0.063746 -0.575889
0 0.847630 1.057149 0.241674 -0.404087
0 0.102970 0.719737 0.060489 -0.667529
0 0.849380 1.057240 0.243389 -0.403412
0 0.102789 0.721025 0.059875 -0.666497
0 0.088825 0.709092 0.042606 -0.673205
0 0.089775 0.709889 0.044188 -0.671378
0 0.088217 0.722410 0.055683 -0.667543
0 0.086918 0.721250 0.055452 -0.667839
0 0.088866 0.708801 0.042872 -0.673529
0 0.403309 0.525514 -0.070991 -0.571914
0 0.828133 0.831069 0.194101 -0.558678
0 0.833107 0.831497 0.203098 -0.557421
0 0.397063 0.505147 -0.071582 -0.590773
0 0.844747 0.908943 0.270771 -0.487581
0 0.833932 0.909031 0.248888 -0.488963
0 0.084700 0.710934 0.049719 -0.678395
0 0.413848 0.522790 -0.076473 -0.585207
0 0.403020 0.522802 -0.071324 -0.577899
0 0.412808 0.522936 -0.077400 -0.584038
0 0.084630 0.710339 0.049784 -0.678738
0 0.084989 0.711076 0.050084 -0.677820
0 0.396241 0.504025 -0.073914 -0.590938
0 0.123884 0.678874 0.059194 -0.689417
0 0.123040 0.680934 0.057116 -0.688106
0 0.412634 0.510641 -0.079527 -0.591780
0 0.096016 0.732923 0.057783 -0.677378
0 0.095766 0.733772 0.057629 -0.677484
0 0.403154 0.535240 -0.075825 -0.581773
0 0.411821 0.509901 -0.079602 -0.591562
0 0.078888 0.679100 0.043377 -0.697344
0 0.095979 0.733047 0.058125 -0.676610
0 0.856389 1.027106 0.294047 -0.434845
0 0.856874 0.849019 0.188055 -0.562819
