0 0.081926 0.541037 0.055841 -0.672542
0 0.083434 0.541213 0.055735 -0.669582
0 0.083525 0.540872 0.055527 -0.669835
0 0.083180 0.540300 0.055275 -0.670853
0 0.081849 0.540344 0.055616 -0.673457
0 0.082333 0.540245 0.056914 -0.673379
0 0.083442 0.538142 0.057360 -0.674735
0 0.082351 0.540543 0.056301 -0.673906
0 0.083129 0.539307 0.056868 -0.671775
0 0.082411 0.539660 0.058175 -0.672112
0 0.081760 0.541377 0.055512 -0.670379
0 0.082820 0.540024 0.059149 -0.670221
0 0.082916 0.541904 0.055272 -0.670285
0 0.083377 0.540825 0.056845 -0.671966
0 0.082007 0.540733 0.054770 -0.663101
0 0.082269 0.539924 0.055881 -0.664369
0 0.084726 0.539763 0.058625 -0.682067
0 0.883694 0.787063 0.326309 0.492450
0 0.084890 0.540297 0.058091 -0.680583
0 0.084633 0.538767 0.058077 -0.683522
0 0.083599 0.540297 0.056076 -0.653803
0 0.083886 0.538187 0.055895 -0.658141
0 0.083549 0.536394 0.055614 -0.660927
0 0.894274 1.210019 0.338012 0.639415
0 0.728659 0.551399 -0.749187 0.375244
0 0.728265 0.549392 -0.747718 0.371942
0 0.728692 0.547839 -0.746177 0.369283
