0 0.494706 0.359837 -0.512373 -0.107704
0 0.495055 0.360640 -0.512530 -0.106193
0 0.493562 0.359368 -0.514384 -0.109586
0 0.494037 0.359526 -0.513460 -0.108017
0 0.494199 0.360733 -0.513879 -0.106786
0 0.493008 0.361576 -0.518161 -0.100939
0 0.492767 0.357734 -0.515783 -0.110448
0 0.492564 0.357819 -0.518791 -0.108693
0 0.493082 0.361131 -0.516322 -0.108206
0 0.492224 0.359382 -0.518810 -0.110810
0 0.492415 0.360065 -0.517217 -0.110068
0 0.495758 0.359385 -0.513152 -0.106145
0 0.495417 0.358278 -0.513664 -0.108491
0 0.491339 0.358964 -0.519736 -0.105739
0 0.491547 0.357991 -0.520208 -0.109109
0 0.498218 0.362226 -0.516730 -0.101814
0 0.497455 0.359571 -0.518122 -0.107128
0 0.495814 0.359917 -0.506617 -0.099179
0 0.495190 0.357657 -0.507822 -0.104295
