0 0.577663 0.672626 -0.326992 -0.624415
0 0.578495 0.673161 -0.324639 -0.621446
0 0.578738 0.673247 -0.325509 -0.623963
0 0.299424 0.693385 0.107616 -0.765092
0 0.299364 0.693587 0.107805 -0.763759
0 0.593871 0.686610 -0.317276 -0.609848
0 0.298386 0.694035 0.105477 -0.763998
0 0.592587 0.669479 -0.316596 -0.613089
0 0.298688 0.690562 0.099860 -0.760813
0 0.298518 0.690566 0.099991 -0.761705
0 0.299864 0.690785 0.100507 -0.760734
0 0.590526 0.682129 -0.323134 -0.616849
0 0.589347 0.667842 -0.322754 -0.615311
0 0.302454 0.690466 0.109486 -0.775496
0 0.302110 0.690190 0.109508 -0.775069
0 0.575202 0.674152 -0.334352 -0.622726
0 0.575689 0.674391 -0.333835 -0.621159
0 0.576651 0.674605 -0.332868 -0.619380
0 0.302821 0.694283 0.124665 -0.764828
0 0.303054 0.694481 0.124394 -0.764114
0 0.302447 0.695228 0.122145 -0.762601
0 0.577694 0.672948 -0.324355 -0.636398
0 0.300762 0.689638 0.097613 -0.768775
0 0.300558 0.689166 0.096297 -0.768780
0 0.578314 0.674117 -0.323901 -0.633200
0 0.577903 0.673723 -0.324543 -0.634517
0 0.297859 0.694413 0.101590 -0.759519
0 0.296797 0.692165 0.100612 -0.764000
0 0.294421 0.695972 0.074491 -0.755738
0 0.293882 0.694546 0.072543 -0.758426
0 0.573902 0.674232 -0.330604 -0.600418
0 0.573307 0.676098 -0.331113 -0.597401
0 0.573439 0.676519 -0.330799 -0.596343
0 0.603104 0.685546 -0.311075 -0.614975
