0 0.643625 1.086882 0.349155 -0.353607
0 0.642800 1.086802 0.346761 -0.353772
0 0.645751 1.085763 0.351816 -0.360757
0 0.649215 1.074999 0.354868 -0.396427
0 0.648096 1.074479 0.351973 -0.398395
0 0.651855 1.068739 0.358954 -0.409746
0 0.629651 1.065699 0.357081 -0.450549
0 0.627895 1.065265 0.355321 -0.453678
0 0.629971 1.062230 0.360530 -0.456164
0 0.630265 1.082412 0.355971 -0.386369
0 0.627621 1.083930 0.351462 -0.380160
0 0.590023 0.281134 -0.832193 0.107866
0 0.590261 0.280177 -0.830874 0.107542
0 0.632296 1.083898 0.362642 -0.392909
0 0.593014 0.284348 -0.825096 0.113411
0 0.595067 0.316909 -0.826688 0.133779
0 0.593270 0.282450 -0.824347 0.110610
0 0.595848 0.315989 -0.825650 0.133806
0 0.591041 0.283260 -0.827081 0.111217
