0 0.500768 1.016213 -0.622367 0.167810
0 0.465210 0.918032 -0.551600 -0.658868
0 0.464638 0.918437 -0.552931 -0.656990
0 0.507577 1.410557 0.291916 0.663852
0 0.718045 1.343775 -0.795354 0.391180
0 0.718010 1.345994 -0.793000 0.402991
0 0.461540 0.916650 -0.557515 -0.638096
0 0.461634 0.919548 -0.557039 -0.632757
0 0.706408 1.340140 -0.812404 0.396811
0 0.611553 0.386858 -1.015648 -0.149856
0 0.706366 1.346805 -0.813876 0.406600
0 0.611925 0.386904 -1.014215 -0.147761
0 0.512184 1.084162 -0.610756 0.201098
0 0.613838 0.384091 -1.009998 -0.161129
0 0.613442 0.383577 -1.011175 -0.163083
0 0.610809 0.388674 -1.016209 -0.147634
0 0.610845 0.385825 -1.015950 -0.151242
0 0.510711 1.021833 -0.611654 0.175108
0 0.610837 0.386574 -1.016989 -0.151603
0 0.023989 0.564758 0.015526 -0.225308
0 0.611044 0.384610 -1.017368 -0.153262
0 0.519593 1.094760 -0.596882 0.210974
0 0.473471 0.918940 -0.534607 -0.653657
0 0.611094 0.385928 -1.017441 -0.152064
0 0.533859 1.134411 -0.596201 0.253630
0 0.610786 0.384446 -1.017795 -0.154576
0 0.348400 0.501336 -0.437742 -0.077770
0 0.348413 0.500030 -0.438189 -0.080565
0 0.351468 0.536254 -0.435758 -0.059157
0 0.351772 0.534810 -0.435463 -0.060177
0 0.536642 1.143445 -0.591118 0.263953
0 0.348200 0.491233 -0.437908 -0.100862
0 0.023871 0.569406 0.015683 -0.203694
0 0.687757 1.330737 -0.817692 0.383724
0 0.348158 0.486272 -0.438533 -0.105228
0 0.348663 0.496370 -0.442571 -0.084842
0 0.348959 0.498967 -0.441742 -0.080420
0 0.690623 1.340469 -0.814163 0.395218
0 0.348014 0.482377 -0.438509 -0.104809
0 0.470669 0.922731 -0.539942 -0.625453
0 0.349487 0.532587 -0.436942 -0.104126
0 0.462378 0.912839 -0.560740 -0.644082
0 0.350354 0.539191 -0.434551 -0.095893
0 0.500193 0.975716 -0.622961 0.127102
