0 0.733111 1.194275 -0.712433 -0.868130
0 0.734849 1.194279 -0.709782 -0.865787
0 0.734743 1.194416 -0.710048 -0.865894
0 0.736490 1.194825 -0.699336 -0.869958
0 0.735717 1.196202 -0.700199 -0.866921
0 0.735904 1.194963 -0.700154 -0.870380
0 0.729542 1.197220 -0.701626 -0.832046
0 0.730929 1.195353 -0.699265 -0.836617
0 0.731106 1.194723 -0.699040 -0.837310
0 0.733640 1.195960 -0.711489 -0.836580
0 0.733373 1.198761 -0.713459 -0.832859
0 0.733964 1.197899 -0.710666 -0.833371
0 0.732022 1.186418 -0.720473 -0.884709
0 0.733692 1.162913 -0.717058 -0.993693
0 0.739277 1.181114 -0.687603 -0.897514
0 0.575841 0.468194 -1.042049 -0.641914
0 0.577140 0.465578 -1.042621 -0.652553
0 0.575190 0.467157 -1.043647 -0.643334
0 0.575791 0.467538 -1.042442 -0.643668
0 0.577255 0.466331 -1.043122 -0.651928
0 0.577222 0.465889 -1.042984 -0.652983
0 0.576679 0.464880 -1.042637 -0.648995
0 0.576664 0.465592 -1.042807 -0.648034
