0 0.464907 1.056955 0.079960 -0.516582
0 0.448908 1.140176 -0.079616 0.118004
0 0.448348 1.140481 -0.080626 0.118869
0 0.462954 1.061572 0.077025 -0.509911
0 0.462818 1.061348 0.079396 -0.513111
0 0.463800 1.053041 0.060000 -0.532930
0 0.462165 1.055344 0.060799 -0.529120
0 0.462342 1.055163 0.057734 -0.529958
0 0.454641 1.144994 -0.088351 0.124307
0 0.456796 1.144523 -0.084242 0.123374
0 0.400453 1.045722 0.033774 -0.544041
0 0.454682 1.061789 0.068723 -0.560163
0 0.401623 1.049000 0.032810 -0.537988
0 0.452886 1.064988 0.067350 -0.555192
0 0.453424 1.064118 0.066608 -0.555733
0 0.401994 1.048653 0.034838 -0.541169
0 0.452321 1.160822 -0.063052 0.137873
0 0.452020 1.160017 -0.064919 0.133238
0 0.442852 1.139215 -0.037733 0.123835
0 0.440962 1.139935 -0.040460 0.123677
0 0.445737 1.078336 -0.084866 0.093590
0 0.445358 1.079737 -0.085364 0.094017
0 0.455858 1.040112 0.082797 -0.516161
0 0.457641 1.046227 0.085028 -0.499417
0 0.457916 1.049727 0.085426 -0.491043
0 0.419739 0.945126 -0.120404 -1.083891
