0 0.862392 1.209972 0.211321 0.354368
0 0.653140 0.308325 -0.901036 -0.115579
0 0.653685 0.308312 -0.896183 -0.116441
0 0.652476 0.309392 -0.915461 -0.111806
0 0.652122 0.309107 -0.916522 -0.111272
0 0.650476 0.308147 -0.921535 -0.102483
0 0.653193 0.308746 -0.916493 -0.101684
0 0.653128 0.307825 -0.916734 -0.102876
0 0.646118 0.266167 -0.937917 -0.115417
0 0.646584 0.281383 -0.937594 -0.108942
0 0.642467 0.213177 -0.957351 -0.140802
0 0.650146 0.322406 -1.219747 -0.061722
0 0.640366 0.213330 -0.956031 -0.145372
0 0.667247 0.309095 -0.837278 -0.115243
0 0.640149 0.213410 -0.956755 -0.146008
0 0.640285 0.213503 -0.956517 -0.145230
0 0.642376 0.211471 -0.948878 -0.145375
0 0.650992 0.315978 -1.218800 -0.068226
0 0.650514 0.321445 -1.218390 -0.064458
0 0.651163 0.316787 -1.213910 -0.057391
0 0.650694 0.322312 -1.218218 -0.062061
0 0.643390 0.212313 -0.951335 -0.144433
0 0.643536 0.212764 -0.950577 -0.144015
0 0.642546 0.212421 -0.954044 -0.143881
0 0.654602 0.309701 -0.898166 -0.107297
0 0.651721 0.320911 -1.213937 -0.068902
0 0.651198 0.315410 -1.213474 -0.060723
0 0.651620 0.320496 -1.214232 -0.068930
0 0.651639 0.319378 -1.213911 -0.072596
0 0.651323 0.316863 -1.213193 -0.056896
0 0.649414 0.310423 -0.923355 -0.094202
0 0.651607 0.310553 -0.918951 -0.093481
0 0.651572 0.310989 -0.918980 -0.093951
0 0.669935 0.304148 -0.828142 -0.123363
0 0.670273 0.306582 -0.826717 -0.119515
0 0.682555 0.310436 -0.737728 -0.101336
0 0.683110 0.309686 -0.736808 -0.105538
0 0.647944 0.283130 -0.933730 -0.102614
0 0.646394 0.284742 -0.937530 -0.099555
