0 0.470202 0.891178 0.263770 -0.958039
0 0.470503 0.892045 0.264728 -0.957649
0 0.733132 0.791458 -0.324102 -0.873033
0 0.733774 0.791992 -0.322251 -0.871702
0 0.470127 0.891150 0.263737 -0.958112
0 0.732716 0.787910 -0.326010 -0.881462
0 0.732808 0.787838 -0.325817 -0.880662
0 0.467465 0.890151 0.259713 -0.956136
0 0.467295 0.890272 0.258635 -0.955010
0 0.734773 0.790977 -0.320839 -0.874808
0 0.731269 0.788616 -0.328636 -0.879186
0 0.468590 0.890554 0.261946 -0.953984
0 0.677355 0.521661 -0.910505 -0.682652
0 0.676776 0.520978 -0.911662 -0.683740
0 0.677923 0.525501 -0.907429 -0.676619
0 0.678061 0.525075 -0.906907 -0.677681
0 0.679677 0.525344 -0.907655 -0.679204
0 0.546621 0.664178 -0.089734 -0.835677
0 0.548022 0.663285 -0.087174 -0.837830
0 0.182427 0.511596 0.073022 -0.706208
0 0.182799 0.511609 0.073613 -0.706198
0 0.184164 0.514364 0.075504 -0.698666
0 0.673178 0.526049 -0.912190 -0.682920
0 0.677572 0.521394 -0.908848 -0.683596
0 0.181931 0.515890 0.074825 -0.697273
0 0.184741 0.514550 0.076972 -0.698673
0 0.676576 0.525632 -0.913028 -0.683268
0 0.181560 0.515898 0.073819 -0.697652
0 0.678073 0.522111 -0.909487 -0.681731
0 0.673377 0.525819 -0.911724 -0.683222
0 0.677281 0.524901 -0.912503 -0.683033
0 0.678701 0.521696 -0.908764 -0.681746
0 0.546565 0.665441 -0.089004 -0.832441
0 0.673190 0.520079 -0.914263 -0.686179
0 0.673734 0.521669 -0.913247 -0.683759
0 0.183406 0.511610 0.075810 -0.706719
0 0.673078 0.521286 -0.914113 -0.685192
0 0.183738 0.514005 0.076489 -0.703443
0 0.184088 0.513152 0.076980 -0.703939
0 0.543689 0.665360 -0.093347 -0.831502
0 0.222461 0.579585 -0.300531 -0.647817
0 0.677207 0.521369 -0.910580 -0.681527
0 0.546624 0.664343 -0.095046 -0.837353
0 0.543787 0.666281 -0.094701 -0.829834
0 0.222271 0.579412 -0.301052 -0.647812
0 0.724947 0.788551 -0.328585 -0.878737
0 0.727189 0.788961 -0.324950 -0.878504
0 0.222239 0.580336 -0.301118 -0.647179
0 0.183825 0.511554 0.069295 -0.710673
0 0.725928 0.788585 -0.324654 -0.878111
0 0.546172 0.663657 -0.096272 -0.838936
0 0.181533 0.517228 0.073707 -0.697377
0 0.182421 0.513310 0.074669 -0.703796
0 0.180799 0.517572 0.070556 -0.695916
0 0.422491 0.553517 -0.212495 -0.720049
0 0.425382 0.554012 -0.208287 -0.719164
0 0.225305 0.577708 -0.293465 -0.647948
0 0.545072 0.667590 -0.092532 -0.826159
0 0.221725 0.577464 -0.301048 -0.658438
0 0.476247 0.895263 0.280622 -0.949135
0 0.476153 0.895112 0.279747 -0.949951
0 0.223617 0.576668 -0.297157 -0.649893
0 0.545416 0.669098 -0.097970 -0.832880
0 0.223315 0.577777 -0.297310 -0.648087
0 0.477743 0.895764 0.282261 -0.950724
0 0.183855 0.513335 0.069372 -0.704147
0 0.228524 0.574113 -0.282222 -0.647706
0 0.221676 0.579773 -0.302982 -0.646736
0 0.183435 0.513525 0.068571 -0.704247
0 0.682536 0.521722 -0.902076 -0.674074
0 0.221898 0.579848 -0.302322 -0.647210
0 0.421189 0.551855 -0.200559 -0.721915
0 0.573452 0.536287 -0.363400 -0.682523
0 0.221852 0.580379 -0.302893 -0.646074
0 0.218913 0.579405 -0.302159 -0.652758
0 0.573688 0.496401 -0.372139 -0.698409
0 0.421464 0.550362 -0.199455 -0.724462
0 0.182846 0.513637 0.068131 -0.704082
0 0.572470 0.493458 -0.394397 -0.699327
0 0.574747 0.543897 -0.362587 -0.677773
0 0.403174 0.556605 -0.240912 -0.709950
0 0.403055 0.555451 -0.242151 -0.711629
0 0.225603 0.583979 -0.293223 -0.646234
0 0.674889 0.523773 -0.913764 -0.676417
0 0.515198 0.497716 -0.717991 -0.723326
0 0.417621 0.543075 -0.217799 -0.729340
0 0.572352 0.516142 -0.380140 -0.694386
0 0.232032 0.565229 -0.276961 -0.663089
0 0.224285 0.581827 -0.299783 -0.635196
0 0.418724 0.543021 -0.215973 -0.730869
0 0.516197 0.677874 -0.120591 -0.817974
0 0.573882 0.495947 -0.390784 -0.696795
0 0.576267 0.506536 -0.370492 -0.689198
0 0.574372 0.522758 -0.374549 -0.689661
0 0.482365 0.546495 -0.136153 -0.726885
0 0.675313 0.524003 -0.910755 -0.688454
0 0.049249 0.569064 0.009575 -0.759670
0 0.531637 0.675487 -0.117662 -0.823156
0 0.049474 0.571045 0.009511 -0.755872
0 0.607848 0.412517 -1.147575 -0.643166
0 0.607801 0.412934 -1.148009 -0.640640
0 0.607665 0.413299 -1.148183 -0.641164
0 0.475417 0.891619 0.287852 -0.943230
0 0.607608 0.412582 -1.148183 -0.642274
0 0.474345 0.891356 0.285225 -0.942511
0 0.607685 0.412817 -1.147920 -0.641358
0 0.475625 0.892020 0.287644 -0.940992
0 0.580586 0.444259 -1.074037 -0.607091
0 0.607526 0.412895 -1.148322 -0.641871
0 0.480445 0.544433 -0.139611 -0.729674
0 0.048827 0.569910 0.004769 -0.760629
0 0.048964 0.571226 0.007614 -0.754069
0 0.580779 0.443969 -1.073447 -0.607968
0 0.048672 0.566624 0.004723 -0.767139
0 0.049658 0.568887 0.006642 -0.746236
0 0.049280 0.571918 0.006977 -0.752685
0 0.049419 0.570125 0.005581 -0.743708
0 0.049200 0.570997 0.006866 -0.754648
