0 0.529289 0.951074 -0.187195 0.421989
0 0.529277 0.948158 -0.191003 0.414210
0 0.521540 0.946584 -0.196433 0.421269
0 0.522191 0.942931 -0.194468 0.414433
0 0.688564 1.034165 -0.040491 0.067686
0 0.688968 1.057310 -0.032685 0.108920
0 0.689880 1.057980 -0.031311 0.110417
0 0.688702 1.035312 -0.038220 0.067382
0 0.519309 0.896554 -0.198559 0.385095
0 0.522748 0.883877 -0.192685 0.369246
0 0.522049 0.883830 -0.197302 0.370544
0 0.543135 0.991682 -0.167749 0.443735
0 0.542654 1.003263 -0.168175 0.457367
0 0.687008 1.048224 -0.028937 0.235355
0 0.499520 0.899141 -0.219199 0.391265
0 0.688721 1.050350 -0.025761 0.240287
