0 0.436191 1.086604 -0.441352 0.120991
0 0.425877 0.934703 -0.469849 -0.013304
0 0.425889 0.933693 -0.470149 -0.010540
0 0.510643 1.134516 -0.304368 0.042231
0 0.637105 1.106978 -0.184053 -0.070375
0 0.447934 1.090760 -0.403111 0.121978
0 0.535838 1.135952 -0.258962 0.037420
0 0.457738 1.084629 -0.341161 0.080147
0 0.637015 1.109313 -0.183538 -0.061448
0 0.456943 1.091826 -0.341900 0.088259
0 0.638935 1.129283 -0.167486 -0.057921
0 0.639663 1.127066 -0.165762 -0.061542
0 0.471962 1.127779 -0.294837 0.054623
0 0.609478 1.110263 -0.378684 -0.094567
0 0.473592 1.129875 -0.293121 0.055542
0 0.611936 1.109095 -0.374913 -0.097502
