0 0.556320 0.824886 -0.285566 0.190096
0 0.557354 0.824767 -0.283992 0.189488
0 0.541613 0.827022 -0.294713 0.192586
0 0.817953 0.540814 -1.055213 -0.767039
0 0.817590 0.539958 -1.056322 -0.768088
0 0.541762 0.827690 -0.295367 0.194159
0 0.818249 0.540549 -1.056529 -0.764164
0 0.942825 0.566052 -1.160993 -0.530266
0 0.943389 0.566195 -1.159399 -0.530855
0 0.818029 0.540291 -1.057182 -0.765059
0 0.943038 0.567456 -1.160099 -0.526776
0 0.942033 0.566223 -1.166014 -0.539436
0 0.942398 0.567503 -1.165189 -0.537034
0 0.812737 0.544459 -1.057916 -0.763923
0 0.813154 0.544177 -1.057258 -0.764585
0 0.943084 0.567639 -1.165218 -0.536416
0 0.811809 0.543422 -1.059629 -0.765276
0 0.813678 0.540070 -1.055270 -0.770979
0 0.813558 0.540668 -1.055354 -0.768227
0 0.810674 0.540141 -1.060959 -0.770066
0 0.932561 0.562684 -1.222562 -0.539699
0 0.932782 0.562800 -1.220395 -0.540229
0 0.939702 0.558944 -1.200548 -0.543595
0 0.940239 0.557187 -1.200677 -0.548627
0 0.936736 0.561636 -1.221739 -0.549230
0 0.935863 0.562343 -1.220791 -0.548045
0 0.948876 0.561055 -1.162684 -0.549640
0 0.949175 0.561515 -1.161074 -0.548365
0 0.947441 0.563952 -1.155343 -0.528094
0 0.947571 0.563099 -1.155391 -0.530700
0 0.937833 0.563247 -1.199200 -0.534172
0 0.937735 0.563172 -1.198613 -0.534197
0 0.936303 0.563984 -1.206334 -0.538843
0 0.937501 0.563943 -1.201615 -0.531782
0 0.819724 0.541016 -1.050653 -0.762033
0 0.819725 0.541536 -1.051243 -0.759716
0 0.552905 0.826284 -0.292981 0.215430
0 0.551648 0.829480 -0.294170 0.222806
0 0.818228 0.543260 -1.054942 -0.754284
0 0.820843 0.545586 -1.052530 -0.751364
0 0.800006 0.543643 -1.067435 -0.763808
0 0.923822 0.561566 -1.289503 -0.552067
0 0.923725 0.561956 -1.289512 -0.552249
0 0.822125 0.552016 -1.049619 -0.733819
0 0.923362 0.561762 -1.254097 -0.549988
0 0.921345 0.562174 -1.293747 -0.551432
