0 0.225815 0.831534 0.152245 -0.604879
0 0.224678 0.827578 0.150595 -0.612387
0 0.450139 0.382002 -0.380672 -0.100619
0 0.450752 0.382740 -0.379972 -0.099154
0 0.450445 0.382179 -0.376828 -0.098555
0 0.450325 0.382236 -0.377038 -0.099688
0 0.450774 0.381767 -0.380456 -0.100157
0 0.449396 0.382652 -0.378837 -0.101462
0 0.224856 0.829281 0.152437 -0.608166
0 0.221122 0.821861 0.146350 -0.668260
0 0.220349 0.820340 0.145550 -0.671993
0 0.933087 1.398618 0.646488 0.542107
0 0.221192 0.821565 0.148164 -0.669835
0 0.453573 0.369197 -0.810037 -0.221547
0 0.220290 0.804224 0.150777 -0.680729
0 0.454069 0.369853 -0.809586 -0.220378
0 0.453942 0.369565 -0.809671 -0.220570
0 0.454284 0.388204 -0.366944 -0.084650
0 0.454093 0.385255 -0.367622 -0.090967
0 0.220435 0.799187 0.151688 -0.695802
0 0.453156 0.385933 -0.370649 -0.083016
0 0.453055 0.386655 -0.371297 -0.084138
0 0.454434 0.372347 -0.806613 -0.222714
0 0.454284 0.371003 -0.806658 -0.225124
0 0.454331 0.371012 -0.806649 -0.225929
0 0.454009 0.385473 -0.371558 -0.090426
0 0.455698 0.383652 -0.367934 -0.091801
0 0.456235 0.385735 -0.367783 -0.088630
0 0.453527 0.386639 -0.371789 -0.089194
0 0.217825 0.809937 0.148060 -0.684085
0 0.217958 0.804450 0.148408 -0.696398
0 0.231393 0.778595 0.157297 -0.110380
0 0.231183 0.781790 0.156861 -0.104438
0 0.697851 1.159389 -0.941609 -0.696784
0 0.697272 1.162141 -0.941491 -0.690586
0 0.232278 0.779189 0.158905 -0.111525
0 0.218397 0.817003 0.147251 -0.691642
0 0.697013 1.160176 -0.942467 -0.690261
0 0.217990 0.817483 0.146069 -0.691889
0 0.698322 1.160853 -0.933737 -0.686037
0 0.454371 0.365534 -0.808350 -0.224574
0 0.698005 1.161401 -0.931374 -0.680863
0 0.219479 0.819727 0.149041 -0.688500
0 0.218497 0.829285 0.147311 -0.566762
0 0.699429 1.162785 -0.930342 -0.681234
0 0.217562 0.827416 0.145101 -0.572459
0 0.454216 0.362999 -0.809155 -0.230906
0 0.218701 0.828448 0.147711 -0.572339
0 0.228977 0.862201 0.152264 -0.382745
0 0.228880 0.865480 0.152583 -0.382224
0 0.454585 0.371462 -0.807299 -0.219070
0 0.231218 0.859742 0.156678 -0.393926
0 0.454082 0.366558 -0.810391 -0.215298
0 0.454178 0.365729 -0.809874 -0.217716
0 0.232055 0.823690 0.158813 -0.089259
0 0.454263 0.365426 -0.809819 -0.216771
0 0.230419 0.831969 0.157445 -0.077267
0 0.454346 0.380013 -0.804627 -0.212914
0 0.232986 0.823838 0.160563 -0.097912
