0 0.934062 0.606537 -0.170564 -0.263847
0 0.934901 0.606219 -0.168458 -0.264336
0 0.936373 0.606143 -0.166559 -0.264200
0 0.921462 0.611888 -0.277023 -0.320621
0 0.924140 0.612172 -0.276833 -0.320510
0 0.925403 0.612829 -0.274656 -0.318795
0 0.921530 0.614794 -0.207150 -0.319270
0 0.950387 0.611402 -0.198057 -0.268769
0 0.952374 0.610994 -0.198770 -0.267573
0 0.921337 0.615279 -0.209485 -0.318376
0 0.924191 0.615423 -0.205825 -0.317391
0 0.953593 0.609875 -0.197436 -0.268634
0 0.907643 0.540059 -0.187314 -0.277193
0 0.905141 0.541953 -0.191672 -0.274697
0 0.908996 0.537890 -0.185323 -0.281404
0 0.805085 0.493266 -0.257347 -0.308477
0 0.804695 0.493856 -0.257992 -0.308499
0 0.802856 0.495698 -0.261155 -0.306860
0 0.769327 0.483557 -0.281589 -0.312939
0 0.768361 0.484462 -0.282872 -0.311018
0 0.771045 0.483993 -0.280908 -0.312495
