0 0.847752 0.671098 -0.509632 -0.033823
0 0.849077 0.671370 -0.507824 -0.032723
0 0.848483 0.667954 -0.508523 -0.040532
0 0.848031 0.666359 -0.527695 -0.047663
0 0.848525 0.670570 -0.524929 -0.037663
0 0.847672 0.670714 -0.525618 -0.037459
0 0.833444 0.674994 -0.546979 -0.053293
0 0.833860 0.675297 -0.545323 -0.053029
0 0.834612 0.672153 -0.543537 -0.058762
0 0.845981 0.669870 -0.526455 -0.063175
0 0.845601 0.673596 -0.527373 -0.055733
0 0.847353 0.673763 -0.522674 -0.055374
0 0.852463 0.663317 -0.532095 -0.067475
0 0.841375 0.666572 -0.527620 -0.070058
0 0.314980 0.304929 -0.452671 -0.486268
0 0.842924 0.682463 -0.528180 -0.054022
0 0.314303 0.304837 -0.453181 -0.486212
