0 0.617472 0.579357 -0.600364 0.383719
0 0.616719 0.582624 -0.601394 0.390327
0 0.138925 0.785625 0.049016 -0.242304
0 0.138820 0.783487 0.049530 -0.247141
0 0.618041 0.582129 -0.599942 0.387326
0 0.141715 0.778979 0.052759 -0.249947
0 0.141582 0.778839 0.052654 -0.251547
0 0.621199 0.600938 -0.593201 0.376715
0 0.621436 0.596882 -0.593297 0.370046
0 0.621440 0.600323 -0.592781 0.375443
0 0.140089 0.763328 0.052133 -0.245541
0 0.142710 0.778009 0.056898 -0.255561
0 0.621855 0.575024 -0.588138 0.374046
0 0.620399 0.577500 -0.590846 0.378790
0 0.621381 0.579265 -0.588654 0.381520
0 0.138951 0.733661 0.049429 -0.275958
0 0.138729 0.735446 0.049960 -0.268817
0 0.143057 0.806104 0.058769 -0.243662
0 0.143070 0.804744 0.059511 -0.246752
0 0.140851 0.743133 0.053343 -0.287468
0 0.626105 0.580177 -0.599076 0.356981
0 0.623931 0.577314 -0.614688 0.354794
0 0.657709 0.582741 -0.573947 0.396224
0 0.659214 0.583853 -0.573027 0.399018
