0 0.296100 0.957309 -0.016752 -1.102091
0 0.297292 0.957786 -0.014368 -1.100923
0 0.296089 0.958369 -0.015160 -1.099597
0 0.197322 0.992846 0.057689 -0.810945
0 0.197227 0.995719 0.057707 -0.807903
0 0.293334 0.958696 -0.018486 -1.103077
0 0.197552 0.993182 0.057765 -0.809675
0 0.292910 0.958702 -0.018685 -1.102877
0 0.293759 0.958751 -0.024524 -1.104668
0 0.292563 0.958697 -0.026152 -1.106310
0 0.293144 0.958793 -0.024852 -1.105519
0 0.296103 0.955852 -0.015547 -1.108220
0 0.295529 0.956702 -0.016892 -1.107647
0 0.294493 0.956848 -0.017315 -1.108248
0 0.197841 0.978451 0.067941 -0.818706
0 0.198014 0.979087 0.068112 -0.819144
0 0.198002 0.978058 0.067402 -0.821521
0 0.195498 0.993815 0.052630 -0.819635
0 0.193418 0.996259 0.050111 -0.815353
0 0.195124 0.995196 0.052336 -0.816275
0 0.111878 0.749236 0.050296 -0.851384
0 0.111214 0.749403 0.049536 -0.851652
0 0.112599 0.780901 0.044416 -0.833541
0 0.197587 0.962298 0.054231 -0.848886
0 0.113061 0.780290 0.045095 -0.835566
0 0.111086 0.748568 0.049430 -0.852024
0 0.194527 0.938586 0.055445 -0.847499
0 0.112628 0.755026 0.047319 -0.849434
0 0.112246 0.754277 0.047113 -0.850617
0 0.193335 0.956708 0.043452 -0.858770
0 0.190647 0.936221 0.045154 -0.848629
0 0.294417 0.958631 -0.032053 -1.100131
0 0.113090 0.751680 0.046740 -0.848175
0 0.112163 0.751738 0.045153 -0.849349
0 0.112174 0.751179 0.045285 -0.849418
0 0.293918 0.956840 -0.032392 -1.102992
0 0.110151 0.743996 0.055533 -0.841167
0 0.112297 0.743663 0.055529 -0.842189
0 0.199099 0.940104 0.071427 -0.836753
0 0.688417 0.850919 -0.992757 -1.091196
0 0.198965 0.971807 0.063353 -0.835833
0 0.112064 0.785292 0.048452 -0.824527
0 0.688066 0.859676 -0.993595 -1.084159
0 0.112237 0.782746 0.048354 -0.829063
0 0.111725 0.779213 0.047947 -0.834522
0 0.197287 0.994760 0.050493 -0.817940
0 0.030604 0.740603 0.020168 -0.834330
0 0.031489 0.742090 0.020909 -0.809435
0 0.195547 0.967633 0.058061 -0.842556
0 0.120907 0.803235 0.051924 -0.818431
0 0.120941 0.804168 0.052796 -0.816524
0 0.195035 0.933590 0.065016 -0.844834
0 0.120482 0.805986 0.051298 -0.812424
0 0.032281 0.740454 0.021550 -0.813867
0 0.194404 0.999983 0.045178 -0.810850
0 0.031783 0.739549 0.021184 -0.836042
0 0.265122 0.787491 -0.192347 -1.210503
0 0.032413 0.742491 0.021923 -0.808001
0 0.031968 0.741805 0.021576 -0.832032
0 0.107880 0.740513 0.049738 -0.848494
0 0.265323 0.787516 -0.192126 -1.212226
0 0.108186 0.740684 0.049848 -0.848439
0 0.108224 0.739858 0.049681 -0.850029
