0 0.620053 0.562647 -1.022411 -0.228668
0 0.619871 0.560965 -1.022183 -0.232925
0 0.620116 0.545873 -1.019393 -0.225561
0 0.620523 0.545055 -1.018458 -0.226903
0 0.620234 0.550944 -1.018472 -0.217296
0 0.620151 0.549760 -1.018888 -0.219349
0 0.656369 0.491195 -1.106281 -0.118353
0 0.656446 0.493001 -1.106464 -0.115322
0 0.619879 0.545514 -1.019496 -0.225613
0 0.651309 0.443674 -1.114208 -0.143094
0 0.650830 0.439812 -1.114570 -0.149457
0 0.650895 0.445803 -1.114514 -0.140227
0 0.651914 0.452089 -1.113805 -0.131552
0 0.651684 0.454806 -1.113732 -0.128759
0 0.661465 0.547628 -1.104479 -0.072968
0 0.661388 0.552755 -1.105057 -0.066345
0 0.651339 0.446597 -1.114409 -0.136965
0 0.620427 0.556245 -1.018740 -0.216671
0 0.619465 0.551601 -1.020596 -0.228634
0 0.632394 0.642767 -1.029758 -0.364040
0 0.652330 0.446186 -1.111246 -0.144167
0 0.632395 0.642654 -1.028887 -0.360834
0 0.619346 0.546949 -1.021022 -0.226607
0 0.632723 0.632924 -1.030423 -0.399546
0 0.633405 0.635354 -1.030090 -0.396853
0 0.663272 0.557237 -1.106200 -0.076229
0 0.619157 0.537573 -1.017035 -0.233931
0 0.648815 0.550157 -1.000685 -0.168184
0 0.653191 0.448409 -1.109107 -0.139110
0 0.648472 0.549858 -0.999046 -0.169554
0 0.631293 0.636007 -1.034612 -0.432390
0 0.663749 0.557982 -1.105867 -0.075120
0 0.633192 0.629680 -1.030285 -0.407516
0 0.631470 0.639300 -1.033691 -0.425757
0 0.619507 0.539416 -1.016700 -0.231785
0 0.619282 0.532364 -1.017066 -0.242123
0 0.664404 0.562933 -1.109702 -0.078945
0 0.664774 0.562812 -1.108636 -0.078650
0 0.654891 0.464150 -1.113580 -0.125466
0 0.654862 0.463660 -1.113146 -0.126053
0 0.658300 0.545930 -1.109550 -0.086192
0 0.654806 0.459824 -1.113669 -0.129587
0 0.658460 0.547136 -1.109432 -0.087592
0 0.632312 0.627883 -1.032009 -0.460851
0 0.654879 0.439037 -1.113325 -0.142284
0 0.654852 0.438198 -1.112991 -0.143996
0 0.618726 0.563913 -1.025215 -0.235695
0 0.654899 0.436738 -1.113179 -0.148105
0 0.634351 0.634840 -1.026341 -0.395944
0 0.633620 0.633302 -1.027409 -0.395685
0 0.631667 0.639564 -1.029779 -0.405056
0 0.632431 0.630064 -1.031664 -0.459261
0 0.666266 0.549222 -1.106394 -0.129491
0 0.618983 0.570405 -1.024957 -0.224329
0 0.666654 0.551876 -1.105962 -0.125636
0 0.632186 0.643071 -1.029013 -0.394804
0 0.632371 0.625542 -1.031870 -0.464875
0 0.634573 0.630451 -1.025973 -0.403300
