0 0.339494 1.269167 0.223379 0.104046
0 0.338529 1.129019 0.222347 0.030998
0 0.827301 1.450063 -0.187038 0.932354
0 0.829304 1.464261 -0.182321 0.956944
0 0.852094 1.460524 -0.058037 0.908736
0 0.855611 1.448406 -0.049095 0.888105
0 0.888773 1.489380 0.159214 0.945510
0 0.331382 1.015286 0.220533 -0.010556
0 0.331924 1.016426 0.221203 -0.010597
0 0.331215 1.007882 0.220226 -0.025199
0 0.829638 1.371236 -0.183724 0.866012
0 0.829407 1.365061 -0.183679 0.854883
0 0.338236 1.046032 0.221487 -0.083733
