0 0.462550 1.068192 -0.370265 0.290599
0 0.462619 1.071751 -0.369612 0.296915
0 0.481917 0.969456 -0.392618 -0.435200
0 0.482754 0.968064 -0.391210 -0.439609
0 0.482384 0.969605 -0.390730 -0.432460
0 0.455947 1.057701 -0.379790 0.278843
0 0.455766 1.060880 -0.379863 0.282987
0 0.078890 0.475996 -0.051833 -0.425328
0 0.122519 0.458104 -0.131424 -0.460796
0 0.077417 0.473011 -0.055598 -0.426504
0 0.077270 0.472445 -0.055897 -0.427428
0 0.079052 0.475179 -0.051520 -0.428166
0 0.078588 0.475754 -0.052222 -0.427968
0 0.077443 0.472081 -0.055474 -0.427890
0 0.122016 0.458427 -0.131965 -0.460838
0 0.078847 0.475948 -0.051941 -0.426034
0 0.634952 0.545312 -1.138628 -0.493832
0 0.483754 0.980677 -0.383647 -0.388294
0 0.484761 0.975936 -0.381341 -0.401470
0 0.484707 0.984537 -0.381359 -0.379499
0 0.634909 0.544627 -1.138852 -0.495294
0 0.634798 0.545060 -1.139354 -0.493862
0 0.123950 0.462508 -0.130002 -0.462295
0 0.123956 0.459210 -0.129810 -0.468911
0 0.123849 0.461230 -0.130268 -0.464938
0 0.126398 0.459227 -0.134031 -0.458254
0 0.126069 0.459063 -0.134871 -0.459268
0 0.636942 0.539627 -1.134601 -0.505812
0 0.637084 0.549659 -1.135444 -0.485959
0 0.126118 0.459254 -0.131960 -0.462169
0 0.126152 0.457028 -0.131611 -0.466890
0 0.126143 0.458905 -0.132046 -0.463338
0 0.457136 1.021467 -0.381960 0.267497
0 0.078052 0.472711 -0.053120 -0.432316
0 0.457880 1.019881 -0.381368 0.262461
0 0.120688 0.459759 -0.128661 -0.458923
0 0.476727 0.957732 -0.421339 -0.458931
0 0.476499 0.958149 -0.421096 -0.457331
0 0.636737 0.548125 -1.136602 -0.493738
0 0.121211 0.459840 -0.128421 -0.459493
0 0.476942 0.956150 -0.421345 -0.463128
0 0.078518 0.476032 -0.054051 -0.430945
0 0.634908 0.531876 -1.139771 -0.504157
0 0.121191 0.459469 -0.128611 -0.459526
0 0.078761 0.475354 -0.053556 -0.432128
0 0.634961 0.532271 -1.139931 -0.503737
0 0.634684 0.532152 -1.140484 -0.503562
0 0.078772 0.475866 -0.053226 -0.430435
0 0.634035 0.541886 -1.140888 -0.487131
0 0.634868 0.535006 -1.140841 -0.522702
0 0.634363 0.533423 -1.142240 -0.526115
0 0.200875 0.446774 -0.138226 -0.601361
0 0.480979 1.115551 -0.364310 0.313555
0 0.201973 0.443913 -0.136904 -0.608468
0 0.634863 0.532122 -1.140958 -0.525055
0 0.074247 0.456989 -0.058794 -0.437711
0 0.443309 1.015420 -0.385104 0.278071
0 0.481781 1.110671 -0.363699 0.297714
0 0.443912 1.016082 -0.384779 0.278170
0 0.203131 0.444041 -0.135562 -0.608966
