0 0.266071 1.089106 -0.067424 -0.323610
0 0.266827 1.087204 -0.067031 -0.327239
0 0.088087 1.049873 0.059775 -0.481473
0 0.551024 1.095912 -0.579640 -0.186909
0 0.088879 1.054284 0.060146 -0.478202
0 0.088470 1.051009 0.058973 -0.482017
0 0.552046 1.097134 -0.578300 -0.185966
0 0.453675 1.093194 -0.378538 -0.250349
0 0.453986 1.091766 -0.378181 -0.251680
0 0.088531 1.057007 0.059572 -0.465034
0 0.088653 1.057295 0.059902 -0.462835
0 0.267334 1.098855 -0.066428 -0.313659
0 0.267200 1.097313 -0.066712 -0.315746
0 0.266521 1.088378 -0.066943 -0.332501
0 0.357550 1.118791 -0.257114 -0.146404
0 0.555609 1.102943 -0.562502 -0.177554
0 0.556579 1.103284 -0.559429 -0.175601
0 0.269527 1.082428 -0.066969 -0.332470
0 0.358569 1.121370 -0.255640 -0.140138
0 0.350792 1.092052 -0.257498 -0.224366
0 0.452204 1.092752 -0.378721 -0.234906
0 0.263527 1.080019 -0.071216 -0.341732
0 0.088125 1.057828 0.058469 -0.461857
0 0.088552 1.063021 0.059840 -0.458018
0 0.452975 1.091864 -0.379114 -0.234610
0 0.264664 1.078401 -0.070726 -0.345154
0 0.548099 1.101799 -0.592858 -0.172724
0 0.088504 1.041184 0.059244 -0.488928
0 0.266971 1.093567 -0.066620 -0.331320
0 0.547651 1.115039 -0.608299 -0.142728
0 0.263660 1.078764 -0.071498 -0.346347
0 0.548246 1.102208 -0.591995 -0.173386
0 0.089739 1.049774 0.061749 -0.482746
0 0.354143 1.093360 -0.252217 -0.220151
0 0.447655 1.080203 -0.373925 -0.264210
0 0.553052 1.099396 -0.566304 -0.188072
0 0.553741 1.099828 -0.564757 -0.189866
0 0.450464 1.099386 -0.370211 -0.220105
0 0.450671 1.099754 -0.370564 -0.218927
0 0.454935 1.068579 -0.369603 -0.280986
0 0.090386 1.039311 0.058195 -0.482238
0 0.453911 1.082436 -0.378859 -0.293953
0 0.545585 1.088777 -0.614959 -0.208367
0 0.093223 1.056029 0.063578 -0.456473
0 0.093181 1.060028 0.063521 -0.451542
0 0.457637 1.091681 -0.373848 -0.239855
0 0.458993 1.092344 -0.372361 -0.238534
0 0.269731 1.076618 -0.062579 -0.339550
0 0.361400 0.901009 -0.254302 -0.283917
0 0.451671 1.077037 -0.379009 -0.289543
0 0.261943 1.076367 -0.071295 -0.356229
0 0.545330 1.101965 -0.622962 -0.158848
0 0.365014 1.091664 -0.251516 -0.187369
0 0.335619 1.100998 -0.266291 -0.232644
0 0.363271 1.096083 -0.251484 -0.183421
0 0.277726 1.075881 -0.070309 -0.327773
0 0.362114 0.867852 -0.249191 -0.299872
