0 0.516376 0.732127 -0.251410 -0.056361
0 0.515699 0.730254 -0.253753 -0.052370
0 0.515319 0.733538 -0.253136 -0.054422
0 0.515043 0.731142 -0.255126 -0.051465
0 0.513886 0.733195 -0.256670 -0.056820
0 0.513968 0.730396 -0.256678 -0.053192
0 0.509702 0.723850 -0.267996 -0.065480
0 0.509351 0.723607 -0.262844 -0.063509
0 0.509013 0.726515 -0.268991 -0.084419
0 0.521756 0.725792 -0.247306 -0.062928
0 0.520899 0.728187 -0.250889 -0.056783
0 0.521690 0.728095 -0.247805 -0.057539
0 0.511186 0.724468 -0.257767 -0.086167
0 0.616657 0.384130 -1.015254 -0.402142
0 0.618871 0.381797 -1.012668 -0.406198
0 0.618659 0.382730 -1.013416 -0.404949
0 0.618915 0.381491 -1.013006 -0.407191
0 0.620657 0.385809 -1.013344 -0.398690
0 0.622390 0.387807 -1.008138 -0.367078
0 0.684159 0.410568 -0.976497 -0.326004
0 0.678762 0.394931 -0.979987 -0.356057
0 0.626427 0.389196 -1.005823 -0.363442
0 0.684744 0.434425 -0.976184 -0.293132
0 0.678556 0.396049 -0.979615 -0.353566
0 0.678585 0.398981 -0.980829 -0.342520
0 0.681293 0.397630 -0.981515 -0.322036
0 0.681838 0.398449 -0.979986 -0.321017
0 0.681435 0.396506 -0.981668 -0.326164
0 0.513782 0.728280 -0.245758 -0.055521
0 0.689038 0.400844 -0.972573 -0.316833
0 0.514988 0.725481 -0.243434 -0.062285
