0 0.582209 0.573102 -0.179749 0.117366
0 0.583249 0.574409 -0.176720 0.116067
0 0.582390 0.573522 -0.178718 0.115945
0 0.583586 0.586580 -0.174638 0.130477
0 0.582559 0.585864 -0.177057 0.131132
0 0.582431 0.587519 -0.177525 0.134990
0 0.270454 0.913125 0.177610 -0.027250
0 0.268135 0.911432 0.174121 -0.029253
0 0.270753 0.898021 0.178761 -0.051257
0 0.265013 0.926020 0.173130 -0.012506
0 0.267284 0.927970 0.176127 -0.009033
0 0.270915 0.905726 0.181736 -0.029885
0 0.271022 0.903324 0.182460 -0.031880
0 0.266770 0.896627 0.176600 -0.063445
0 0.270613 0.897089 0.181098 -0.043877
0 0.771634 1.073652 -0.082913 -0.367887
0 0.769496 1.074089 -0.084861 -0.368455
0 0.566875 0.570215 -0.231396 0.152842
