0 0.412533 0.808936 -0.419010 -0.967218
0 0.413527 0.808042 -0.417697 -0.968438
0 0.409166 0.806860 -0.423473 -0.967084
0 0.409040 0.806738 -0.423355 -0.967674
0 0.415856 0.812557 -0.423463 -0.969202
0 0.411016 0.810366 -0.420297 -0.959822
0 0.411074 0.811539 -0.420435 -0.957966
0 0.407960 0.810830 -0.424879 -0.959132
0 0.416599 0.813009 -0.422656 -0.966825
0 0.420324 0.810323 -0.412775 -0.961774
0 0.419958 0.813349 -0.420708 -0.962395
0 0.413398 0.808904 -0.420589 -0.963172
0 0.398627 0.807933 -0.429609 -0.961785
0 0.398878 0.807174 -0.429433 -0.962371
0 0.399021 0.808527 -0.429131 -0.960938
0 0.412189 0.812846 -0.424243 -0.955224
0 0.412499 0.814890 -0.424076 -0.951075
0 0.410778 0.813359 -0.425600 -0.953753
0 0.429095 0.817091 -0.410399 -0.961777
0 0.428985 0.818174 -0.410732 -0.958176
