0 0.302500 0.836733 -0.145817 -0.235867
0 0.302626 0.837900 -0.144829 -0.234389
0 0.301460 0.837935 -0.145227 -0.233585
0 0.302115 0.831106 -0.140197 -0.248177
0 0.302322 0.830213 -0.140042 -0.248436
0 0.302942 0.831632 -0.139664 -0.247975
0 0.304310 0.855729 -0.131970 -0.200799
0 0.299750 0.842964 -0.140954 -0.236312
0 0.299491 0.844185 -0.141089 -0.234900
0 0.300585 0.842596 -0.140565 -0.236913
0 0.306165 0.852319 -0.152345 -0.206418
0 0.303308 0.825424 -0.135926 -0.241485
0 0.749048 1.075754 -0.609342 -0.393154
0 0.749263 1.075548 -0.613743 -0.393554
0 0.749540 1.076995 -0.607993 -0.392663
0 0.299935 0.859651 -0.148589 -0.235047
0 0.516039 0.905788 -0.633479 0.192291
