0 0.523549 0.535073 -0.336474 0.056757
0 0.521475 0.538786 -0.337259 0.055351
0 0.533516 0.551624 -0.326607 0.078438
0 0.532301 0.550953 -0.329783 0.077456
0 0.531937 0.551197 -0.329990 0.077401
0 0.527994 0.560050 -0.339301 0.091290
0 0.527067 0.558926 -0.341382 0.089485
0 0.526610 0.559460 -0.342061 0.089850
0 0.524855 0.532657 -0.358241 0.059125
0 0.527333 0.555602 -0.342140 0.074913
0 0.526262 0.553715 -0.344543 0.071314
0 0.525758 0.554115 -0.345374 0.071981
0 0.523239 0.544668 -0.361597 0.064106
0 0.291006 0.773172 0.008941 -0.280833
0 0.291026 0.773202 0.008795 -0.282164
0 0.291559 0.774384 0.008371 -0.277358
0 0.293327 0.773875 0.016242 -0.299007
0 0.293319 0.772743 0.016661 -0.300815
0 0.749565 0.989517 -0.624294 -0.871389
0 0.293295 0.777346 0.014286 -0.291477
0 0.533701 0.544426 -0.331079 0.074034
0 0.751323 0.990708 -0.621143 -0.868819
0 0.751593 0.992688 -0.621582 -0.865318
0 0.532673 0.541643 -0.333160 0.071206
0 0.532932 0.541923 -0.332761 0.072109
0 0.745786 0.994424 -0.651281 -0.849680
0 0.746053 0.996262 -0.651281 -0.845229
0 0.744760 0.993610 -0.653547 -0.851274
0 0.753138 0.990696 -0.627416 -0.867781
0 0.753989 0.998008 -0.627543 -0.814778
0 0.286273 0.783182 0.018553 -0.251727
