0 0.596894 0.835935 -1.014353 -0.767788
0 0.597199 0.840128 -1.014165 -0.761392
0 0.517740 0.728574 -0.910821 -0.849333
0 0.517248 0.728877 -0.911551 -0.849128
0 0.518907 0.729232 -0.910556 -0.849902
0 0.518636 0.729225 -0.910720 -0.850056
0 0.518985 0.728731 -0.910327 -0.850741
0 0.517918 0.728877 -0.910415 -0.849590
0 0.546803 0.697030 -0.967992 -0.888792
0 0.546879 0.696199 -0.967916 -0.889811
0 0.546727 0.696632 -0.967940 -0.889464
0 0.547420 0.697147 -0.964785 -0.889502
0 0.649537 0.840005 -1.084228 -0.799549
0 0.599332 0.839908 -1.017785 -0.771494
0 0.649503 0.841527 -1.084069 -0.797733
0 0.650228 0.840714 -1.088464 -0.791411
0 0.651073 0.841207 -1.086774 -0.790131
0 0.599035 0.841090 -1.008512 -0.763834
0 0.599351 0.842674 -1.008379 -0.762195
0 0.596630 0.837243 -1.014625 -0.766671
0 0.649447 0.840324 -1.084341 -0.800757
0 0.546830 0.697084 -0.967270 -0.887380
0 0.598196 0.835413 -1.008114 -0.790789
0 0.546669 0.696689 -0.967391 -0.887983
0 0.597754 0.836657 -1.009640 -0.773660
0 0.651278 0.833117 -1.080641 -0.805760
0 0.651507 0.832025 -1.080013 -0.808132
0 0.597505 0.836333 -1.009615 -0.789706
0 0.651214 0.830317 -1.080593 -0.810297
0 0.546952 0.695076 -0.967138 -0.890878
0 0.657705 0.837025 -1.087511 -0.794863
0 0.397952 0.668218 -0.668895 -0.869146
0 0.599683 0.844636 -1.016694 -0.764071
0 0.598073 0.834276 -1.008341 -0.793906
0 0.398065 0.667209 -0.669269 -0.871899
0 0.395647 0.666690 -0.672195 -0.868254
0 0.398028 0.668093 -0.669137 -0.869497
0 0.659409 0.839468 -1.079655 -0.791274
0 0.597993 0.836966 -1.010006 -0.774645
0 0.399340 0.660917 -0.671273 -0.881797
0 0.398800 0.661474 -0.672377 -0.880972
0 0.399450 0.661717 -0.671326 -0.880734
0 0.650071 0.852577 -1.093334 -0.786536
0 0.647829 0.846599 -1.084650 -0.793586
0 0.647659 0.845377 -1.084973 -0.796153
0 0.647641 0.843205 -1.085146 -0.801108
0 0.650467 0.854338 -1.091987 -0.783081
0 0.518274 0.722185 -0.912132 -0.856596
0 0.400966 0.666278 -0.670916 -0.866629
0 0.547466 0.701549 -0.965891 -0.885375
0 0.394801 0.663389 -0.673766 -0.873607
0 0.542699 0.698427 -0.967713 -0.888306
0 0.546849 0.701135 -0.966682 -0.885894
0 0.546819 0.700776 -0.966960 -0.886192
0 0.517503 0.722432 -0.914303 -0.862774
0 0.522274 0.723725 -0.903789 -0.860183
0 0.397229 0.666565 -0.667538 -0.874738
0 0.397300 0.665476 -0.667502 -0.876788
0 0.397419 0.668049 -0.667357 -0.872289
0 0.400127 0.662754 -0.672625 -0.874123
0 0.549158 0.709111 -0.962143 -0.862594
0 0.551318 0.694030 -0.967032 -0.888837
0 0.519207 0.719342 -0.909966 -0.856835
0 0.651542 0.817441 -1.179227 -0.811720
0 0.651975 0.817184 -1.179071 -0.811367
0 0.647722 0.833188 -1.082439 -0.800646
0 0.655437 0.838383 -1.088882 -0.784293
0 0.648212 0.834189 -1.081505 -0.797073
0 0.518251 0.719892 -0.913038 -0.868784
0 0.652228 0.816852 -1.178226 -0.811214
0 0.655731 0.840408 -1.088944 -0.781308
0 0.647872 0.834879 -1.082369 -0.795628
0 0.596551 0.847189 -1.003902 -0.751854
0 0.516961 0.730665 -0.909651 -0.859836
0 0.552410 0.710430 -0.897155 -0.865840
0 0.517113 0.731495 -0.909122 -0.859242
0 0.596742 0.834193 -1.019608 -0.770942
0 0.597339 0.844859 -1.002306 -0.753489
0 0.653779 0.876498 -1.201666 -1.162978
0 0.517070 0.731013 -0.909136 -0.861604
0 0.597862 0.836958 -1.018103 -0.768879
0 0.653401 0.882161 -1.203187 -1.107010
0 0.546172 0.687404 -0.967317 -0.900872
0 0.401707 0.664053 -0.674218 -0.878140
0 0.653048 0.876182 -1.202972 -1.163720
0 0.401635 0.662936 -0.673922 -0.880292
0 0.596443 0.839572 -1.004315 -0.767058
0 0.653138 0.875183 -1.202951 -1.165446
0 0.654915 0.805283 -1.179723 -0.818426
0 0.596392 0.834154 -1.020219 -0.777157
0 0.401830 0.665122 -0.673996 -0.876597
0 0.401592 0.666048 -0.668820 -0.876188
0 0.652571 0.882184 -1.204047 -1.107022
0 0.654969 0.805663 -1.178087 -0.817396
0 0.655088 0.804393 -1.178113 -0.820865
0 0.545240 0.700135 -0.965579 -0.895195
0 0.652637 0.880999 -1.203918 -1.111407
0 0.401427 0.663514 -0.667864 -0.882885
0 0.398019 0.670741 -0.668846 -0.870709
0 0.551102 0.694685 -0.969501 -0.892937
0 0.516425 0.725391 -0.907029 -0.870723
0 0.653875 0.780770 -1.174824 -0.831833
