0 0.676619 1.078315 -0.794996 0.050823
0 0.676569 1.079951 -0.795341 0.054822
0 0.417098 1.147777 -0.394904 0.383582
0 0.418793 1.151761 -0.393684 0.384643
0 0.678145 1.068893 -0.796514 0.038316
0 0.677329 1.070109 -0.797463 0.039721
0 0.217811 1.093764 0.018830 0.013332
0 0.673514 1.058848 -0.800519 0.044858
0 0.673746 1.061187 -0.800223 0.049405
0 0.734276 0.902200 -0.689819 -1.409878
0 0.734128 0.901767 -0.690582 -1.409097
0 0.746155 0.901072 -0.683001 -1.412829
0 0.220156 1.093314 0.035103 0.023901
0 0.745030 0.901991 -0.685907 -1.411121
0 0.736187 0.902362 -0.692390 -1.413169
0 0.736090 0.902264 -0.692342 -1.414016
0 0.683419 1.056465 -0.769190 0.022524
0 0.418603 1.123397 -0.392587 0.361494
0 0.419287 1.131760 -0.391431 0.373282
0 0.731579 0.903310 -0.690637 -1.410401
0 0.731658 0.903522 -0.690441 -1.407809
0 0.732660 0.899789 -0.705305 -1.418694
0 0.217312 1.070183 0.000092 -0.058348
0 0.732297 0.900486 -0.704518 -1.417245
0 0.413210 1.164584 -0.365443 0.394810
0 0.418353 1.146141 -0.404867 0.376082
0 0.223563 1.087986 0.019566 -0.031885
0 0.415015 1.169828 -0.362859 0.400115
0 0.213303 1.062410 -0.003418 -0.051411
0 0.685020 1.071636 -0.763895 0.006237
0 0.418908 1.155192 -0.401913 0.381851
0 0.736242 0.901001 -0.690734 -1.417848
0 0.735644 0.899151 -0.693131 -1.421798
0 0.217073 1.058376 0.013737 0.035538
0 0.679479 1.043191 -0.781274 0.050594
