0 0.824543 1.092346 0.516159 0.078771
0 0.300150 0.664892 0.204083 -0.277805
0 0.298563 0.665416 0.201658 -0.276833
0 0.299659 0.662694 0.202788 -0.284247
0 0.279795 0.645740 0.184689 -0.295356
0 0.280542 0.646406 0.187249 -0.297077
0 0.280544 0.646878 0.187049 -0.291909
0 0.275888 0.606518 0.183204 -0.321183
0 0.275973 0.606973 0.184201 -0.318016
0 0.365444 0.279622 -0.533552 -0.403574
0 0.275965 0.607069 0.184807 -0.321181
0 0.365654 0.279789 -0.533894 -0.403196
0 0.286492 0.600358 0.195482 -0.319839
0 0.286351 0.601279 0.194612 -0.317740
0 0.401025 0.478118 -0.323886 -0.236687
0 0.323751 0.295272 -0.497452 -0.368765
0 0.286644 0.600229 0.195980 -0.321277
0 0.399183 0.471693 -0.324740 -0.242921
0 0.364677 0.280154 -0.539797 -0.408864
0 0.324133 0.295121 -0.495711 -0.368848
0 0.401255 0.483557 -0.313050 -0.242736
