0 0.468802 0.620423 -0.524272 -0.468780
0 0.468513 0.620161 -0.526493 -0.470675
0 0.469105 0.621435 -0.523987 -0.467249
0 0.469044 0.619743 -0.525232 -0.471426
0 0.468247 0.620774 -0.524555 -0.468393
0 0.468353 0.620589 -0.524869 -0.470239
0 0.468304 0.616741 -0.523816 -0.475693
0 0.468302 0.617746 -0.523839 -0.474373
0 0.467339 0.618501 -0.526165 -0.472732
0 0.468058 0.619839 -0.522498 -0.479391
0 0.467992 0.624346 -0.522726 -0.472202
0 0.467057 0.623567 -0.524199 -0.473054
0 0.373750 0.630241 -0.317087 -0.490843
0 0.374237 0.629716 -0.315779 -0.491097
0 0.374381 0.635661 -0.315044 -0.485565
0 0.366467 0.574654 -0.328915 -0.526155
0 0.367195 0.582664 -0.327698 -0.524108
0 0.469066 0.623659 -0.521320 -0.479332
0 0.470824 0.619304 -0.518625 -0.473042
0 0.470077 0.623933 -0.519543 -0.476910
0 0.470631 0.620495 -0.518950 -0.473288
0 0.469350 0.623590 -0.520539 -0.477926
0 0.469832 0.621294 -0.519436 -0.470397
0 0.372250 0.638920 -0.314260 -0.492944
0 0.370551 0.637720 -0.317139 -0.483815
0 0.372811 0.639241 -0.314413 -0.490119
0 0.383000 0.715212 -0.304315 -0.452042
0 0.373381 0.639551 -0.312895 -0.489571
0 0.469689 0.615774 -0.521990 -0.472470
0 0.370488 0.636582 -0.317263 -0.483726
0 0.368990 0.596270 -0.323122 -0.513083
0 0.382579 0.714753 -0.304766 -0.454122
0 0.470047 0.614681 -0.521180 -0.475996
0 0.382938 0.716993 -0.304875 -0.448093
0 0.368910 0.637590 -0.320659 -0.483450
0 0.470031 0.616135 -0.519933 -0.472074
0 0.362606 0.553496 -0.329301 -0.537389
0 0.375633 0.656756 -0.308688 -0.485371
0 0.361075 0.552615 -0.332722 -0.540083
0 0.362388 0.549937 -0.329623 -0.544950
0 0.746907 0.985536 -0.643048 -0.887135
0 0.746399 0.986025 -0.644061 -0.885774
0 0.373471 0.653405 -0.312986 -0.490404
0 0.375675 0.654851 -0.308737 -0.485747
0 0.745768 0.984971 -0.646520 -0.887257
0 0.358092 0.527167 -0.341585 -0.559033
0 0.356740 0.527099 -0.344919 -0.559808
0 0.358086 0.527914 -0.341857 -0.558585
