0 0.750306 0.941283 -0.400356 -1.150773
0 0.750641 0.941547 -0.400123 -1.150157
0 0.750111 0.941525 -0.401266 -1.149900
0 0.676254 0.893629 -1.064221 -0.862848
0 0.439921 0.941985 -0.108435 -1.175006
0 0.440845 0.943220 -0.105976 -1.172161
0 0.676276 0.890359 -1.063889 -0.863540
0 0.441827 0.941301 -0.106802 -1.176682
0 0.441516 0.941648 -0.105617 -1.174919
0 0.442058 0.942164 -0.105269 -1.174235
0 0.442680 0.942549 -0.101534 -1.174708
0 0.742859 0.939610 -0.435123 -1.154738
0 0.742227 0.939307 -0.435343 -1.155399
0 0.676325 0.871480 -1.068201 -0.877042
0 0.740144 0.939352 -0.435305 -1.154434
0 0.676463 0.871545 -1.067902 -0.877296
0 0.442832 0.941240 -0.113593 -1.175854
0 0.442072 0.941472 -0.116505 -1.174413
0 0.444432 0.940551 -0.111438 -1.177491
0 0.767661 0.944853 -0.354018 -1.145768
0 0.764590 0.944560 -0.359413 -1.147963
0 0.764537 0.944183 -0.358438 -1.149445
0 0.676739 0.877129 -1.063803 -0.849293
0 0.676938 0.876639 -1.062085 -0.850852
0 0.676745 0.865125 -1.062709 -0.870129
0 0.676455 0.995858 -1.060332 -0.780255
0 0.676769 0.994238 -1.059130 -0.784551
0 0.436417 0.940824 -0.107076 -1.171971
0 0.676349 0.861681 -1.062159 -0.884300
0 0.675896 0.873191 -1.068727 -0.858214
0 0.437289 0.941975 -0.106388 -1.170597
0 0.676743 0.862483 -1.061317 -0.883458
0 0.676103 0.872769 -1.068493 -0.858285
0 0.414387 0.942431 -0.265191 -1.171574
0 0.720034 0.938825 -0.501460 -1.158634
0 0.767991 0.944032 -0.417951 -1.146124
0 0.434409 0.941783 -0.170409 -1.167999
0 0.766921 0.944764 -0.420993 -1.146926
