0 0.362022 1.147126 -0.231508 -1.161411
0 0.361501 1.147198 -0.232377 -1.161230
0 0.362576 1.147376 -0.230206 -1.160748
0 0.414837 0.943177 -0.595562 -0.696612
0 0.338898 0.933994 -0.500970 -0.687582
0 0.414925 0.943010 -0.595623 -0.697286
0 0.338123 0.925259 -0.504105 -0.696109
0 0.338424 0.931224 -0.502229 -0.691078
0 0.339050 0.929721 -0.502576 -0.687685
0 0.414810 0.940762 -0.593773 -0.693842
0 0.414750 0.942271 -0.593627 -0.691081
0 0.414590 0.941062 -0.589948 -0.698276
0 0.414697 0.939928 -0.589597 -0.700045
0 0.338050 0.928195 -0.504068 -0.689984
0 0.339732 0.934180 -0.499272 -0.688266
0 0.360250 1.137544 -0.232942 -1.173167
0 0.360351 1.133957 -0.232760 -1.180038
0 0.337477 0.938882 -0.508484 -0.675713
0 0.337511 0.934286 -0.508268 -0.682722
0 0.339207 0.931995 -0.501192 -0.689119
0 0.414740 0.937302 -0.593919 -0.700155
0 0.417450 0.942165 -0.593973 -0.698691
0 0.337456 0.932033 -0.508151 -0.690095
0 0.360909 1.149714 -0.230312 -1.146070
0 0.417920 0.943166 -0.593168 -0.696979
0 0.360779 1.130648 -0.233799 -1.173679
0 0.360524 1.132050 -0.234127 -1.168820
0 0.360587 1.144355 -0.228322 -1.162820
0 0.361043 1.146203 -0.229776 -1.154442
0 0.415227 0.943790 -0.593456 -0.697762
0 0.415544 0.946172 -0.593172 -0.694480
0 0.362177 1.145817 -0.224582 -1.161494
0 0.361648 1.145742 -0.226188 -1.161908
0 0.414931 0.955764 -0.598609 -0.680662
0 0.362169 1.146051 -0.229917 -1.147931
0 0.362356 1.144488 -0.228504 -1.150788
0 0.414950 0.953705 -0.598577 -0.685524
0 0.362405 1.143040 -0.227415 -1.153082
0 0.415265 0.940040 -0.593540 -0.707712
0 0.334768 0.921383 -0.504183 -0.691159
0 0.334752 0.924921 -0.503943 -0.688316
0 0.335064 0.924206 -0.503631 -0.686307
0 0.357351 1.149866 -0.239999 -1.153966
0 0.339576 0.925487 -0.498194 -0.696802
0 0.357721 1.147430 -0.239139 -1.157201
0 0.414491 0.945567 -0.599368 -0.695628
0 0.340154 0.928933 -0.495814 -0.690428
0 0.361013 1.151830 -0.231895 -1.167936
0 0.361463 1.151875 -0.231068 -1.168165
0 0.339865 0.927901 -0.503067 -0.718318
0 0.362455 1.151971 -0.229055 -1.168026
0 0.412245 0.953684 -0.588037 -0.671349
0 0.341117 0.930522 -0.498905 -0.713320
