0 0.668227 0.534632 -1.112777 -0.664270
0 0.668187 0.535155 -1.112814 -0.663209
0 0.666603 0.537997 -1.115292 -0.658215
0 0.667453 0.534730 -1.113348 -0.658669
0 0.667262 0.537269 -1.114903 -0.659461
0 0.666985 0.537355 -1.115526 -0.660778
0 0.667501 0.535211 -1.112500 -0.657885
0 0.666705 0.536375 -1.115572 -0.654474
0 0.666722 0.535232 -1.115220 -0.655350
0 0.215405 0.545234 -0.311838 -0.721924
0 0.666904 0.535182 -1.115523 -0.656310
0 0.215548 0.544316 -0.312299 -0.723961
0 0.212882 0.547817 -0.314939 -0.698820
0 0.215318 0.544044 -0.312724 -0.723818
0 0.212339 0.547839 -0.316136 -0.698395
0 0.212346 0.547480 -0.316257 -0.698688
0 0.667648 0.538776 -1.108829 -0.658657
0 0.666971 0.538270 -1.107604 -0.658682
0 0.667106 0.539066 -1.110133 -0.659326
0 0.429725 0.526947 -0.740743 -0.687060
0 0.667179 0.537480 -1.107201 -0.659818
0 0.667489 0.538277 -1.106818 -0.658241
0 0.670089 0.539133 -1.109470 -0.660206
0 0.429818 0.526961 -0.741105 -0.686271
0 0.429950 0.526056 -0.740836 -0.688505
0 0.177265 0.551328 -0.219881 -0.728803
0 0.177941 0.550807 -0.219050 -0.729925
0 0.179714 0.548767 -0.221253 -0.733719
0 0.179301 0.549756 -0.221901 -0.731455
0 0.177842 0.551274 -0.219210 -0.729365
0 0.179684 0.549432 -0.221658 -0.732537
0 0.213888 0.547487 -0.313595 -0.692893
0 0.214309 0.547611 -0.312485 -0.692710
0 0.431211 0.528421 -0.739825 -0.687199
0 0.431392 0.527091 -0.739614 -0.689612
0 0.431801 0.528835 -0.738757 -0.691198
0 0.431843 0.528704 -0.738854 -0.691838
0 0.214031 0.542696 -0.314280 -0.722036
0 0.668182 0.538673 -1.111983 -0.661176
0 0.213824 0.543188 -0.314878 -0.720931
0 0.431206 0.527692 -0.740088 -0.687919
0 0.213842 0.547465 -0.313834 -0.692369
0 0.180176 0.553574 -0.215518 -0.716140
0 0.665908 0.536908 -1.106003 -0.644610
0 0.666457 0.536549 -1.104644 -0.645125
0 0.665998 0.536899 -1.105647 -0.645700
0 0.665510 0.533549 -1.108999 -0.652143
0 0.664476 0.533913 -1.110966 -0.652187
0 0.665905 0.536054 -1.116285 -0.658004
0 0.393492 0.534731 -0.644394 -0.705678
0 0.393418 0.535369 -0.643489 -0.704198
0 0.212733 0.544288 -0.314382 -0.715905
0 0.178416 0.552497 -0.217973 -0.727707
0 0.430584 0.526295 -0.741986 -0.692246
0 0.393234 0.534527 -0.644770 -0.704810
0 0.218243 0.548805 -0.303508 -0.708429
0 0.390788 0.536313 -0.643534 -0.701361
0 0.177807 0.554836 -0.219236 -0.701839
0 0.180466 0.553057 -0.224491 -0.703926
0 0.180725 0.552868 -0.223875 -0.704508
0 0.212775 0.544084 -0.313944 -0.716569
0 0.178422 0.554516 -0.218261 -0.702671
0 0.392680 0.532794 -0.645831 -0.709699
0 0.390814 0.535152 -0.643047 -0.703697
0 0.180674 0.553854 -0.224124 -0.703929
0 0.178430 0.555775 -0.218285 -0.700901
0 0.430609 0.526248 -0.741768 -0.692260
0 0.178186 0.550537 -0.223082 -0.727831
0 0.178033 0.552189 -0.218103 -0.728176
0 0.390801 0.534391 -0.642171 -0.703199
0 0.427749 0.526313 -0.745333 -0.674256
0 0.665055 0.536314 -1.116746 -0.657144
0 0.390887 0.534234 -0.642138 -0.703811
0 0.178757 0.550028 -0.221932 -0.728571
0 0.214976 0.541369 -0.313785 -0.736809
0 0.392337 0.531735 -0.645830 -0.712020
0 0.427794 0.525661 -0.745117 -0.675084
