0 0.499378 1.128697 -0.576336 -1.368064
0 0.499332 1.127738 -0.579360 -1.365882
0 0.499816 1.129104 -0.574958 -1.368816
0 0.499869 1.127846 -0.577480 -1.365523
0 0.498880 1.119101 -0.575924 -1.376992
0 0.498517 1.119424 -0.577533 -1.376403
0 0.498881 1.119643 -0.576489 -1.377535
0 0.499603 1.128126 -0.574220 -1.368115
0 0.500288 1.127479 -0.576992 -1.365467
0 0.497699 1.131035 -0.579048 -1.369719
0 0.497545 1.131170 -0.579676 -1.371212
0 0.497126 1.130661 -0.581135 -1.371512
0 0.498820 1.114259 -0.578115 -1.381465
0 0.498795 1.113662 -0.578821 -1.381230
0 0.499252 1.115696 -0.576625 -1.379916
0 0.499878 1.116885 -0.580182 -1.378243
0 0.499077 1.116939 -0.580737 -1.375678
0 0.499777 1.116657 -0.580149 -1.375385
0 0.499889 1.143768 -0.579251 -1.364693
0 0.500506 1.143647 -0.578263 -1.366638
0 0.499639 1.141757 -0.579346 -1.366869
