0 0.607444 0.952031 -0.610142 -0.086700
0 0.607241 0.951234 -0.608876 -0.087854
0 0.607889 0.953104 -0.609490 -0.086563
0 0.495473 0.996434 -0.091717 0.159488
0 0.493381 0.994758 -0.092352 0.158124
0 0.485013 0.998105 -0.103592 0.134774
0 0.483991 1.000252 -0.102284 0.138769
0 0.607749 0.951856 -0.606061 -0.073883
0 0.607460 0.945705 -0.617461 -0.112950
0 0.605891 0.943992 -0.620865 -0.115487
0 0.607476 0.950992 -0.607625 -0.076515
0 0.608114 0.950755 -0.604724 -0.079101
0 0.606913 0.946893 -0.618401 -0.112015
0 0.605104 0.940484 -0.607966 -0.118334
0 0.513669 0.746603 -0.891553 -1.273094
0 0.513527 0.745728 -0.891384 -1.274044
0 0.512567 0.747151 -0.895572 -1.273984
0 0.513669 0.746408 -0.891554 -1.273191
0 0.591819 0.935825 -0.604653 -0.123384
0 0.512148 0.746514 -0.896487 -1.274162
0 0.513900 0.992253 -0.104749 0.165830
0 0.511314 0.990584 -0.107054 0.165211
0 0.512462 0.747665 -0.895982 -1.272387
0 0.487887 0.994014 -0.079294 0.167448
0 0.486098 0.992019 -0.082521 0.164492
0 0.511446 0.743911 -0.896784 -1.287467
0 0.511934 0.744317 -0.896617 -1.286731
0 0.514064 0.750288 -0.896873 -1.266409
0 0.602985 0.953548 -0.618169 -0.142297
0 0.513794 0.750543 -0.896319 -1.266052
0 0.476881 0.993087 -0.088258 0.109458
0 0.512036 0.745597 -0.894755 -1.286369
0 0.475895 0.995252 -0.090931 0.115293
0 0.512371 0.747313 -0.896353 -1.267515
