0 0.590460 0.686260 -0.011367 -0.211851
0 0.591163 0.685948 -0.010226 -0.213954
0 0.592732 0.686797 -0.010633 -0.211158
0 0.580749 0.682431 -0.042922 -0.216136
0 0.578615 0.680838 -0.047021 -0.219896
0 0.587400 0.673283 -0.025446 -0.216443
0 0.589545 0.671754 -0.021701 -0.221365
0 0.589038 0.673569 -0.020996 -0.215895
0 0.575259 0.683008 -0.052102 -0.213948
0 1.415578 0.723185 0.857979 -0.291611
0 0.591005 0.691080 -0.022038 -0.180781
0 1.409326 0.724034 0.805128 -0.359980
0 0.870741 0.684655 0.522227 -0.455587
0 0.868067 0.685569 0.518754 -0.454338
0 0.868004 0.682556 0.521373 -0.459036
0 0.582302 0.698634 -0.110406 -0.168537
0 0.843456 0.586798 -0.367153 -0.046349
0 0.847081 0.588597 -0.357505 -0.044974
0 0.844524 0.584655 -0.364962 -0.049772
0 0.843757 0.668375 -0.369595 0.009246
0 0.847671 0.667989 -0.358559 0.007940
0 1.375664 0.726696 0.837101 -0.302119
0 1.385450 0.723593 0.793479 -0.291039
0 0.952300 0.703565 0.562482 -0.442209
0 0.968159 0.702622 0.590224 -0.443695
0 0.835859 0.688699 0.453390 -0.398636
0 0.833630 0.635297 -0.464178 -0.030924
0 1.394667 0.723952 0.776324 -0.359534
0 0.555937 0.683376 -0.028394 -0.181683
0 0.831123 0.689248 0.443752 -0.394357
0 0.928075 0.698832 0.515745 -0.451283
0 0.839117 0.691119 0.462304 -0.387642
0 0.843344 0.653216 -0.370353 0.008370
0 0.859911 0.764707 -0.329911 0.065731
0 0.863441 0.763318 -0.318157 0.063833
0 0.817070 0.636366 -0.464905 -0.032659
0 0.870922 0.676557 -0.351440 0.009197
0 0.582948 0.643730 -0.034704 -0.236108
0 0.870229 0.678351 -0.348495 0.012929
