0 0.320040 0.604736 -0.482154 -1.002147
0 0.319342 0.605064 -0.484803 -1.001206
0 0.318897 0.605199 -0.485135 -1.000750
0 0.321102 0.605653 -0.480957 -0.999796
0 0.318919 0.605080 -0.485098 -1.000684
0 0.319850 0.606663 -0.484241 -0.997611
0 0.319893 0.606621 -0.483619 -0.997313
0 0.319879 0.606811 -0.484142 -0.996470
0 0.320244 0.606115 -0.480343 -0.999713
0 0.320710 0.606078 -0.479362 -0.999860
0 0.321933 0.605856 -0.482218 -0.998446
0 0.321627 0.600007 -0.480121 -1.001631
0 0.321160 0.605679 -0.483069 -0.998925
0 0.319782 0.604556 -0.482228 -1.001695
0 0.320195 0.604595 -0.481515 -1.001622
0 0.390115 0.587239 -0.677721 -1.029503
0 0.389653 0.587237 -0.678128 -1.028803
0 0.320113 0.605771 -0.484592 -1.000023
0 0.317287 0.606006 -0.487564 -0.999766
0 0.388861 0.585270 -0.679428 -1.035468
0 0.388755 0.585311 -0.679353 -1.035877
0 0.319343 0.605369 -0.485499 -1.000666
0 0.388811 0.585145 -0.679093 -1.036058
0 0.319897 0.604988 -0.484558 -0.999978
0 0.319313 0.605072 -0.485972 -1.000105
0 0.389688 0.583735 -0.676009 -1.034710
0 0.389518 0.584852 -0.673527 -1.029903
0 0.390154 0.584551 -0.672794 -1.030146
0 0.319524 0.605550 -0.485626 -0.999364
0 0.389146 0.584864 -0.677556 -1.032937
0 0.318028 0.605477 -0.487675 -0.999427
0 0.317463 0.605110 -0.488653 -1.001629
