0 0.414676 0.838728 -0.559360 -0.310325
0 0.415055 0.839735 -0.558756 -0.310115
0 0.415507 0.817734 -0.560052 -0.340567
0 0.414668 0.834050 -0.559869 -0.315662
0 0.415153 0.835605 -0.559352 -0.314063
0 0.416245 0.829240 -0.558313 -0.315479
0 0.415562 0.815797 -0.560689 -0.340665
0 0.415596 0.829684 -0.559573 -0.314547
0 0.416835 0.818496 -0.556376 -0.337495
0 0.416954 0.817900 -0.556229 -0.334276
0 0.413909 0.837081 -0.560951 -0.328147
0 0.414369 0.836182 -0.561118 -0.329849
0 0.415140 0.788739 -0.560263 -0.349589
0 0.415282 0.784546 -0.560631 -0.351007
