0 0.729786 1.171639 -0.648558 0.409034
0 0.730046 1.172002 -0.647813 0.412871
0 0.734283 1.171699 -0.639643 0.410242
0 0.982151 1.947433 -0.134604 0.796041
0 0.991036 1.984259 -0.106708 0.726282
0 0.980870 1.947618 -0.137143 0.792693
0 0.991975 1.993088 -0.106038 0.740755
0 0.749810 1.178564 -0.600807 0.386344
0 0.750941 1.181020 -0.598593 0.397362
0 0.752603 1.180010 -0.594779 0.388770
0 0.716243 1.142599 -0.632996 0.377075
0 0.715332 1.139686 -0.634604 0.373742
0 0.719636 1.140742 -0.623642 0.377326
0 0.716438 1.133127 -0.640675 0.307742
0 0.766494 1.173702 -0.616692 0.423319
