0 0.767596 1.010991 -0.491033 -0.780322
0 0.769136 1.010415 -0.488375 -0.782779
0 0.766152 1.011669 -0.492827 -0.777892
0 0.768791 1.007139 -0.499934 -0.801546
0 0.767676 1.007049 -0.497052 -0.802457
0 0.184487 0.819846 -0.212448 -1.466063
0 0.182804 0.816213 -0.211583 -1.465943
0 0.181677 0.814969 -0.213874 -1.463288
0 0.768921 1.005501 -0.500782 -0.805076
0 0.182579 0.816021 -0.211660 -1.466270
0 0.181748 0.814890 -0.213732 -1.463244
0 0.182420 0.816274 -0.210971 -1.464807
0 0.180316 0.815345 -0.213918 -1.464585
0 0.182580 0.816275 -0.210867 -1.464665
0 0.765045 1.042313 -0.465119 -0.659653
0 0.762775 1.036153 -0.468836 -0.669585
0 0.183966 0.816431 -0.211556 -1.465075
0 0.760592 1.035980 -0.471066 -0.669198
0 0.183680 0.816046 -0.211629 -1.465785
