0 0.534039 0.676067 0.106159 -0.686451
0 0.533050 0.675794 0.104405 -0.687590
0 0.534131 0.676424 0.106493 -0.686152
0 0.531119 0.674896 0.103919 -0.693411
0 0.531271 0.675142 0.103834 -0.691930
0 0.531590 0.675371 0.104372 -0.692464
0 0.726791 0.712110 -0.758623 -0.536437
0 0.727465 0.710096 -0.756149 -0.543023
0 0.727193 0.712082 -0.758424 -0.536443
0 0.726581 0.706646 -0.763360 -0.396080
0 0.726821 0.701073 -0.761914 -0.411153
0 0.725929 0.719311 -0.764147 -0.373925
0 0.505199 0.675356 0.109995 -0.687104
0 0.504945 0.675018 0.107035 -0.688116
0 0.504721 0.675596 0.105531 -0.687438
