0 0.545265 0.631406 -0.932958 -0.887018
0 0.453858 0.834373 -0.559482 -0.639546
0 0.546583 0.629330 -0.930629 -0.891536
0 0.545744 0.631153 -0.931700 -0.887320
0 0.453844 0.835470 -0.559760 -0.638596
0 0.449995 0.834150 -0.562330 -0.637387
0 0.546451 0.629518 -0.930743 -0.889933
0 0.545377 0.631772 -0.932725 -0.886257
0 0.450419 0.835702 -0.561810 -0.633686
0 0.546761 0.629518 -0.929985 -0.890926
0 0.544444 0.628750 -0.935274 -0.891566
0 0.545194 0.629114 -0.933351 -0.890792
0 0.667857 0.693405 -1.091305 -1.059403
0 0.669126 0.692933 -1.090897 -1.064778
0 0.546626 0.631120 -0.927731 -0.887775
0 0.547532 0.630578 -0.925831 -0.889231
0 0.665018 0.690030 -1.097786 -1.066845
0 0.667433 0.690078 -1.092745 -1.063262
0 0.666390 0.690209 -1.094520 -1.063620
0 0.666485 0.691308 -1.094426 -1.061423
0 0.545716 0.630798 -0.932167 -0.884744
0 0.667790 0.692085 -1.095055 -1.063498
0 0.667689 0.691463 -1.095250 -1.064874
0 0.667501 0.691046 -1.094945 -1.065281
0 0.452428 0.842338 -0.561213 -0.639540
0 0.453966 0.837633 -0.557922 -0.647214
0 0.296873 0.784666 -0.363079 -0.779631
0 0.297014 0.785010 -0.363183 -0.779738
0 0.258727 0.760664 -0.214357 -0.353029
0 0.667006 0.691388 -1.094193 -1.064170
0 0.662992 0.689873 -1.100094 -1.067271
0 0.259529 0.763241 -0.212925 -0.350822
0 0.549008 0.630946 -0.922946 -0.889784
0 0.667509 0.693225 -1.092007 -1.057832
0 0.453801 0.843030 -0.551332 -0.619278
0 0.294502 0.781708 -0.362348 -0.782743
0 0.294426 0.781386 -0.362311 -0.782064
0 0.544912 0.630439 -0.936554 -0.886666
0 0.453841 0.841089 -0.551180 -0.621381
0 0.548996 0.631879 -0.922723 -0.886177
0 0.254940 0.703272 -0.248641 -0.719010
0 0.255127 0.702040 -0.248666 -0.717887
0 0.295855 0.771281 -0.360953 -0.790690
0 0.295358 0.771994 -0.362225 -0.791238
0 0.545286 0.630493 -0.935698 -0.886437
0 0.545013 0.626423 -0.928670 -0.891713
0 0.545161 0.631076 -0.936228 -0.886085
0 0.453668 0.836486 -0.558492 -0.652171
0 0.255110 0.701711 -0.248566 -0.718321
0 0.453206 0.842520 -0.563163 -0.631875
0 0.295510 0.771514 -0.361841 -0.791132
0 0.454167 0.839141 -0.561041 -0.637686
0 0.668417 0.693865 -1.090568 -1.061376
0 0.258165 0.767278 -0.218536 -0.343782
0 0.258198 0.769713 -0.219395 -0.343101
0 0.296660 0.779037 -0.362310 -0.784673
0 0.665977 0.692173 -1.093963 -1.061547
0 0.544216 0.627109 -0.929858 -0.890208
0 0.260865 0.741915 -0.211050 -0.361213
0 0.665495 0.692661 -1.095282 -1.059825
0 0.665497 0.691997 -1.095063 -1.061899
0 0.296075 0.779894 -0.363724 -0.786570
0 0.665966 0.692110 -1.088523 -1.062442
0 0.296198 0.779496 -0.363475 -0.784313
0 0.664402 0.691352 -1.098557 -1.064326
0 0.260750 0.739732 -0.211068 -0.366571
0 0.453311 0.813188 -0.559680 -0.740479
0 0.254651 0.728864 -0.238643 -0.614070
0 0.254509 0.727495 -0.238969 -0.610036
0 0.255155 0.708066 -0.250009 -0.712726
0 0.454243 0.810331 -0.557647 -0.745478
0 0.352716 0.818513 -0.482669 -0.845573
0 0.352814 0.818596 -0.482097 -0.847028
0 0.254734 0.709767 -0.250600 -0.713184
0 0.454192 0.835428 -0.561403 -0.645657
0 0.252832 0.718453 -0.248597 -0.699110
0 0.454218 0.813222 -0.557712 -0.742570
0 0.453824 0.809908 -0.564622 -0.753188
0 0.353394 0.823709 -0.480148 -0.837982
0 0.454095 0.807886 -0.564163 -0.756367
0 0.252628 0.720490 -0.253522 -0.709546
0 0.258102 0.702233 -0.209560 -0.398317
0 0.352850 0.822995 -0.481737 -0.839920
0 0.547581 0.631359 -0.927569 -0.883289
0 0.253440 0.717693 -0.246789 -0.700110
0 0.254832 0.707970 -0.250344 -0.713520
0 0.259304 0.702775 -0.207317 -0.392420
0 0.252029 0.718954 -0.253691 -0.711985
0 0.352954 0.824124 -0.481619 -0.836905
0 0.546808 0.634501 -0.933192 -0.886633
0 0.454161 0.810392 -0.563675 -0.755241
0 0.257747 0.753106 -0.220375 -0.365856
0 0.352190 0.818712 -0.488349 -0.849526
0 0.350305 0.822116 -0.485012 -0.824226
0 0.350805 0.822892 -0.482779 -0.824688
0 0.547441 0.634246 -0.931544 -0.887022
0 0.257151 0.759974 -0.221567 -0.353084
0 0.354619 0.823383 -0.477963 -0.829238
0 0.352433 0.817716 -0.487853 -0.852086
0 0.353581 0.822462 -0.480633 -0.833005
0 0.353826 0.825443 -0.480098 -0.826585
0 0.665949 0.695988 -1.094797 -1.061230
0 0.668498 0.698589 -1.096690 -1.057036
0 0.668603 0.695125 -1.094647 -1.062472
0 0.668741 0.693814 -1.094581 -1.065081
0 0.668399 0.694255 -1.095071 -1.064789
0 0.258225 0.558806 -0.210312 -0.491100
0 0.258235 0.558676 -0.209950 -0.491394
0 0.258227 0.560291 -0.209759 -0.489496
