0 0.779251 1.160752 -0.458739 0.121564
0 0.778552 1.162037 -0.459553 0.124688
0 0.779911 1.164271 -0.450076 0.106465
0 0.779659 1.165336 -0.450861 0.109823
0 0.332558 1.119825 0.205731 -0.002545
0 0.332083 1.119649 0.204922 -0.004200
0 0.374012 1.138907 0.249513 -0.005844
0 0.371302 1.137767 0.242048 -0.006299
0 0.578817 1.148360 0.015261 0.005651
0 0.344372 1.140247 0.218823 -0.011268
0 0.343698 1.140785 0.216035 -0.006769
0 0.552519 1.144444 -0.040888 0.000691
0 0.775287 1.160126 -0.467767 0.129250
0 0.774563 1.160183 -0.467238 0.130590
0 0.494789 1.144671 -0.184127 0.010371
0 0.499582 1.143618 -0.174916 0.010610
0 0.470631 1.121988 -0.236133 0.033014
0 0.473013 1.121316 -0.230856 0.031947
0 0.721047 1.142402 0.503571 0.003899
0 0.919115 1.160625 0.356876 0.050465
0 0.719173 1.140697 0.491083 -0.002618
0 0.774735 1.156161 -0.471676 0.075504
0 0.775169 1.157008 -0.473239 0.074842
0 0.335641 1.144787 0.191074 0.029509
0 0.941722 1.149436 0.478612 0.015159
0 0.497856 1.116387 -0.154787 0.010726
0 0.493669 1.113585 -0.166858 0.002549
