0 0.177330 0.723293 0.119776 -0.202942
0 0.177765 0.725830 0.120250 -0.200613
0 0.280403 1.161332 -0.040365 -0.754660
0 0.279928 1.159500 -0.043550 -0.757504
0 0.279568 1.159537 -0.043351 -0.758398
0 0.177775 0.725005 0.121554 -0.201073
0 0.271778 1.156075 -0.061105 -0.786120
0 0.271921 1.158975 -0.061258 -0.780954
0 0.272874 1.156146 -0.058860 -0.782498
0 0.179405 0.717044 0.120226 -0.196607
0 0.179566 0.717648 0.120491 -0.196042
0 0.180014 0.717564 0.120706 -0.199661
0 0.278445 1.165525 -0.043589 -0.704663
0 0.180152 0.777375 0.120490 -0.177186
0 0.180478 0.777395 0.121815 -0.176994
0 0.180289 0.778440 0.120473 -0.172965
0 0.172720 0.676896 0.115027 -0.240226
0 0.284625 1.163416 -0.047040 -0.726591
0 0.284543 1.161257 -0.047905 -0.727767
0 0.284172 1.167794 -0.045966 -0.715998
0 0.922244 1.329443 0.619254 0.409401
0 0.172948 0.669884 0.114646 -0.227832
0 0.173156 0.670047 0.115049 -0.228464
0 0.173615 0.671258 0.115546 -0.225177
0 0.276943 1.155541 -0.059668 -0.788623
0 0.170324 0.672552 0.111093 -0.245387
0 0.276895 1.155836 -0.060346 -0.788052
0 0.277075 1.155276 -0.058689 -0.789498
0 0.178844 0.717646 0.120511 -0.219125
