0 0.484552 0.406215 -0.333273 -0.129381
0 0.484928 0.405901 -0.331892 -0.129710
0 0.298378 0.292744 0.158189 -0.142938
0 0.298984 0.292805 0.158448 -0.143294
0 0.484999 0.406761 -0.332352 -0.128436
0 0.299575 0.293396 0.159113 -0.142144
0 0.294656 0.291323 0.150288 -0.142290
0 0.298241 0.290965 0.156458 -0.145810
0 0.298718 0.291228 0.156361 -0.145781
0 0.298573 0.291534 0.155932 -0.145250
0 0.293866 0.291487 0.148844 -0.141170
0 0.289873 0.292425 0.143761 -0.139004
0 0.691991 0.538944 -0.367673 -0.064255
0 0.702385 0.550015 -0.372201 -0.058370
0 0.693102 0.539622 -0.365280 -0.063994
0 0.289342 0.292054 0.142137 -0.139674
0 0.693952 0.539872 -0.365421 -0.064036
0 0.482653 0.401266 -0.339137 -0.138058
0 0.702955 0.550862 -0.369899 -0.055700
0 0.703761 0.549387 -0.370897 -0.060333
0 0.482188 0.401885 -0.334820 -0.133541
0 0.482561 0.402289 -0.334291 -0.133489
0 0.482805 0.411268 -0.341682 -0.126144
0 0.481448 0.411208 -0.344586 -0.125499
0 0.480633 0.411360 -0.346408 -0.127473
0 0.483242 0.401577 -0.334618 -0.134835
0 0.302499 0.293798 0.156247 -0.142508
0 0.483065 0.398234 -0.338825 -0.142309
0 0.304818 0.294290 0.160639 -0.142130
0 0.302629 0.294711 0.155199 -0.141733
0 0.482747 0.402654 -0.331000 -0.130199
0 0.476583 0.401248 -0.350633 -0.137543
0 0.483286 0.398712 -0.329991 -0.138162
0 1.043434 0.776837 -0.557375 -0.476301
0 1.212425 0.810747 0.818400 -0.245609
0 1.045923 0.777025 -0.553955 -0.474187
0 1.043851 0.777254 -0.560767 -0.477042
0 0.487031 0.420175 -0.335680 -0.113020
0 0.296165 0.289819 0.145182 -0.140016
0 1.233606 0.791440 0.833536 -0.378460
0 0.296168 0.290372 0.145618 -0.138588
0 1.007625 0.776496 -0.799779 -0.483713
0 1.133086 0.810220 0.758988 -0.239950
0 1.004125 0.776073 -0.804806 -0.486298
0 0.685924 0.556790 -0.360724 -0.054083
0 1.102932 0.806497 0.693181 -0.248259
0 1.007056 0.775834 -0.802873 -0.483120
0 0.687074 0.555315 -0.361328 -0.056222
0 0.696730 0.531118 -0.343786 -0.069181
0 0.689043 0.555361 -0.358476 -0.055127
0 1.270649 0.788046 0.754374 -0.393943
0 0.696544 0.531086 -0.344573 -0.069420
0 0.693974 0.532055 -0.344936 -0.069694
0 1.073957 0.776924 -0.368833 -0.468808
0 0.992875 0.773425 -0.851046 -0.493139
0 1.041197 0.775740 -0.582153 -0.482980
0 1.042124 0.775807 -0.582872 -0.483766
0 1.043500 0.775354 -0.578740 -0.483347
0 1.075604 0.776814 -0.357590 -0.468825
0 1.080788 0.775575 -0.351416 -0.471993
0 1.210587 0.851202 0.854799 -0.071375
0 1.002610 0.775059 -0.815751 -0.489439
0 0.480294 0.378133 -0.347324 -0.151891
0 0.475658 0.401207 -0.343766 -0.132952
0 0.480483 0.382996 -0.346746 -0.145891
0 0.500034 0.440824 -0.307139 -0.105850
0 1.000917 0.774760 -0.819764 -0.490457
0 0.499350 0.444394 -0.309086 -0.098937
0 0.796225 0.586874 -0.354341 -0.296563
0 0.696377 0.529028 -0.388755 -0.108176
0 1.002290 0.774930 -0.817533 -0.489613
0 0.499020 0.442801 -0.308890 -0.103369
