0 1.238810 0.976700 -0.162526 0.463010
0 1.235196 0.973419 -0.173414 0.454112
0 1.199524 0.906426 -0.255188 0.440813
0 1.207128 0.903333 -0.233017 0.437358
0 1.273591 0.965987 -0.187553 0.454888
0 1.615996 0.446694 -2.264616 -0.494570
0 1.616704 0.446774 -2.263428 -0.494761
0 1.618123 0.450302 -2.258415 -0.498532
0 1.272460 0.962036 -0.185694 0.445822
0 1.618349 0.449694 -2.258607 -0.499319
0 1.613688 0.450288 -2.268008 -0.498827
0 1.616716 0.451036 -2.265929 -0.492441
0 1.256962 0.898761 -0.229108 0.442570
0 1.255089 0.900812 -0.232016 0.444665
0 1.613331 0.449718 -2.274188 -0.494142
0 1.616382 0.449882 -2.267490 -0.493729
0 1.590844 0.447282 -2.330175 -0.498344
0 1.621625 0.452682 -2.252754 -0.490207
0 1.621749 0.452115 -2.252510 -0.490380
0 1.613118 0.447127 -2.259448 -0.486984
0 1.598089 0.449985 -2.320210 -0.502168
0 1.614757 0.448796 -2.257151 -0.484192
0 1.609809 0.449310 -2.272525 -0.496213
0 1.612357 0.450998 -2.266978 -0.498377
0 1.203009 0.886703 -0.249121 0.404429
0 1.257899 0.882433 -0.229099 0.408536
0 1.433399 1.335397 0.078686 0.231018
0 1.415689 1.374210 0.075301 0.440163
