0 0.544851 1.220500 -0.255774 0.405449
0 0.578976 1.225017 -0.015299 0.428462
0 0.545868 1.225753 -0.254444 0.415567
0 0.578790 1.233347 -0.014781 0.440055
0 0.578929 1.229549 0.039878 0.448283
0 0.185890 1.030848 0.126290 -0.598087
0 0.185254 1.032480 0.125207 -0.593032
0 0.179906 1.025930 0.121587 -0.602916
0 0.179091 1.026286 0.120713 -0.600049
0 0.185796 1.032643 0.125169 -0.589651
0 0.179173 1.026312 0.119646 -0.597107
0 0.482068 1.225625 -0.010757 0.470708
0 0.481431 1.231235 -0.012896 0.481804
0 0.596639 1.209749 0.016932 0.384937
0 0.676540 0.793051 -0.636577 -0.036931
0 0.554825 1.215245 -0.295352 0.403550
0 0.675851 0.790005 -0.636529 -0.043123
0 0.555711 1.212685 -0.294484 0.397771
