0 0.472267 0.414294 -0.040723 -0.364383
0 0.471701 0.413102 -0.042225 -0.365473
0 0.470552 0.414134 -0.044786 -0.363621
0 0.469487 0.413707 -0.046559 -0.364852
0 0.468959 0.414122 -0.047381 -0.365080
0 0.470137 0.413894 -0.045285 -0.365239
0 0.480911 0.410898 -0.032186 -0.369276
0 0.481287 0.409606 -0.030886 -0.370962
0 0.481173 0.415423 -0.031113 -0.366389
0 0.480948 0.417071 -0.031428 -0.364209
0 0.854061 0.821906 -0.328950 -0.320310
0 0.854982 0.822276 -0.328358 -0.326303
0 0.854599 0.821991 -0.329200 -0.317975
0 0.471281 0.413979 -0.033513 -0.369415
0 0.469186 0.412872 -0.033978 -0.370834
0 0.816923 0.823220 -0.320512 -0.312673
0 0.476770 0.410260 -0.042767 -0.361069
0 0.819442 0.822961 -0.320342 -0.312529
0 0.816774 0.823484 -0.318307 -0.317000
0 0.475767 0.409981 -0.044933 -0.361126
0 0.474953 0.410729 -0.047004 -0.359560
0 0.471256 0.411128 -0.031348 -0.373192
0 0.472732 0.414873 -0.032291 -0.368398
0 0.867710 0.823850 -0.383114 -0.311586
0 0.867335 0.824016 -0.381035 -0.309469
0 0.865276 0.823644 -0.389558 -0.317843
0 0.838976 0.832017 -0.360789 -0.320665
0 0.838374 0.830615 -0.361263 -0.325957
0 0.838370 0.831827 -0.364545 -0.320984
0 0.871919 0.817272 -0.307957 -0.258572
