0 0.640362 0.653548 -0.431502 0.401427
0 0.641620 0.652833 -0.428607 0.402554
0 0.640473 0.654117 -0.432134 0.400932
0 0.416295 0.891873 -0.163487 -1.478736
0 0.416502 0.891958 -0.164548 -1.479611
0 0.409333 0.890134 -0.195564 -1.482031
0 0.409367 0.889296 -0.196069 -1.485378
0 0.644309 0.642710 -0.429043 0.427611
0 0.644536 0.642299 -0.428261 0.429726
0 0.644649 0.642495 -0.429322 0.425121
0 0.412703 0.889068 -0.207018 -1.489811
0 0.412131 0.888205 -0.208129 -1.493030
0 0.437813 0.930421 -0.273298 -0.991820
0 0.438889 0.930268 -0.273489 -0.989601
0 0.437643 0.930396 -0.274483 -0.991413
0 0.306640 0.934609 0.204737 -1.221219
0 0.305796 0.934325 0.202122 -1.222067
0 0.306861 0.934263 0.204862 -1.222830
0 0.310734 0.937726 0.202546 -1.214517
0 0.414034 0.889417 -0.188728 -1.484015
0 0.311369 0.937980 0.204860 -1.213788
0 0.439637 0.928749 -0.275793 -0.992471
0 0.439165 0.929377 -0.276530 -0.994047
0 0.311999 0.936891 0.205696 -1.216440
0 0.415556 0.890966 -0.156291 -1.479436
0 0.438503 0.929425 -0.277133 -0.993976
0 0.414372 0.889450 -0.188033 -1.484519
0 0.400764 0.892147 -0.203150 -1.485032
0 0.640625 0.646049 -0.415216 0.389373
0 0.401475 0.893451 -0.202455 -1.482792
0 0.641002 0.644976 -0.414392 0.388008
0 0.642608 0.646919 -0.411099 0.388851
0 0.415867 0.891935 -0.157786 -1.475212
0 0.077179 0.501140 0.053450 -0.688074
0 0.246238 0.771634 0.163226 -0.802225
0 0.132294 0.649818 0.089034 -0.732680
0 0.132561 0.637809 0.089716 -0.740920
0 0.131486 0.650633 0.088268 -0.732129
0 0.132574 0.638108 0.091078 -0.741530
0 0.132493 0.638187 0.091218 -0.740068
0 0.246483 0.768003 0.163574 -0.809430
