0 0.923700 0.746208 0.515858 0.088681
0 0.055422 0.434520 0.035876 -0.544125
0 0.055408 0.434766 0.035733 -0.544717
0 0.055328 0.434529 0.035664 -0.545370
0 0.054938 0.434246 0.035319 -0.547768
0 0.055081 0.431519 0.036227 -0.550077
0 0.054429 0.433941 0.034061 -0.548758
0 0.055113 0.431520 0.035957 -0.550769
0 0.055187 0.431417 0.036123 -0.550658
0 0.057768 0.438338 0.037525 -0.544865
0 0.057546 0.438795 0.037124 -0.542271
0 0.057338 0.439154 0.036748 -0.542537
0 0.056706 0.437555 0.035680 -0.540262
0 0.059800 0.442007 0.039751 -0.538374
0 0.054764 0.439265 0.036450 -0.515680
0 0.053258 0.431806 0.033232 -0.546485
0 0.052885 0.432199 0.032641 -0.545847
0 0.051425 0.431684 0.034192 -0.554486
0 0.059471 0.456313 0.040957 -0.316425
0 0.059540 0.456931 0.041067 -0.317406
0 0.049440 0.428355 0.032065 -0.543229
0 0.059383 0.457923 0.041026 -0.315466
0 0.051180 0.431990 0.034390 -0.553367
0 0.049157 0.428785 0.032101 -0.541962
