0 0.642411 0.506867 -0.916342 0.340420
0 0.642804 0.504384 -0.915920 0.336876
0 0.563730 0.428089 -0.831769 -0.100842
0 0.563300 0.428291 -0.832737 -0.101521
0 0.563856 0.420898 -0.833452 -0.110794
0 0.563742 0.420950 -0.833960 -0.110049
0 0.563577 0.421589 -0.833791 -0.109437
0 0.283698 0.572905 -0.233080 0.392396
0 0.639946 0.502333 -0.920221 0.339753
0 0.643524 0.500205 -0.914710 0.325088
0 0.283772 0.573004 -0.233827 0.392368
0 0.640162 0.502442 -0.920574 0.339223
0 0.561766 0.430533 -0.829854 -0.095795
0 0.563068 0.428816 -0.830509 -0.095819
0 0.562495 0.429081 -0.832571 -0.094971
0 0.214634 0.840554 0.103217 0.560432
0 0.561860 0.431784 -0.829990 -0.092016
0 0.640553 0.495362 -0.923051 0.309405
0 0.359438 0.482239 -0.455819 0.324912
0 0.360096 0.480966 -0.450844 0.321623
0 0.471931 0.891804 0.035527 -0.406810
0 0.471001 0.892828 0.034615 -0.403996
0 0.470524 0.893206 0.036001 -0.404260
0 0.371024 0.484338 -0.370445 0.328963
0 0.370948 0.483592 -0.372344 0.325087
0 0.560246 0.428636 -0.836158 -0.101973
0 0.560272 0.423860 -0.836321 -0.110813
0 0.560707 0.427379 -0.835203 -0.104546
0 0.645727 0.505238 -0.904243 0.341083
0 0.355899 0.482526 -0.374194 0.309716
0 0.645734 0.503600 -0.904769 0.338049
0 0.356707 0.482519 -0.372343 0.309676
0 0.292438 0.573347 -0.197806 0.389870
0 0.475156 0.889405 0.038401 -0.417517
0 0.290175 0.568118 -0.197181 0.381459
0 0.476233 0.888398 0.040780 -0.421334
0 0.369978 0.485905 -0.382339 0.321818
0 0.475661 0.890045 0.040009 -0.417676
0 0.284102 0.562970 -0.233541 0.386018
0 0.317060 0.503349 -0.384259 0.330034
0 0.278382 0.542425 -0.228962 0.359510
0 0.277668 0.542141 -0.230253 0.360409
0 0.464224 0.887678 0.028904 -0.410947
0 0.465835 0.887627 0.031674 -0.412229
0 0.318220 0.504576 -0.384043 0.331912
0 0.565674 0.424110 -0.835400 -0.105204
0 0.465507 0.887600 0.030666 -0.410186
0 0.565471 0.424920 -0.835905 -0.105043
0 0.565520 0.425408 -0.835334 -0.103397
0 0.210179 1.171033 0.078556 0.752682
0 0.365206 0.481835 -0.449667 0.310542
0 0.624291 0.760894 -0.333613 -0.402100
0 0.621486 0.760079 -0.336848 -0.403841
0 0.621682 0.761478 -0.236938 -0.382722
0 0.620027 0.764083 -0.238543 -0.378432
0 0.620547 0.764832 -0.236948 -0.375157
0 0.331219 0.493190 -0.391574 0.315671
0 0.617959 0.760128 -0.332145 -0.403477
0 0.644431 0.492334 -0.898226 0.320830
0 0.356835 0.475774 -0.469607 0.312484
0 0.356716 0.475942 -0.468429 0.312859
0 0.639829 0.499541 -0.905325 0.313265
0 0.641471 0.500031 -0.905978 0.322248
0 0.641379 0.500140 -0.905617 0.320745
0 0.341164 0.499675 -0.387910 0.320599
0 0.281217 0.598307 -0.259641 0.385265
0 0.277440 0.572020 -0.289692 0.355877
0 0.282706 0.600010 -0.253424 0.388002
0 0.639190 0.481495 -0.926065 0.280859
0 0.277891 0.523893 -0.237938 0.357565
0 0.474932 0.917678 0.070059 -0.392398
0 0.475218 0.916216 0.069335 -0.394941
0 0.476843 0.914202 0.072346 -0.395865
0 0.648338 0.504897 -0.897035 0.339419
0 0.649673 0.506392 -0.898755 0.338843
0 0.619634 0.780292 -0.236945 -0.357808
0 0.617503 0.778080 -0.240219 -0.360490
0 0.617116 0.779465 -0.238284 -0.357799
0 0.599088 0.757540 -0.458369 -0.420908
0 0.561359 0.422623 -0.818377 -0.105333
0 0.599678 0.758412 -0.454915 -0.421552
0 0.561943 0.423717 -0.817243 -0.104717
0 0.599972 0.757541 -0.456043 -0.422121
0 0.364794 0.472746 -0.452983 0.298587
0 0.643423 0.480865 -0.914748 0.292034
0 0.561370 0.423131 -0.818310 -0.107113
0 0.359049 0.490219 -0.395183 0.312152
0 0.314305 0.493591 -0.394141 0.319616
0 0.290152 0.565688 -0.248979 0.393637
0 0.649247 0.504305 -0.890235 0.342552
