0 0.667162 0.747616 -1.118717 -0.583539
0 0.667331 0.757962 -1.118114 -0.566006
0 0.667243 0.747214 -1.117311 -0.585959
0 0.667211 0.757379 -1.118208 -0.567090
0 0.665333 0.758188 -1.122989 -0.573414
0 0.667638 0.749880 -1.117809 -0.572149
0 0.665253 0.759702 -1.123598 -0.570303
0 0.667774 0.749579 -1.117552 -0.572423
0 0.667185 0.741879 -1.118743 -0.598208
0 0.667931 0.747329 -1.119848 -0.588114
0 0.668530 0.746172 -1.118770 -0.589741
0 0.667815 0.740473 -1.120452 -0.603158
0 0.667198 0.746047 -1.121092 -0.569966
0 0.667109 0.743797 -1.119946 -0.573376
0 0.666984 0.750865 -1.114334 -0.611811
0 0.667247 0.752506 -1.115355 -0.607545
0 0.667352 0.742781 -1.115226 -0.628212
0 0.667023 0.735852 -1.121291 -0.585578
0 0.316981 0.892298 0.212983 -1.477232
0 0.219224 0.860761 0.106182 -1.308479
