0 0.258261 0.743880 -0.250401 0.017477
0 0.258006 0.743598 -0.250784 0.015697
0 0.257864 0.745493 -0.249676 0.017041
0 0.257852 0.745879 -0.250632 0.015764
0 0.597139 0.713059 -0.834749 -0.044611
0 0.597675 0.712097 -0.834517 -0.044769
0 0.226876 0.821350 -0.001682 -0.169299
0 0.226539 0.821168 -0.001783 -0.167947
0 0.595873 0.707439 -0.841328 -0.049525
0 0.595621 0.704047 -0.841170 -0.053628
0 0.226600 0.824666 -0.001035 -0.164288
0 0.623208 0.736112 -0.775352 -0.343336
0 0.623760 0.736593 -0.774797 -0.340981
0 0.625064 0.738774 -0.771018 -0.336636
0 0.513121 0.641655 -0.750872 -0.151402
0 0.513502 0.641709 -0.750515 -0.151882
0 0.514322 0.669317 -0.754140 -0.122475
0 0.514513 0.667227 -0.753788 -0.124014
0 0.601834 0.705988 -0.821619 -0.066037
0 0.253201 0.761385 -0.257275 0.055486
0 0.226639 0.829913 -0.006629 -0.201412
0 0.259191 0.750161 -0.251789 0.021917
0 0.617416 0.727443 -0.788217 -0.356977
0 0.226162 0.827955 -0.007579 -0.205640
0 0.617628 0.728050 -0.787619 -0.351726
0 0.253488 0.742069 -0.255562 0.041383
0 0.515072 0.646120 -0.747633 -0.168487
0 0.228223 0.772968 0.002568 -0.164272
0 0.514476 0.637911 -0.749659 -0.182525
0 0.227890 0.769592 0.002606 -0.167751
0 0.226784 0.830155 -0.004857 -0.200749
0 0.617689 0.729264 -0.785240 -0.346945
0 0.228041 0.773607 0.002720 -0.165208
0 0.538723 0.934005 -0.365885 -0.097493
0 0.607938 0.751632 -0.806157 -0.042266
0 0.607894 0.744854 -0.804741 -0.055101
0 0.538389 0.938123 -0.367803 -0.084809
0 0.256869 0.738096 -0.254270 0.024658
0 0.532426 0.936207 -0.384911 -0.229926
0 0.531449 0.942679 -0.387606 -0.219498
0 0.227636 0.829104 -0.011951 -0.172816
0 0.227514 0.828888 -0.011465 -0.173465
0 0.226708 0.784250 -0.013277 -0.231952
0 0.227887 0.827915 -0.011246 -0.176284
0 0.624911 0.742237 -0.762790 -0.349423
0 0.625076 0.743039 -0.762565 -0.347364
0 0.539428 0.922881 -0.365469 -0.130242
0 0.227678 0.754492 -0.007748 -0.234513
0 0.532713 0.934403 -0.384685 -0.239753
0 0.144418 0.610736 -0.042993 -0.245073
0 0.610326 0.751260 -0.796191 -0.048719
0 0.457805 0.840010 -0.413905 -0.099296
0 0.625738 0.744016 -0.761381 -0.344143
0 0.593804 0.703628 -0.851088 -0.063598
0 0.593658 0.697751 -0.845600 -0.058540
0 0.515869 0.670719 -0.756629 -0.132914
0 0.456815 0.838031 -0.413176 -0.102127
0 0.225713 0.779320 -0.004980 -0.250323
0 0.147467 0.611237 -0.040729 -0.244299
0 0.515693 0.656918 -0.756956 -0.154557
0 0.622274 0.706233 -0.766168 -0.327055
0 0.225740 0.751933 0.002158 -0.237987
0 0.177939 0.646696 -0.022099 -0.210372
0 0.262750 0.745521 -0.250790 0.012784
0 0.591072 0.710493 -0.806570 -0.072111
0 0.263563 0.744677 -0.249560 0.012459
0 0.536565 0.861937 -0.367903 -0.118713
0 0.519930 0.923557 -0.367582 -0.103927
0 0.475525 0.840958 -0.400209 -0.095195
0 0.416202 0.806069 -0.435912 -0.161010
0 0.510540 0.636646 -0.747132 -0.171679
0 0.536580 0.863084 -0.368082 -0.114172
0 0.180393 0.647549 -0.021054 -0.210156
0 0.256227 0.747535 -0.245754 0.018151
0 0.256493 0.751195 -0.245229 0.025927
0 0.510088 0.642569 -0.747829 -0.166054
0 0.536777 0.863320 -0.369274 -0.121348
0 0.605172 0.713663 -0.802456 -0.041492
0 0.523382 0.928793 -0.365338 -0.094749
0 0.415037 0.805746 -0.437294 -0.160629
0 0.530312 0.907325 -0.381471 -0.266697
0 0.525885 0.946320 -0.372141 -0.206097
