0 0.296683 0.183234 -0.286285 0.119198
0 0.297816 0.183794 -0.284080 0.121100
0 0.298998 0.183868 -0.280145 0.120671
0 0.297247 0.182802 -0.284954 0.118987
0 0.298932 0.182659 -0.280032 0.118662
0 0.278553 0.946006 0.142387 0.635228
0 0.299847 0.179883 -0.283561 0.119988
0 0.299589 0.178755 -0.284620 0.118397
0 0.298488 0.180220 -0.293438 0.120281
0 0.297874 0.179852 -0.296571 0.118714
0 0.298144 0.179214 -0.294183 0.118002
0 0.289473 0.187388 -0.282859 0.124065
0 0.289866 0.188010 -0.282458 0.124677
0 0.665884 1.099078 0.167485 0.145070
