0 0.600660 0.592475 -0.656815 -0.894121
0 0.597969 0.591817 -0.656606 -0.894345
0 0.598101 0.592552 -0.657321 -0.890029
0 0.602638 0.590924 -0.648788 -0.891015
0 0.600437 0.592823 -0.656730 -0.892439
0 0.603117 0.591232 -0.648611 -0.890968
0 0.495289 0.607411 -0.308862 -0.877234
0 0.495062 0.607096 -0.309156 -0.877508
0 0.606890 0.590194 -0.633015 -0.891715
0 0.485249 0.607820 -0.316719 -0.882650
0 0.606229 0.591043 -0.633676 -0.890555
0 0.753170 0.657580 0.080389 -0.146277
0 0.484228 0.607892 -0.318081 -0.881486
0 0.753752 0.656039 0.084603 -0.148551
0 0.756911 0.661952 0.089429 -0.138828
0 0.599404 0.594991 -0.646950 -0.891334
0 0.486834 0.605030 -0.317538 -0.884249
0 0.486720 0.605222 -0.317067 -0.884785
0 0.600409 0.590005 -0.644647 -0.897751
0 0.600752 0.592058 -0.644604 -0.894042
0 0.600051 0.595872 -0.645795 -0.888682
0 0.720734 0.631593 0.071008 -0.235836
0 0.485986 0.610598 -0.312481 -0.866941
0 0.486316 0.610472 -0.313004 -0.866721
0 0.601826 0.592108 -0.659396 -0.886295
0 0.722421 0.646702 0.074602 -0.207750
0 0.607863 0.588800 -0.641545 -0.895832
0 0.723211 0.637634 0.073188 -0.222238
0 0.607675 0.590415 -0.640885 -0.893058
