0 1.129524 0.943354 0.729067 0.372567
0 0.237379 0.154305 -0.094675 -0.135629
0 0.237044 0.154305 -0.095548 -0.135592
0 0.237060 0.155112 -0.095296 -0.134186
0 0.238405 0.152814 -0.090866 -0.136586
0 0.240900 0.153711 -0.086832 -0.134603
0 0.238786 0.153031 -0.091345 -0.136298
0 0.238978 0.152883 -0.090718 -0.136105
0 0.239314 0.154511 -0.092022 -0.130281
0 0.233878 0.150962 -0.103563 -0.138611
0 0.244025 0.152716 -0.086328 -0.134580
0 0.238437 0.155244 -0.092297 -0.132649
0 0.243048 0.153185 -0.088284 -0.134005
0 0.243502 0.152806 -0.087335 -0.134439
