0 0.181917 0.638885 -0.047506 -0.812352
0 0.182018 0.638456 -0.047614 -0.812469
0 0.182361 0.635102 -0.049657 -0.812432
0 0.182802 0.634386 -0.049964 -0.814032
0 0.181686 0.636312 -0.046027 -0.815784
0 0.180803 0.636983 -0.048371 -0.813708
0 0.181149 0.636403 -0.047813 -0.815934
0 0.181514 0.640510 -0.048249 -0.813700
0 0.181809 0.640596 -0.047434 -0.812969
0 0.641983 0.600941 -0.778325 -0.832301
0 0.642208 0.600263 -0.782274 -0.839070
0 0.641803 0.601687 -0.779204 -0.830764
0 0.641806 0.599943 -0.783255 -0.838357
0 0.640810 0.601041 -0.771107 -0.833933
0 0.640221 0.601166 -0.772517 -0.833495
0 0.643860 0.603544 -0.774107 -0.829030
0 0.644032 0.602327 -0.774211 -0.831745
0 0.175579 0.627580 -0.068595 -0.821908
0 0.636401 0.602434 -0.777131 -0.833156
0 0.636388 0.600663 -0.776766 -0.836108
0 0.182111 0.636606 -0.044222 -0.820160
0 0.637466 0.600473 -0.779803 -0.848713
0 0.640973 0.601640 -0.777686 -0.840691
0 0.636853 0.600778 -0.781425 -0.849688
0 0.180985 0.631313 -0.049769 -0.815484
0 0.181666 0.637348 -0.045182 -0.818569
0 0.640465 0.600448 -0.768174 -0.848073
0 0.181117 0.631590 -0.049895 -0.814752
0 0.181524 0.637184 -0.045490 -0.817514
0 0.640585 0.601764 -0.778197 -0.841614
0 0.181373 0.631027 -0.048320 -0.815772
0 0.639576 0.601024 -0.769115 -0.845367
0 0.181570 0.628941 -0.047741 -0.826267
0 0.520615 0.563281 -0.584613 -0.826633
0 0.181709 0.642872 -0.047677 -0.817429
0 0.182519 0.642220 -0.046611 -0.818371
0 0.622267 0.596917 -0.855774 -0.843871
0 0.181750 0.640979 -0.047907 -0.820308
0 0.624445 0.602661 -0.846996 -0.844717
0 0.390898 0.555669 -0.519055 -0.929720
0 0.391765 0.558515 -0.521792 -0.926835
0 0.523601 0.564846 -0.582459 -0.826127
0 0.180954 0.628643 -0.062087 -0.824794
0 0.521416 0.564384 -0.583076 -0.823126
0 0.180837 0.630269 -0.062213 -0.820489
0 0.180238 0.628885 -0.063921 -0.824187
0 0.390134 0.555054 -0.523606 -0.935057
0 0.389332 0.555118 -0.524188 -0.935449
0 0.388789 0.555342 -0.523792 -0.920361
0 0.516865 0.561273 -0.590231 -0.829416
0 0.516336 0.562254 -0.591293 -0.826961
