0 0.498342 1.143870 -0.371456 0.120837
0 0.399986 1.098969 0.081177 0.071139
0 0.498083 1.142277 -0.373474 0.120086
0 0.730594 1.130997 -0.552911 0.315638
0 0.730335 1.135887 -0.552216 0.321973
0 0.440989 1.123109 0.097642 0.092316
0 0.495654 1.134429 -0.408160 0.114160
0 0.496695 1.131665 -0.401859 0.109730
0 0.503043 1.175408 -0.338410 0.169511
0 0.502990 1.173997 -0.340430 0.164835
0 0.724838 1.131454 -0.550000 0.392117
0 0.725163 1.136646 -0.548318 0.401948
0 0.371902 1.044357 0.010463 0.046046
0 0.450597 1.117085 0.216781 0.038627
0 0.751387 1.135030 -0.536145 0.305428
0 0.751499 1.137793 -0.532939 0.310598
0 0.422451 1.083542 0.266853 0.023806
0 0.464684 1.144585 -0.314809 0.106250
0 0.486295 1.096137 -0.459189 0.093181
