0 0.665240 0.428188 -0.913193 0.278579
0 0.665491 0.429171 -0.912567 0.280777
0 0.582252 0.412341 -0.721879 0.273345
0 0.665468 0.428535 -0.912432 0.279519
0 0.582344 0.413948 -0.721316 0.274448
0 0.578742 0.416607 -0.730378 0.277609
0 0.578415 0.415873 -0.730506 0.277541
0 0.583734 0.413522 -0.718090 0.275035
0 0.582604 0.423625 -0.720156 0.301455
0 0.583789 0.413292 -0.718090 0.272275
0 0.583482 0.413079 -0.719232 0.272379
0 0.482190 0.399443 -0.452843 0.266099
0 0.482295 0.399715 -0.453194 0.265742
0 0.584114 0.413738 -0.716186 0.272751
0 0.349319 0.379724 -0.353871 0.255537
0 0.349263 0.378849 -0.354266 0.254286
0 0.482382 0.399981 -0.450599 0.266542
0 0.483008 0.397840 -0.443483 0.262824
0 0.482361 0.396955 -0.445244 0.261510
0 0.577123 0.416398 -0.731096 0.278437
0 0.483519 0.397497 -0.443108 0.262836
0 0.346233 0.378198 -0.354869 0.253420
0 0.346433 0.379069 -0.354639 0.254699
0 0.665479 0.419717 -0.911282 0.239962
0 0.663613 0.415347 -0.911959 0.231309
0 0.663561 0.423261 -0.911840 0.247237
0 0.665587 0.419322 -0.910502 0.238185
0 0.663133 0.415233 -0.912415 0.228992
0 0.667157 0.426192 -0.908030 0.257482
0 0.664346 0.423106 -0.908932 0.249656
0 0.579440 0.425608 -0.726417 0.306213
0 0.242712 0.180753 -0.128394 0.123195
0 0.667910 0.424359 -0.905069 0.257503
0 0.244358 0.180292 -0.128130 0.121287
0 0.264481 0.209771 -0.114075 0.144505
0 0.264447 0.210746 -0.114324 0.145531
0 0.222943 0.153155 -0.147070 0.105485
0 0.665590 0.428937 -0.909505 0.280413
0 0.665530 0.428558 -0.910209 0.279711
0 0.346129 0.373264 -0.352044 0.253355
0 0.345778 0.372746 -0.353096 0.252968
0 0.348924 0.370875 -0.350338 0.263626
0 0.348254 0.369086 -0.350949 0.262990
0 0.227690 0.163503 -0.143612 0.112194
0 0.474235 0.397474 -0.451795 0.253353
0 0.227764 0.163127 -0.144004 0.112557
0 0.666120 0.429005 -0.908806 0.280718
0 0.227502 0.163686 -0.144397 0.112929
0 0.222991 0.159036 -0.145261 0.108719
0 0.222958 0.158463 -0.145105 0.108630
0 0.222559 0.158603 -0.146100 0.108147
0 0.481310 0.403418 -0.449864 0.254019
0 0.269346 0.219633 -0.108969 0.152311
0 0.486861 0.399400 -0.450056 0.264335
0 0.487087 0.399473 -0.450328 0.264712
0 0.345213 0.391591 -0.352497 0.280047
0 0.486620 0.400053 -0.450998 0.264459
0 0.656972 0.427628 -1.176759 0.283820
0 0.344657 0.389191 -0.353770 0.274820
0 0.679323 0.427979 -0.902265 0.273587
0 0.657889 0.431614 -1.167620 0.288842
0 0.656913 0.428948 -1.176502 0.288917
0 0.664207 0.425039 -0.902278 0.270893
0 0.680297 0.428870 -0.901084 0.276230
0 0.663426 0.424272 -0.903889 0.269711
0 0.480578 0.396190 -0.435253 0.259994
0 0.479983 0.396406 -0.435787 0.260361
0 0.664541 0.425110 -0.901663 0.272149
0 0.346203 0.360492 -0.344569 0.255149
0 0.479899 0.396782 -0.434631 0.260394
0 0.586419 0.419384 -0.692426 0.293418
0 0.657070 0.430263 -1.176495 0.292341
0 0.278736 0.229243 -0.108011 0.155303
0 0.347038 0.362717 -0.343231 0.254561
0 0.278701 0.228059 -0.108422 0.154037
0 0.223204 0.163430 -0.145450 0.109219
0 0.679676 0.425893 -0.896501 0.270560
0 0.942886 1.173509 0.644496 0.263592
0 0.222712 0.164152 -0.145424 0.110199
0 0.248720 0.196999 -0.124623 0.137991
0 0.246451 0.196946 -0.128252 0.138594
0 0.221702 0.153893 -0.136543 0.106284
0 0.248767 0.196280 -0.124671 0.138020
0 0.583390 0.425672 -0.733726 0.299717
0 0.656546 0.431102 -1.183564 0.292345
0 0.282905 0.241734 -0.105977 0.171318
0 0.277243 0.227178 -0.109468 0.153108
0 0.283386 0.241635 -0.105596 0.170844
0 0.949384 1.176598 0.671566 0.567267
0 0.656161 0.430156 -1.185203 0.291356
0 0.657202 0.439530 -1.173476 0.285469
0 0.272453 0.212380 -0.100929 0.145122
0 0.218542 0.154867 -0.152909 0.107478
0 0.284335 0.246051 -0.102689 0.174924
0 0.657286 0.440709 -1.172973 0.286063
0 0.347766 0.328133 -0.354400 0.216371
0 0.349010 0.330628 -0.352389 0.218191
0 0.578856 0.426690 -0.743565 0.303662
0 0.218611 0.154977 -0.152874 0.108479
0 0.348300 0.320535 -0.353673 0.207573
0 0.218516 0.154265 -0.153103 0.106588
0 0.578716 0.427774 -0.734291 0.281449
