0 0.924527 0.497681 -0.391502 0.062615
0 0.877703 0.483704 -0.461409 0.055332
0 0.874600 0.487078 -0.463577 0.057900
0 0.874549 0.484367 -0.463505 0.055951
0 0.924827 0.499134 -0.393952 0.066201
0 1.063411 0.653019 -0.166662 -0.050207
0 0.924870 0.498515 -0.390610 0.062990
0 1.064164 0.653977 -0.165952 -0.047662
0 1.064178 0.650278 -0.165596 -0.056492
0 0.874226 0.478132 -0.399156 0.051090
0 0.868559 0.480386 -0.409180 0.051697
0 0.867939 0.478351 -0.411569 0.049823
0 0.897786 0.508205 -0.332024 0.070611
0 0.901430 0.508202 -0.323381 0.071986
0 0.897030 0.507157 -0.332242 0.067427
0 1.056901 0.668800 -0.177841 0.031513
0 1.053555 0.668720 -0.185967 0.029022
0 1.051625 0.662352 -0.190624 0.013757
0 0.828987 0.483994 -0.562798 0.049951
0 0.964344 0.521603 -0.415538 0.078683
0 0.967438 0.518720 -0.414912 0.075731
