0 0.422265 0.923655 0.051443 0.006565
0 0.421702 0.923066 0.049847 -0.020326
0 0.421353 0.923816 0.052156 -0.018500
0 0.423157 0.916997 0.053084 -0.007636
0 0.422183 0.914897 0.050750 -0.035766
0 0.413005 0.926145 0.047872 0.019240
0 0.312272 0.997954 0.133869 -0.844696
0 0.312337 0.997500 0.134126 -0.843158
0 0.312558 0.997175 0.133023 -0.844132
0 0.310867 0.999641 0.138341 -0.840537
0 0.311313 1.000154 0.139959 -0.842084
0 0.311763 0.999250 0.139001 -0.840712
0 0.838032 0.991332 -0.100754 0.349392
0 0.839788 0.986512 -0.096630 0.340931
0 0.838459 1.112238 -0.109963 0.430921
0 0.412861 0.915853 0.048376 -0.001367
0 0.842898 1.113633 -0.097819 0.435051
0 0.820708 1.127962 -0.198525 0.448955
0 0.310116 1.007862 0.129161 -0.822947
0 0.416060 0.918639 0.043161 -0.043620
0 0.821851 1.134412 -0.195769 0.457244
0 0.416999 0.918847 0.044949 -0.043148
0 0.416229 0.908748 0.044760 -0.061639
0 0.419063 0.909102 0.021828 -0.034627
0 0.818768 1.137059 -0.213878 0.324444
0 0.311509 0.998079 0.129694 -0.820046
0 0.820567 1.148063 -0.210147 0.346627
0 0.311620 1.002595 0.147041 -0.840730
0 0.312496 1.002158 0.148868 -0.841642
0 0.822845 1.014073 -0.180471 0.368788
0 0.311957 1.002826 0.146213 -0.840690
0 0.823957 1.014572 -0.177404 0.366172
0 0.838098 0.920736 -0.088758 0.297165
0 0.839419 0.920659 -0.085314 0.297714
0 0.843469 1.124428 -0.093830 0.328623
