0 0.334719 0.454022 -0.308897 -0.234998
0 0.334868 0.454199 -0.308360 -0.234666
0 0.334469 0.458041 -0.309373 -0.227828
0 0.334525 0.458555 -0.309099 -0.227452
0 0.334910 0.457773 -0.308935 -0.229220
0 0.531321 0.550468 -0.515685 -0.131551
0 0.531408 0.547787 -0.515272 -0.136502
0 0.333689 0.454901 -0.310877 -0.238471
0 0.333845 0.455385 -0.311337 -0.238287
0 0.531447 0.550358 -0.516883 -0.133594
0 0.310159 1.091086 0.204518 -0.227243
0 0.309165 1.092527 0.203645 -0.225228
0 0.315120 1.100167 0.208780 -0.171223
0 0.333966 0.453754 -0.310381 -0.233419
0 0.334366 0.454055 -0.309615 -0.232345
0 0.314687 1.103551 0.210869 -0.165260
0 0.606968 0.654243 -0.605515 -0.115428
0 0.606931 0.656444 -0.605671 -0.111019
0 0.607754 0.655014 -0.606203 -0.116175
0 0.334962 0.458705 -0.306196 -0.229194
0 0.334697 0.459668 -0.306695 -0.225629
0 0.333733 0.459626 -0.308163 -0.226895
0 0.712124 0.820378 -0.798302 -0.071424
0 0.711269 0.818947 -0.800956 -0.075382
0 0.528725 0.540267 -0.523012 -0.136843
0 0.712818 0.817039 -0.796920 -0.076919
0 0.528291 0.541100 -0.525201 -0.136007
0 0.525832 0.548815 -0.518758 -0.132437
0 0.529016 0.541528 -0.523448 -0.134752
0 0.707104 0.800345 -0.802913 -0.094476
0 0.707499 0.799387 -0.802860 -0.099790
0 0.707139 0.799829 -0.804199 -0.096600
0 0.530449 0.552706 -0.508571 -0.141327
0 0.530237 0.553648 -0.509597 -0.140041
0 0.530889 0.553528 -0.507001 -0.139592
0 0.335038 0.453461 -0.309345 -0.228712
0 0.525517 0.548865 -0.544546 -0.131928
0 0.335537 0.453226 -0.308430 -0.229289
0 0.335266 0.451376 -0.309467 -0.232890
0 0.600298 0.646897 -0.618536 -0.125146
0 0.599423 0.648935 -0.619353 -0.123644
0 0.600996 0.649554 -0.617224 -0.118755
0 0.715056 0.827275 -0.771669 -0.069227
0 0.713605 0.827498 -0.772409 -0.069179
0 0.311938 1.098626 0.209602 -0.239280
0 0.715050 0.795200 -0.758422 -0.088691
0 0.605794 0.652621 -0.620618 -0.114168
0 0.714322 0.794641 -0.758705 -0.085920
0 0.711459 0.828166 -0.774943 -0.069471
0 0.606174 0.653742 -0.620889 -0.110953
0 0.713048 0.795970 -0.759649 -0.084595
0 0.312828 1.099343 0.210528 -0.237834
0 0.605815 0.653511 -0.622138 -0.113114
0 0.335795 0.468253 -0.307421 -0.232556
0 0.335532 0.464677 -0.307931 -0.241081
0 0.341199 0.456955 -0.288438 -0.231789
0 0.335816 0.467040 -0.307739 -0.236051
0 0.612803 0.636715 -0.593033 -0.139248
0 0.310370 1.119922 0.188197 -0.184076
0 0.277996 0.715769 0.164670 -0.036652
0 0.278074 0.715736 0.164380 -0.037072
0 0.278783 0.718284 0.165716 -0.035814
0 0.943271 1.055039 0.500623 -0.319104
0 0.924071 1.100721 0.502774 -0.139624
0 0.525807 0.520662 -0.523238 -0.152611
0 0.340899 0.455562 -0.286730 -0.237050
0 0.696005 0.778485 -0.865664 -0.122833
0 0.711942 0.775513 -0.783112 -0.122066
0 0.284410 0.814166 0.178360 0.018438
0 0.525681 0.513785 -0.523844 -0.159545
0 0.522321 0.522505 -0.557456 -0.145776
0 0.930130 1.054914 0.476195 -0.319233
0 0.525457 0.534268 -0.520059 -0.155592
0 0.270545 0.739700 0.165523 -0.020342
0 0.270882 0.739108 0.167279 -0.019674
0 0.697531 0.804611 -0.864653 -0.125542
0 0.592494 0.660671 -0.724679 -0.106578
0 0.271412 0.741161 0.168168 -0.020923
0 0.711963 0.803974 -0.782574 -0.124931
0 0.534086 0.593008 -0.496077 -0.085650
