0 0.526333 0.780381 -0.326417 -0.102115
0 0.526992 0.781577 -0.325196 -0.100990
0 0.526160 0.780493 -0.326747 -0.102442
0 0.530450 0.779308 -0.323367 -0.104223
0 0.531453 0.780777 -0.323391 -0.103781
0 0.532045 0.783158 -0.320864 -0.099865
0 0.522129 0.784044 -0.329953 -0.098632
0 0.521851 0.782186 -0.330574 -0.102401
0 0.521332 0.782169 -0.332023 -0.101890
0 0.530616 0.762229 -0.331212 -0.129972
0 0.536198 0.752725 -0.326151 -0.127553
0 0.541001 0.748338 -0.320848 -0.130296
0 0.533614 0.755097 -0.324694 -0.151535
