0 0.808072 0.795141 0.247140 -0.109545
0 0.809922 0.795412 0.247944 -0.109348
0 0.811587 0.796854 0.248425 -0.106504
0 0.811369 0.796195 0.245662 -0.108056
0 0.708126 0.772264 -0.877258 -0.054429
0 0.707821 0.771123 -0.877546 -0.054386
0 0.707402 0.773992 -0.877888 -0.045281
0 0.788811 0.795223 0.210111 -0.109697
0 0.705275 0.789525 -0.894310 -0.041112
0 0.705437 0.791106 -0.892176 -0.038800
0 0.704984 0.791986 -0.891773 -0.036104
0 0.790308 0.793468 0.208218 -0.111047
0 0.795682 0.801367 0.208553 -0.115546
0 0.797373 0.802814 0.207279 -0.111535
0 0.710900 0.772541 -0.865277 -0.016185
0 0.801640 0.801054 0.218875 -0.098494
0 0.801677 0.800500 0.214864 -0.099527
0 0.712223 0.772519 -0.861895 -0.014281
0 0.711421 0.770985 -0.864381 -0.025430
0 0.789065 0.800521 0.188221 -0.115153
0 0.703167 0.792359 -0.924660 0.000807
0 0.790606 0.798020 0.189910 -0.106200
0 0.708588 0.784395 -0.880938 0.012673
0 0.708921 0.785285 -0.881025 0.016640
