0 0.267283 0.532804 0.007719 -0.382626
0 0.268691 0.532760 0.009542 -0.382162
0 0.268193 0.531466 0.012125 -0.383083
0 0.268693 0.531402 0.013310 -0.383170
0 0.268629 0.532723 0.012732 -0.380820
0 0.268813 0.533705 0.009972 -0.379784
0 0.272457 0.531506 0.021547 -0.379541
0 0.271726 0.532170 0.020524 -0.379241
0 0.266690 0.531667 0.008069 -0.380210
0 0.266156 0.532714 0.007537 -0.377890
0 0.670848 0.735219 -0.721083 -0.922795
0 0.265680 0.527911 0.010521 -0.383793
0 0.672049 0.737117 -0.719387 -0.921264
0 0.671144 0.736396 -0.720790 -0.923234
0 0.264968 0.528076 0.008830 -0.383136
0 0.263758 0.534316 0.009251 -0.378792
0 0.263284 0.535834 0.008018 -0.377619
0 0.674096 0.737638 -0.718122 -0.919546
0 0.672793 0.736390 -0.720157 -0.921406
0 0.274554 0.528445 0.019278 -0.379776
0 0.274623 0.528296 0.018703 -0.379885
0 0.673259 0.739667 -0.719861 -0.919698
0 0.274635 0.527751 0.019013 -0.381753
0 0.688403 0.752741 -0.692700 -0.902454
0 0.689035 0.751738 -0.691882 -0.904144
0 0.674177 0.755030 -0.714022 -0.905324
0 0.674057 0.755273 -0.714239 -0.904381
0 0.675120 0.755690 -0.714278 -0.904334
0 0.671991 0.729174 -0.718593 -0.921082
0 0.673034 0.730829 -0.716274 -0.920387
0 0.672798 0.730477 -0.718005 -0.921378
0 0.267502 0.539666 0.004380 -0.381767
0 0.267145 0.539856 0.004241 -0.381358
0 0.267485 0.540504 0.005361 -0.380456
