0 0.487671 1.080286 0.292659 -0.170647
0 0.486132 1.079580 0.290214 -0.169243
0 0.459180 1.258841 0.316412 0.929343
0 0.487925 0.971286 0.301144 -0.257864
0 0.485991 0.968797 0.298234 -0.261583
0 0.487024 0.936462 0.300057 -0.314442
0 0.486099 1.029391 0.290006 -0.255024
0 0.490693 1.096509 0.307672 -0.152360
0 0.491231 1.088206 0.293389 -0.189948
0 0.492128 1.101024 0.309407 -0.145495
0 0.490994 0.922646 0.308890 -0.239470
0 0.483870 0.933002 0.292459 -0.217619
0 0.491931 1.090429 0.294907 -0.182208
