0 0.954037 0.766663 -1.108427 -0.523992
0 0.953623 0.765184 -1.109215 -0.527260
0 0.953725 0.769516 -1.105888 -0.524087
0 0.952449 0.768233 -1.109013 -0.524132
0 0.951284 0.764468 -1.111662 -0.528126
0 0.952151 0.767898 -1.108354 -0.524122
0 1.059758 0.780918 0.481470 -0.424721
0 0.892293 0.755816 -0.262505 -0.602817
0 1.061456 0.782191 0.489864 -0.422885
0 0.891602 0.754941 -0.263493 -0.604330
0 0.892025 0.754539 -0.270032 -0.606309
0 0.873595 0.747216 -0.261036 -0.640553
0 0.874867 0.748733 -0.259382 -0.638077
0 0.874816 0.746023 -0.257029 -0.642540
0 0.478139 0.770973 0.021682 -0.472391
0 0.479233 0.770109 0.024681 -0.472899
0 0.479805 0.771211 0.026736 -0.472432
0 0.946080 0.761715 -1.141093 -0.514242
0 0.857501 0.746318 -0.282265 -0.641200
0 0.859048 0.746306 -0.279506 -0.640950
0 0.467258 0.771970 -0.014215 -0.501151
0 0.466477 0.771048 -0.015485 -0.502389
0 0.481813 0.749120 0.058468 -0.428594
0 0.480765 0.749298 0.056232 -0.426636
0 1.073508 0.761381 0.514764 -0.541828
0 0.467529 0.773656 -0.013333 -0.497359
0 0.386177 0.411354 -0.089296 -0.617822
0 0.482148 0.750171 0.058143 -0.427564
0 0.390640 0.412257 -0.065274 -0.620667
0 0.950764 0.764157 -1.125036 -0.536348
0 0.386076 0.412423 -0.088243 -0.615180
0 0.857763 0.747202 -0.279929 -0.639483
0 0.390028 0.411609 -0.066600 -0.621189
0 1.060694 0.762326 0.482411 -0.541090
0 0.416178 0.592668 0.036073 -0.492483
0 0.414667 0.595141 0.034046 -0.485950
0 0.951179 0.780733 0.401713 -0.431007
0 0.415926 0.595604 0.035302 -0.489113
0 0.984516 0.782622 0.337387 -0.420056
0 0.952509 0.783196 0.403850 -0.426239
0 0.946495 0.761956 -1.149287 -0.542218
0 0.946861 0.761636 -1.149225 -0.541271
0 0.943844 0.760443 -1.153440 -0.544132
0 1.076004 0.778236 0.349160 -0.429997
0 0.896538 0.755699 -0.405315 -0.592166
0 0.893804 0.755229 -0.417111 -0.594293
0 1.074961 0.777890 0.350918 -0.430438
0 0.897277 0.755466 -0.403277 -0.591521
0 0.952657 0.764315 -1.071759 -0.545937
0 0.915949 0.782456 0.340167 -0.427376
0 0.849094 0.750758 -0.202673 -0.620791
0 0.950525 0.759987 -1.072209 -0.523698
0 0.863928 0.748729 -0.179462 -0.625874
0 0.856395 0.746453 -0.197739 -0.631286
0 0.386863 0.410237 -0.071041 -0.618642
0 0.406676 0.581144 0.016181 -0.496388
0 0.548972 0.777090 0.081033 -0.440516
0 0.722308 0.431400 -1.308289 -0.636484
0 0.722264 0.431371 -1.308507 -0.636510
0 0.549044 0.775575 0.075448 -0.444285
0 0.406311 0.581058 0.015962 -0.496247
