0 0.689151 0.373194 -0.982611 0.056516
0 0.689114 0.371985 -0.983031 0.054932
0 0.689848 0.373140 -0.981563 0.061693
0 0.689691 0.373256 -0.981878 0.061076
0 0.689223 0.374415 -0.981821 0.059545
0 0.688466 0.373899 -0.982144 0.062497
0 0.558416 1.127759 0.035137 0.316438
0 0.687657 0.348563 -0.986684 0.049835
0 0.687678 0.344491 -0.986868 0.047021
0 0.694191 0.339833 -0.974374 0.048709
0 0.537042 0.983532 0.060457 0.122061
0 0.687540 0.347366 -0.986625 0.049583
0 0.557274 0.968693 0.061372 0.106791
0 0.694782 0.347674 -0.973510 0.053402
0 0.695083 0.343607 -0.973294 0.050454
0 0.558189 0.841257 0.074618 0.026061
0 0.558776 0.819262 0.075392 -0.006338
0 0.701910 1.177858 -0.594823 0.242954
0 0.702551 1.180091 -0.596601 0.242421
0 0.557643 0.886426 0.062259 0.015012
0 0.685397 0.397233 -1.007380 0.085927
0 0.690239 0.334847 -0.979904 0.037445
0 0.691608 0.333848 -0.977156 0.038428
0 0.694692 0.395672 -0.969668 0.094868
