0 0.422924 0.801189 -0.473680 -0.018331
0 0.422799 0.802890 -0.474919 -0.016969
0 0.425318 0.800631 -0.466125 -0.016424
0 0.425427 0.804595 -0.465708 -0.010278
0 0.423170 0.791118 -0.480582 -0.060912
0 0.427884 0.807180 -0.458227 -0.005211
0 0.417144 0.806919 -0.490514 -0.036680
0 0.416866 0.801064 -0.491788 -0.049286
0 0.428856 0.805309 -0.455282 -0.014290
0 0.299585 0.486258 -0.104078 -0.226426
0 0.299379 0.484129 -0.103965 -0.231381
0 0.423568 0.784705 -0.490563 -0.075424
0 0.316320 0.484418 -0.064110 -0.215269
0 0.422747 0.784674 -0.468942 -0.026930
0 0.422188 0.783258 -0.475915 -0.056868
0 0.316129 0.484068 -0.064256 -0.217355
0 0.303773 0.490012 -0.087636 -0.217022
0 0.422558 0.781679 -0.469181 -0.034731
0 0.322326 0.488704 -0.043411 -0.206624
0 0.414244 0.800144 -0.491936 -0.086638
0 0.290795 0.465149 -0.131949 -0.287949
0 0.294584 0.474731 -0.108506 -0.259984
0 0.293962 0.474446 -0.109643 -0.263421
0 0.285446 0.464239 -0.143270 -0.290614
0 0.322888 0.466500 -0.078670 -0.238915
