0 0.144406 0.860086 -0.032876 -0.855836
0 0.143455 0.860538 -0.034904 -0.856687
0 0.143540 0.861030 -0.034793 -0.856286
0 0.143730 0.860583 -0.034609 -0.854682
0 0.143416 0.860053 -0.031723 -0.863953
0 0.143208 0.860067 -0.031956 -0.862720
0 0.143116 0.860341 -0.032541 -0.862668
0 0.144553 0.861655 -0.033683 -0.856304
0 0.143859 0.862390 -0.034776 -0.856043
0 0.144759 0.862263 -0.033788 -0.857242
0 0.145465 0.849995 -0.034307 -0.866541
0 0.145291 0.853584 -0.034241 -0.861725
0 0.144733 0.853146 -0.035320 -0.862697
0 0.144223 0.850016 -0.028652 -0.866662
0 0.143602 0.864015 -0.042313 -0.856565
0 0.143728 0.864953 -0.042100 -0.854166
0 0.143775 0.853184 -0.029835 -0.862289
0 0.144214 0.853434 -0.028921 -0.861910
0 0.145099 0.866637 -0.020414 -0.846637
0 0.144361 0.865199 -0.021604 -0.850145
