0 0.382357 1.066904 0.123437 -0.536192
0 0.383577 1.067246 0.125816 -0.537862
0 0.381409 1.066958 0.122144 -0.536406
0 0.376818 1.070140 0.117814 -0.533305
0 0.377441 1.070271 0.119156 -0.535948
0 0.376686 1.070084 0.117140 -0.531771
0 0.380368 1.054832 0.121792 -0.534640
0 0.382736 1.058529 0.120988 -0.531643
0 0.376516 1.074958 0.119979 -0.526689
0 0.375832 1.073124 0.119035 -0.527869
0 0.378111 1.075780 0.122591 -0.526746
0 0.382378 1.077885 0.125122 -0.529122
0 0.382931 1.080013 0.125023 -0.527479
0 0.384128 1.076962 0.127498 -0.532935
0 0.355879 0.988056 -0.394689 -0.391606
0 0.357246 0.989883 -0.393305 -0.390013
