0 0.701496 0.741458 -0.728770 -0.497615
0 0.701203 0.740937 -0.729753 -0.498408
0 0.701101 0.741199 -0.728419 -0.498513
0 0.703010 0.736687 -0.731183 -0.505242
0 0.702597 0.736154 -0.731449 -0.506157
0 0.703838 0.736811 -0.730470 -0.506583
0 0.702172 0.742191 -0.728601 -0.500831
0 0.702963 0.744531 -0.728851 -0.496979
0 0.702804 0.744336 -0.729845 -0.497449
0 0.704521 0.749621 -0.731965 -0.494185
0 0.423791 1.207839 -0.084740 0.037111
0 0.424245 1.206398 -0.082363 0.034682
0 0.704130 0.749683 -0.732390 -0.497142
0 0.703203 0.729992 -0.736477 -0.540881
0 0.703459 0.733165 -0.736260 -0.535395
0 0.392363 0.527419 -0.608884 -0.850813
0 0.393429 0.527965 -0.606959 -0.849760
0 0.390588 0.525349 -0.612675 -0.847759
0 0.390217 0.524834 -0.614202 -0.847402
0 0.433856 1.201135 -0.052750 0.016648
0 0.432537 1.204343 -0.056028 0.023687
0 0.392120 0.527588 -0.609642 -0.847264
0 0.391744 0.527089 -0.611472 -0.846466
0 0.391920 0.527847 -0.609811 -0.847369
0 0.391927 0.526864 -0.610979 -0.847055
0 0.271667 1.029464 -0.117135 -1.068390
0 0.391784 0.525207 -0.610601 -0.850933
0 0.271855 1.030081 -0.115592 -1.067523
0 0.418378 1.195375 -0.107152 0.049520
0 0.391529 0.525262 -0.610878 -0.851075
0 0.419413 1.195249 -0.103206 0.050985
0 0.391899 0.527589 -0.609715 -0.846225
0 0.392325 0.523520 -0.612919 -0.853572
0 0.272845 1.030142 -0.113444 -1.064847
0 0.274420 1.034481 -0.113786 -1.055989
0 0.392158 0.527295 -0.610608 -0.845942
0 0.272748 1.026132 -0.117812 -1.077481
0 0.273945 1.026576 -0.115752 -1.072261
0 0.273021 1.027002 -0.117004 -1.075607
0 0.392024 0.525724 -0.609985 -0.849644
0 0.273083 1.035297 -0.115553 -1.055165
0 0.272298 1.032145 -0.118367 -1.069570
0 0.698084 0.745206 -0.763578 -0.493747
0 0.272122 1.036004 -0.119938 -1.063786
0 0.697897 0.744615 -0.762762 -0.488156
0 0.274116 1.028343 -0.114807 -1.072075
0 0.423241 1.219243 -0.091461 0.071093
0 0.274285 1.032813 -0.110777 -1.068267
0 0.432030 1.224300 -0.094592 0.082061
