0 0.457955 1.032732 -0.385347 -0.254874
0 0.457972 1.031514 -0.385916 -0.257465
0 0.426204 1.006415 -0.430354 -0.824038
0 0.426588 1.008470 -0.429074 -0.819275
0 0.428345 1.003742 -0.429363 -0.836361
0 0.428592 1.005198 -0.428528 -0.832732
0 0.455623 1.030441 -0.382453 -0.262204
0 0.455397 1.029181 -0.382439 -0.264947
0 0.458576 1.024015 -0.384244 -0.264958
0 0.427600 1.008762 -0.426211 -0.817489
0 0.456534 1.025803 -0.380494 -0.267522
0 0.429181 1.005112 -0.420724 -0.830808
0 0.457373 1.051222 -0.389776 -0.218670
0 0.429838 0.995262 -0.432888 -0.847717
0 0.443436 1.050611 -0.387188 -0.233978
0 0.454770 1.071935 -0.393090 -0.212133
0 0.454526 1.074783 -0.394090 -0.206634
0 0.423995 0.994884 -0.446498 -0.856828
0 0.459333 1.009059 -0.387311 -0.272743
0 0.660022 0.975722 -0.748931 -0.969265
0 0.660371 0.976776 -0.747647 -0.966923
0 0.423598 0.984795 -0.455138 -0.927667
0 0.661473 0.975355 -0.747641 -0.968198
0 0.663459 0.979233 -0.747566 -0.953568
0 0.663686 0.980321 -0.746947 -0.952313
0 0.420470 0.980466 -0.462339 -0.938741
0 0.110798 1.010589 0.074109 -0.786732
0 0.458457 0.987414 -0.388230 -0.273079
0 0.110845 1.011407 0.074114 -0.785231
0 0.663593 0.980365 -0.748670 -0.951940
0 0.459510 0.987367 -0.386740 -0.273367
0 0.458884 0.976627 -0.387658 -0.294549
