0 0.570201 0.926787 -0.986388 -1.153417
0 0.570368 0.926940 -0.985999 -1.150042
0 0.569601 0.927197 -0.987467 -1.151378
0 0.568693 0.909659 -0.990197 -1.166147
0 0.568362 0.909913 -0.990757 -1.164679
0 0.568938 0.910149 -0.989633 -1.163711
0 0.571387 0.930682 -0.984866 -1.143193
0 0.568741 0.923992 -0.991431 -1.154794
0 0.702188 0.618949 -0.868798 -0.310770
0 0.702704 0.620739 -0.868035 -0.308555
0 0.704277 0.628199 -0.869496 -0.301190
0 0.704223 0.626379 -0.869430 -0.303141
0 0.702231 0.620918 -0.868495 -0.307251
0 0.704496 0.629265 -0.869316 -0.299786
0 0.705455 0.628375 -0.866145 -0.305036
0 0.570663 0.936803 -0.984264 -1.132185
0 0.568463 0.895336 -0.991628 -1.182221
0 0.570357 0.935668 -0.985703 -1.151279
0 0.541413 0.514117 -0.874403 -0.527860
0 0.570231 0.934469 -0.985512 -1.153941
0 0.542115 0.512685 -0.872266 -0.529047
0 0.569730 0.935932 -0.987185 -1.150912
0 0.703906 0.631751 -0.869077 -0.305934
0 0.544492 0.512175 -0.871847 -0.527672
0 0.791417 1.104989 0.532341 -0.130220
0 0.783955 1.106120 0.509437 -0.131252
0 0.703650 0.632048 -0.868728 -0.303271
0 0.705795 0.617291 -0.864875 -0.330881
0 0.545243 0.510957 -0.870070 -0.528520
0 0.704716 0.633292 -0.867317 -0.302305
0 0.702092 0.621262 -0.868532 -0.305934
0 0.541321 0.511824 -0.873000 -0.533241
0 0.541483 0.511077 -0.872998 -0.534278
0 0.541316 0.511700 -0.873352 -0.532911
0 0.537931 0.514022 -0.878159 -0.538165
0 0.544905 0.507488 -0.870774 -0.534573
0 0.793675 1.095875 0.526433 -0.198768
0 0.544858 0.507511 -0.871020 -0.534833
0 0.538780 0.513257 -0.875906 -0.538631
0 0.545452 0.506745 -0.870068 -0.535969
0 0.792870 1.096599 0.517903 -0.197399
0 0.572612 0.924947 -0.984616 -1.151979
0 0.750313 1.098175 0.522829 -0.148622
0 0.753144 1.097902 0.523702 -0.149998
0 0.569043 0.902792 -0.991450 -1.177138
0 0.569005 0.898806 -0.991077 -1.179830
0 0.575200 0.931164 -0.978390 -1.140335
0 0.568175 0.900210 -0.993195 -1.176603
0 0.571162 0.911615 -0.988778 -1.145544
0 0.739734 1.091731 0.498256 -0.221323
0 0.702721 0.608039 -0.866897 -0.326336
0 0.737113 1.095665 0.493710 -0.213644
0 0.573998 0.937028 -0.978934 -1.131979
0 0.645248 1.117436 -0.035843 -0.108618
0 0.648490 1.118738 -0.028273 -0.110050
0 0.570818 0.898395 -0.986073 -1.188328
0 0.547950 0.516569 -0.868711 -0.528859
0 0.548813 0.515331 -0.866462 -0.531295
0 0.693882 0.633223 -0.871796 -0.302747
0 0.547982 0.515383 -0.868931 -0.530386
