0 0.492885 0.587838 -0.216522 -0.682842
0 0.493681 0.587028 -0.214484 -0.685121
0 0.493625 0.589395 -0.215250 -0.683292
0 0.494919 0.588558 -0.212723 -0.685102
0 0.493492 0.590447 -0.211527 -0.686417
0 0.493637 0.587854 -0.211150 -0.688263
0 0.490968 0.583696 -0.229394 -0.688806
0 0.490792 0.583102 -0.228450 -0.687172
0 0.488632 0.587877 -0.224604 -0.684066
0 0.490419 0.589203 -0.220608 -0.683882
0 0.493946 0.591350 -0.212888 -0.678688
0 0.492099 0.592240 -0.216741 -0.674550
0 0.486578 0.586985 -0.226609 -0.670244
0 0.487959 0.586450 -0.224183 -0.671798
0 0.488685 0.592744 -0.223988 -0.669241
0 0.487692 0.578872 -0.247311 -0.689019
0 0.488300 0.578242 -0.245147 -0.691363
