0 0.468047 0.622450 -0.527732 -0.871102
0 0.467745 0.622345 -0.528699 -0.871693
0 0.468111 0.622736 -0.527800 -0.871005
0 0.469039 0.622540 -0.526830 -0.871620
0 0.468878 0.622574 -0.527586 -0.871836
0 0.468445 0.623582 -0.525697 -0.871335
0 0.468390 0.624717 -0.525815 -0.869778
0 0.467713 0.623676 -0.526532 -0.870706
0 0.467047 0.620347 -0.530066 -0.875319
0 0.467221 0.619709 -0.529986 -0.875943
0 0.469702 0.622444 -0.524276 -0.877179
0 0.467040 0.622201 -0.528689 -0.872582
0 0.466533 0.620086 -0.527548 -0.875307
0 0.466702 0.621792 -0.528783 -0.873858
0 0.467027 0.620240 -0.526764 -0.874834
0 0.467096 0.621226 -0.529224 -0.875141
0 0.469668 0.623322 -0.530185 -0.873838
0 0.517273 0.640121 -0.876480 -1.039898
0 0.517330 0.639373 -0.875794 -1.041334
0 0.517303 0.640475 -0.877440 -1.040238
0 0.517312 0.639930 -0.877315 -1.041385
0 0.517468 0.641691 -0.882072 -1.039834
0 0.517500 0.640040 -0.877317 -1.041238
0 0.518141 0.641147 -0.874054 -1.038666
0 0.517662 0.640474 -0.875247 -1.038997
0 0.517764 0.642567 -0.874892 -1.037737
0 0.517704 0.638667 -0.879537 -1.038762
0 0.517593 0.641089 -0.880920 -1.040848
0 0.517497 0.638261 -0.879779 -1.040687
0 0.517793 0.638148 -0.879431 -1.040959
0 0.470156 0.625186 -0.521040 -0.871694
0 0.466640 0.623928 -0.534149 -0.874810
0 0.466915 0.625315 -0.533632 -0.872982
0 0.521170 0.641328 -0.862506 -1.037058
0 0.467748 0.623705 -0.532667 -0.875780
0 0.455202 0.620279 -0.533594 -0.882286
0 0.518702 0.640813 -0.877348 -1.039014
0 0.518342 0.639725 -0.878252 -1.040854
