0 0.634538 0.748375 -0.195633 -0.084395
0 0.671959 0.784191 -0.127639 -0.182294
0 0.674403 0.786540 -0.122334 -0.175713
0 0.623694 0.747163 -0.218412 -0.087181
0 0.673983 0.784146 -0.123063 -0.181550
0 0.639820 0.746066 -0.185275 -0.090514
0 0.589828 0.751867 -0.294747 -0.080133
0 0.589365 0.749579 -0.298991 -0.085133
0 0.588400 0.750532 -0.297874 -0.083759
0 0.630092 0.748452 -0.247089 -0.077164
0 0.632853 0.748910 -0.238583 -0.074980
0 0.632145 0.749407 -0.239149 -0.074451
0 0.615071 0.768526 -0.218084 -0.056700
0 0.618983 0.767954 -0.208334 -0.057805
0 0.618615 0.765825 -0.208502 -0.062610
