0 0.445977 0.657171 0.287487 -0.200624
0 0.445829 0.656881 0.286964 -0.199193
0 0.445009 0.656217 0.285029 -0.200990
0 0.450588 0.670455 0.288397 -0.176345
0 0.449700 0.669857 0.286391 -0.176215
0 0.450576 0.670008 0.288278 -0.178975
0 0.831541 0.877471 -0.137910 -0.178323
0 0.833420 0.878656 -0.132453 -0.173117
0 0.834484 0.877526 -0.130297 -0.175148
0 0.444860 0.667104 0.278708 -0.192658
0 0.444622 0.666497 0.278242 -0.190989
0 0.443144 0.665604 0.276642 -0.191458
0 0.849968 0.878444 -0.094646 -0.173918
0 0.847893 0.879463 -0.100333 -0.171188
0 0.848508 0.877410 -0.098454 -0.173906
0 0.452698 0.697615 0.279991 -0.165222
0 0.451665 0.695932 0.279087 -0.166558
0 0.452840 0.695887 0.280436 -0.170015
0 0.837846 0.848453 -0.131927 -0.215649
0 0.838012 0.850244 -0.131507 -0.208323
0 0.837098 0.849995 -0.131851 -0.209045
