0 0.199459 0.919787 -0.107240 -1.308450
0 0.199300 0.920661 -0.108017 -1.307290
0 0.200209 0.919692 -0.101503 -1.309670
0 0.201623 0.917168 -0.100319 -1.310242
0 0.201766 0.917064 -0.100308 -1.310628
0 0.201670 0.917079 -0.100285 -1.311521
0 0.199352 0.920168 -0.101555 -1.308851
0 0.199495 0.919505 -0.101358 -1.310863
0 0.196909 0.913314 -0.119510 -1.319226
0 0.200634 0.914906 -0.104695 -1.316234
0 0.198501 0.924341 -0.104169 -1.307685
0 0.198265 0.926275 -0.103649 -1.305929
0 0.118543 0.700785 -0.034335 -0.647776
0 0.117828 0.709139 -0.035735 -0.645873
0 0.118444 0.702230 -0.033940 -0.645531
0 0.118584 0.703788 -0.034273 -0.642602
0 0.198995 0.922344 -0.102761 -1.313127
0 0.198974 0.921166 -0.101900 -1.314545
0 0.199137 0.924323 -0.102006 -1.310074
0 0.118306 0.707856 -0.034260 -0.647250
0 0.201489 0.926405 -0.093525 -1.294688
0 0.201724 0.927519 -0.092597 -1.292520
0 0.118427 0.719167 -0.032385 -0.641638
0 0.115996 0.695709 -0.039688 -0.657359
0 0.118767 0.719081 -0.031093 -0.642431
0 0.116312 0.694083 -0.039079 -0.660563
0 0.118575 0.683771 -0.036065 -0.657799
0 0.118052 0.682521 -0.036809 -0.659672
0 0.118587 0.683742 -0.036224 -0.657069
0 0.199995 0.899686 -0.099107 -1.319286
0 0.147773 0.959372 -0.050611 -1.325602
0 0.119446 0.761651 -0.032441 -0.599706
0 0.119237 0.761619 -0.033369 -0.599085
0 0.146330 0.960125 -0.053294 -1.324539
0 0.199629 0.918791 -0.114076 -1.315716
0 0.199821 0.920978 -0.113749 -1.313445
0 0.199668 0.919236 -0.114231 -1.315693
0 0.119022 0.756279 -0.033959 -0.606748
0 0.150860 0.955570 -0.046922 -1.308299
0 0.196711 0.917268 -0.115864 -1.320810
0 0.152661 0.954953 -0.044741 -1.307348
0 0.117223 0.707166 -0.036529 -0.644162
0 0.117444 0.710030 -0.035632 -0.638887
0 0.157126 0.954743 -0.042044 -1.315646
0 0.157348 0.953839 -0.042371 -1.317874
0 0.157246 0.954040 -0.042247 -1.317086
0 0.117201 0.708608 -0.037171 -0.641985
0 0.189934 0.915132 -0.139224 -1.313971
