0 0.393518 1.050867 -0.269639 0.295932
0 0.393914 1.050045 -0.265542 0.294948
0 0.396276 1.066168 -0.246528 0.324858
0 0.396211 1.070923 -0.248273 0.332063
0 0.285576 1.168232 0.112558 0.763388
0 0.614072 0.515772 -0.838027 -0.467246
0 0.614258 0.517473 -0.838008 -0.465014
0 0.613193 0.516394 -0.839491 -0.466356
0 0.614323 0.518683 -0.843371 -0.461003
0 0.614017 0.518482 -0.843679 -0.461215
0 0.613753 0.522104 -0.842140 -0.459808
0 0.613513 0.522781 -0.842656 -0.460955
0 0.662408 0.644831 -1.145105 -0.793092
0 0.663442 0.645247 -1.143644 -0.789174
0 0.662275 0.644536 -1.145628 -0.793877
0 0.390584 1.038581 -0.275855 0.319052
0 0.662609 0.644557 -1.144316 -0.793326
0 0.392109 1.037916 -0.274967 0.316155
0 0.663227 0.646679 -1.142865 -0.784972
0 0.615077 0.520948 -0.842504 -0.460290
0 0.663575 0.645826 -1.142330 -0.788846
0 0.664278 0.643475 -1.141007 -0.797282
0 0.070354 1.159000 0.051431 0.176784
0 0.664788 0.644470 -1.139228 -0.794207
0 0.614611 0.520723 -0.842492 -0.461519
0 0.663431 0.646728 -1.141433 -0.783247
0 0.389064 1.104119 -0.283492 0.371004
0 0.389557 1.105760 -0.283401 0.371571
0 0.662657 0.644494 -1.146936 -0.796026
0 0.662996 0.643786 -1.147210 -0.797108
0 0.662728 0.644157 -1.146839 -0.796740
0 0.662779 0.648145 -1.142902 -0.772866
0 0.617873 0.520164 -0.835337 -0.458619
0 0.616136 0.524481 -0.832519 -0.456023
0 0.662916 0.646553 -1.142655 -0.776297
0 0.662683 0.646070 -1.143276 -0.777418
0 0.616050 0.517137 -0.829975 -0.464058
0 0.617104 0.523451 -0.834760 -0.458389
0 0.661284 0.645080 -1.149123 -0.794008
0 0.616000 0.516131 -0.830027 -0.465005
0 0.617254 0.516030 -0.827558 -0.465568
0 0.391950 1.037156 -0.286411 0.312617
