0 0.690874 0.493646 -0.976733 -0.165587
0 0.691011 0.492802 -0.976997 -0.166105
0 0.689405 0.491940 -0.978341 -0.167010
0 0.689982 0.497426 -0.978924 -0.159707
0 0.690812 0.498616 -0.977232 -0.158124
0 0.687746 0.496751 -0.981165 -0.159468
0 0.691867 0.488309 -0.974350 -0.184252
0 0.692225 0.487914 -0.973617 -0.185260
0 0.881457 1.255432 0.519343 0.317105
0 0.690801 0.487921 -0.977267 -0.185040
0 0.691845 0.495947 -0.976332 -0.161941
0 0.691677 0.494409 -0.976749 -0.164729
0 0.691002 0.495705 -0.977965 -0.162112
0 0.693236 0.492313 -0.968292 -0.179395
0 0.693346 0.493693 -0.968121 -0.177879
0 0.690876 0.492801 -0.972035 -0.178992
0 0.692183 0.494872 -0.974241 -0.148350
0 0.692197 0.493428 -0.974419 -0.151860
0 0.691525 0.494506 -0.974757 -0.148845
0 0.694619 0.501569 -0.969072 -0.163744
0 0.694316 0.501871 -0.969863 -0.163550
0 0.693817 0.502094 -0.970654 -0.163671
0 0.691521 0.497499 -0.977263 -0.147238
0 0.691711 0.497906 -0.976683 -0.146707
0 0.691170 0.498080 -0.978042 -0.145799
