0 0.255817 0.964853 -0.014677 -0.852087
0 0.256368 0.968086 -0.013925 -0.848899
0 0.255563 0.966464 -0.014569 -0.850866
0 0.253974 0.970149 -0.012732 -0.845119
0 0.254264 0.966876 -0.012491 -0.848401
0 0.253435 0.967822 -0.013883 -0.846624
0 0.255718 0.957084 -0.012133 -0.859125
0 0.256147 0.951142 -0.016568 -0.857636
0 0.256612 0.951645 -0.015987 -0.857613
0 0.761971 0.957230 -0.573245 -0.735094
0 0.763280 0.959244 -0.570945 -0.735467
0 0.256414 0.952436 -0.016023 -0.855299
0 0.762602 0.956860 -0.573086 -0.734931
0 0.256632 0.955514 -0.008691 -0.861900
0 0.760880 0.920467 -0.576180 -0.756027
0 0.760016 0.924465 -0.578438 -0.752986
0 0.760744 0.924179 -0.578858 -0.754472
0 0.761894 0.965277 -0.565600 -0.723945
0 0.761966 0.964746 -0.565861 -0.720783
0 0.762654 0.964156 -0.565387 -0.721138
0 0.257825 0.938810 -0.011018 -0.871079
0 0.254426 0.951886 0.002987 -0.857203
0 0.254720 0.952529 0.004479 -0.856265
