0 0.697411 1.053629 -0.872671 -1.487001
0 0.697150 1.052814 -0.873208 -1.487610
0 0.697295 1.056023 -0.874602 -1.484050
0 0.697027 1.056296 -0.875729 -1.485026
0 0.696291 1.053752 -0.873480 -1.487277
0 0.695621 1.055863 -0.874680 -1.484346
0 0.697413 1.052768 -0.873292 -1.487255
0 0.697816 1.053670 -0.874133 -1.489111
0 0.697601 1.053995 -0.874320 -1.488752
0 0.697124 1.057058 -0.874466 -1.483298
0 0.695668 1.052497 -0.873579 -1.492502
0 0.696534 1.052779 -0.872104 -1.492934
0 0.523273 0.853777 -0.883186 -1.489188
0 0.694636 1.051392 -0.876398 -1.493921
0 0.524002 0.854155 -0.881399 -1.488165
0 0.522547 0.852804 -0.885176 -1.486231
0 0.522750 0.853972 -0.882951 -1.482205
0 0.523024 0.853089 -0.884443 -1.484897
0 0.522959 0.854103 -0.882513 -1.481881
0 0.522985 0.854956 -0.884195 -1.484963
0 0.523108 0.855594 -0.881947 -1.478486
0 0.521545 0.851898 -0.887633 -1.491534
0 0.522741 0.858770 -0.881188 -1.482639
0 0.521718 0.851404 -0.887159 -1.492220
0 0.523379 0.853531 -0.886840 -1.490796
0 0.523436 0.854136 -0.883741 -1.482308
0 0.521048 0.854241 -0.885370 -1.483026
0 0.520380 0.853955 -0.885968 -1.483202
0 0.519381 0.852171 -0.890966 -1.491685
0 0.519891 0.846617 -0.888161 -1.492897
0 0.522166 0.853571 -0.886590 -1.488617
0 0.696092 1.056340 -0.870355 -1.486474
0 0.695744 1.054199 -0.871184 -1.490545
0 0.520085 0.847190 -0.888144 -1.491814
0 0.699649 1.050770 -0.868201 -1.483585
0 0.700003 1.053226 -0.867811 -1.480850
