0 0.698425 0.643387 -0.937518 -0.600605
0 0.697698 0.641039 -0.938509 -0.604665
0 0.697477 0.639275 -0.938649 -0.607635
0 0.697433 0.638742 -0.938531 -0.607648
0 0.696320 0.638633 -0.940382 -0.606712
0 0.697641 0.637753 -0.938736 -0.607993
0 0.697233 0.637656 -0.939500 -0.608053
0 0.695657 0.637582 -0.940709 -0.607203
0 0.490657 0.653746 -0.841743 -0.531485
0 0.490465 0.654525 -0.842042 -0.530320
0 0.695733 0.646521 -0.946366 -0.597860
0 0.695933 0.647588 -0.946941 -0.594643
0 0.694352 0.648451 -0.949637 -0.592556
0 0.490836 0.655324 -0.841346 -0.528162
0 0.699089 0.639162 -0.936225 -0.604784
0 0.698744 0.638822 -0.936775 -0.605503
0 0.492147 0.662266 -0.835289 -0.526498
0 0.489208 0.649504 -0.843963 -0.539777
0 0.491670 0.658841 -0.838617 -0.535302
0 0.489433 0.651033 -0.843624 -0.536844
0 0.489256 0.650861 -0.844042 -0.536478
0 0.698546 0.641607 -0.935807 -0.603685
0 0.493583 0.655248 -0.836685 -0.535295
0 0.795171 1.272545 0.539768 -0.003156
0 0.821203 1.277561 0.589923 0.004184
0 0.697959 0.637965 -0.937599 -0.607332
0 0.636061 0.731833 -0.169998 -0.039788
0 0.635837 0.733468 -0.169485 -0.036314
0 0.637542 0.732430 -0.166897 -0.039288
0 0.744459 1.259925 0.488273 -0.045586
0 0.698864 0.643918 -0.931557 -0.600514
0 0.697779 0.641039 -0.933589 -0.605698
0 0.766012 1.264241 0.550654 -0.039470
0 0.489238 0.659576 -0.839107 -0.524809
0 0.639627 0.739752 -0.149225 -0.027604
0 0.637392 0.741060 -0.154664 -0.022597
0 0.630402 0.759185 -0.176775 0.000441
0 0.489208 0.658518 -0.838895 -0.529898
0 0.806342 1.281805 0.552577 0.067534
0 0.640229 0.743565 -0.147495 -0.025100
0 0.629336 0.757927 -0.178733 -0.002266
0 0.548751 0.498679 -0.947371 -0.753931
0 0.630568 0.757276 -0.174975 -0.002346
0 0.548774 0.488906 -0.949586 -0.760806
0 0.553841 0.493997 -0.944815 -0.760560
0 0.488827 0.660439 -0.839895 -0.525093
0 0.701155 0.642014 -0.940605 -0.600385
0 0.549289 0.498769 -0.946945 -0.754057
0 0.695681 0.643208 -0.937019 -0.602123
0 0.555424 0.496020 -0.946129 -0.758358
0 0.549339 0.499409 -0.946732 -0.751786
0 0.544950 0.496937 -0.951593 -0.751968
0 0.700610 0.639507 -0.941554 -0.604346
0 0.544670 0.496584 -0.951901 -0.753030
0 0.555953 0.495669 -0.945131 -0.758960
0 0.555980 0.496397 -0.945310 -0.755824
0 0.491617 0.655732 -0.846233 -0.526955
0 0.697706 0.640727 -0.947028 -0.603087
0 0.491836 0.656388 -0.845303 -0.526865
0 0.491762 0.656920 -0.846095 -0.525224
0 0.496511 0.664412 -0.826524 -0.521255
0 0.554004 0.495462 -0.952104 -0.756105
