0 0.606141 0.864587 -1.043623 -0.675682
0 0.605841 0.868563 -1.042709 -0.666088
0 0.604922 0.865351 -1.044427 -0.672697
0 0.604769 0.861989 -1.046361 -0.673821
0 0.605199 0.867386 -1.045443 -0.665878
0 0.608200 0.864372 -1.039590 -0.676766
0 0.603628 0.866185 -1.046705 -0.666526
0 0.604627 0.856950 -1.046506 -0.687270
0 0.604580 0.857791 -1.044687 -0.683757
0 0.604322 0.870358 -1.045510 -0.677544
0 0.604441 0.867046 -1.046049 -0.666562
0 0.602995 0.872292 -1.048174 -0.665939
0 0.602508 0.876158 -1.049793 -0.660144
0 0.604159 0.861897 -1.045881 -0.666985
0 0.604601 0.862300 -1.044224 -0.670835
0 0.606892 0.871934 -1.040611 -0.674614
0 0.606735 0.855470 -1.039648 -0.674881
0 0.604057 0.852489 -1.045572 -0.679494
0 0.602904 0.862497 -1.048849 -0.687115
0 0.503556 0.712196 -0.755040 -0.817729
0 0.505023 0.711419 -0.753463 -0.818395
0 0.608556 0.857790 -1.036302 -0.670715
0 0.506633 0.708698 -0.755883 -0.822940
