0 0.128319 0.344386 0.001659 0.227870
0 0.590048 0.379395 -0.908363 0.210567
0 0.590294 0.381977 -0.908322 0.215375
0 0.649650 0.416080 -1.023665 0.277202
0 0.591930 0.386704 -0.904894 0.237983
0 0.591923 0.386012 -0.904494 0.236198
0 0.064011 0.372361 0.042591 0.245272
0 0.650587 0.417496 -1.022146 0.280263
0 0.129334 0.350848 0.008543 0.234742
0 0.129155 0.351319 0.002318 0.247905
0 0.129258 0.344836 -0.001399 0.236980
0 0.129560 0.342520 -0.000816 0.231377
0 0.592966 0.384727 -0.908849 0.235404
0 0.592942 0.385315 -0.908947 0.236873
0 0.649871 0.407545 -1.027323 0.271039
0 0.649653 0.405345 -1.028293 0.267828
0 0.651464 0.404903 -1.026600 0.269999
0 0.650830 0.408654 -1.008933 0.275516
0 0.648132 0.404675 -1.023236 0.271295
0 0.598559 0.384775 -0.902820 0.222825
0 0.649706 0.410632 -1.010853 0.277932
0 0.598273 0.383060 -0.903053 0.220984
0 0.129165 0.339054 -0.001790 0.230446
0 0.588778 0.383680 -0.904140 0.231123
0 0.130143 0.360599 0.000815 0.246870
0 0.648110 0.403608 -1.023583 0.269055
0 0.651392 0.404509 -1.026498 0.268288
0 0.587947 0.383711 -0.905468 0.229514
0 0.129648 0.326654 -0.002336 0.221507
0 0.130135 0.328043 -0.001389 0.222688
0 0.129989 0.321639 -0.001796 0.215175
0 0.128051 0.331597 0.000073 0.226029
0 0.962634 1.203195 0.594254 0.817752
0 0.649069 0.397358 -1.028594 0.274903
0 0.580741 0.386068 -0.903497 0.222353
0 0.132519 0.366584 0.023356 0.242399
0 0.647549 0.399641 -1.030987 0.275298
0 0.581840 0.388089 -0.901682 0.226774
0 0.588869 0.368889 -0.910362 0.193617
0 0.129583 0.377474 0.000336 0.255002
0 0.129520 0.373441 -0.000360 0.247390
0 0.592748 0.387659 -0.901028 0.245321
0 0.589729 0.381555 -0.907093 0.192854
0 0.592459 0.386127 -0.901981 0.240124
0 0.589073 0.384446 -0.908011 0.197752
0 0.537083 0.328281 -0.850150 0.213137
