0 0.824649 0.475099 -1.254555 -0.513875
0 0.824310 0.473840 -1.256180 -0.516424
0 0.824160 0.474256 -1.255560 -0.514777
0 0.825180 0.476290 -1.254677 -0.509674
0 0.825868 0.474052 -1.252422 -0.516115
0 0.826868 0.473491 -1.251338 -0.517223
0 0.826579 0.475082 -1.249228 -0.514714
0 0.826579 0.474552 -1.252278 -0.516031
0 0.827383 0.474592 -1.248112 -0.515790
0 0.826961 0.476259 -1.249064 -0.513859
0 0.825431 0.473962 -1.253176 -0.521813
0 0.826983 0.474567 -1.250211 -0.520317
0 0.826699 0.473912 -1.251375 -0.521597
0 0.824028 0.472887 -1.263806 -0.515683
0 1.225373 0.610433 0.702185 0.370226
0 0.821955 0.475048 -1.252710 -0.524526
0 0.823313 0.476182 -1.250287 -0.522634
0 0.822533 0.475289 -1.251466 -0.523598
0 0.824701 0.475225 -1.262114 -0.511628
