0 0.878348 1.016607 0.190430 -0.382876
0 0.881579 1.018537 0.199133 -0.384824
0 0.884274 0.842511 0.207434 -0.283332
0 0.880582 0.843377 0.200584 -0.282731
0 0.884199 0.763300 0.218652 -0.326329
0 0.885717 0.774019 0.226155 -0.311539
0 0.537172 0.498630 0.196868 -0.252018
0 0.538355 0.498588 0.198630 -0.254418
0 0.538071 0.499094 0.197254 -0.252306
0 0.885401 1.027905 0.202872 -0.159704
0 0.666101 0.927009 0.038268 -1.124146
0 0.667185 0.928425 0.040121 -1.124596
0 0.879364 1.030576 0.192102 -0.150476
0 0.892958 0.754655 0.315336 -0.080841
0 0.668921 0.929136 0.043177 -1.121675
0 0.896414 0.760711 0.332324 -0.061947
0 0.875407 0.976029 0.177092 -0.594926
0 0.879745 0.979568 0.185591 -0.587791
0 0.896586 0.694407 0.357426 -0.105860
0 0.898179 0.694653 0.356569 -0.106478
