0 0.554861 0.712289 -0.613807 0.187785
0 0.554671 0.709523 -0.613632 0.184910
0 0.556798 0.714686 -0.610038 0.195582
0 0.654324 1.029249 -0.433341 0.043438
0 0.654614 1.032159 -0.434495 0.050903
0 0.655517 1.042017 -0.419161 0.037674
0 0.657128 1.045949 -0.418733 0.046668
0 0.549865 0.712094 -0.657430 0.180454
0 0.548588 0.714170 -0.663294 0.186719
0 0.554185 0.676938 -0.590227 0.031474
0 0.546853 0.690170 -0.626268 0.158623
0 0.546946 0.685050 -0.626562 0.148550
0 0.548165 0.689176 -0.622532 0.155528
0 0.574730 0.700930 -0.577594 0.096901
0 0.558133 0.718294 -0.578950 0.178861
0 0.555088 0.712370 -0.635890 0.179432
0 0.559028 0.718107 -0.577224 0.174419
0 0.559258 0.717954 -0.577214 0.177185
0 0.575531 0.703196 -0.576658 0.099954
0 0.574705 0.711714 -0.576627 0.119498
0 0.560432 0.672685 -0.618603 0.050680
0 0.651195 1.019772 -0.456561 0.059608
0 0.651168 1.023823 -0.455242 0.068180
0 0.547430 0.655667 -0.654438 0.074773
0 0.658874 1.039081 -0.384516 -0.002430
0 0.658628 1.039822 -0.386660 0.002480
