0 0.493091 0.658779 -0.398789 -0.632129
0 0.492970 0.658861 -0.399301 -0.632901
0 0.492872 0.659275 -0.400256 -0.631524
0 0.499303 0.650997 -0.375723 -0.644052
0 0.495095 0.654758 -0.394236 -0.635947
0 0.495242 0.654994 -0.394801 -0.639728
0 0.498933 0.653015 -0.376554 -0.639218
0 0.495620 0.655722 -0.393258 -0.634321
0 0.495673 0.660925 -0.393159 -0.636646
0 0.493863 0.660251 -0.397255 -0.638323
0 0.494953 0.660096 -0.398273 -0.639105
0 0.501073 0.633959 -0.372693 -0.648629
0 0.501293 0.634339 -0.372531 -0.646462
