0 0.832231 1.021629 -0.526700 0.535917
0 0.835697 1.018559 -0.518844 0.527765
0 0.830703 1.018845 -0.529872 0.523420
0 0.834388 1.018386 -0.542335 0.528176
0 0.833761 1.026878 -0.543009 0.545959
0 0.831774 1.021134 -0.544446 0.532158
0 1.028657 2.010672 0.014960 0.984201
0 1.020579 1.988896 0.036043 0.974140
0 0.805851 0.965171 -0.561570 0.498646
0 0.806473 0.964094 -0.562081 0.504972
0 0.811784 0.999574 -0.548252 0.516427
0 1.000188 1.927877 -0.023980 1.018205
0 0.809213 0.963421 -0.556597 0.505737
0 1.000525 1.923636 -0.021643 1.014658
0 1.057793 1.987662 0.063107 0.811836
0 0.814984 0.958004 -0.569930 0.505542
0 0.816263 0.962439 -0.569375 0.502433
0 0.818645 0.956949 -0.565931 0.502707
0 1.008526 1.904735 0.016469 0.651241
