0 0.673069 0.540607 -0.613655 -0.327846
0 0.672972 0.540444 -0.614606 -0.327216
0 0.668456 0.544585 -0.629096 -0.321134
0 0.668838 0.542578 -0.628742 -0.325290
0 0.672321 0.541148 -0.617688 -0.326379
0 0.668129 0.543606 -0.631699 -0.324838
0 0.652658 0.592089 -0.657414 -0.473220
0 0.652377 0.590813 -0.657651 -0.475091
0 0.676502 0.548343 -0.616286 -0.312887
0 0.655807 0.586684 -0.655599 -0.492843
0 0.656286 0.587062 -0.654846 -0.491010
0 0.656605 0.590820 -0.650476 -0.475436
0 0.673515 0.536729 -0.627407 -0.324466
0 0.662108 0.587366 -0.648875 -0.489901
0 0.643586 0.585245 -0.656801 -0.479531
0 0.643176 0.586484 -0.658488 -0.477716
0 0.677248 0.533377 -0.604830 -0.329209
0 0.637313 0.582218 -0.672028 -0.485097
0 0.677098 0.533103 -0.605628 -0.327589
0 0.677138 0.533631 -0.604742 -0.325693
0 0.635624 0.579704 -0.674133 -0.491636
0 0.639462 0.579067 -0.670940 -0.507688
0 0.650321 0.585075 -0.645539 -0.479886
0 0.639781 0.577565 -0.670218 -0.513732
0 0.637809 0.579668 -0.672441 -0.507761
0 0.628388 0.577970 -0.677955 -0.494864
0 0.664355 0.546417 -0.642767 -0.318598
0 0.644413 0.586727 -0.656611 -0.497586
0 0.644089 0.586841 -0.656331 -0.496119
0 0.628117 0.578964 -0.679563 -0.491001
0 0.638030 0.577678 -0.670799 -0.499629
0 0.630816 0.581940 -0.672254 -0.508165
0 0.631071 0.583274 -0.670870 -0.507507
0 0.670955 0.556427 -0.618087 -0.321257
0 0.670543 0.557076 -0.619064 -0.320286
0 0.665713 0.535442 -0.641881 -0.324644
0 0.670728 0.556868 -0.619005 -0.319154
0 0.667910 0.540242 -0.654528 -0.314710
0 0.631034 0.581317 -0.671683 -0.512387
0 0.654051 0.586967 -0.641087 -0.495124
0 0.628563 0.577645 -0.678532 -0.499869
0 0.664422 0.535763 -0.660459 -0.321762
