0 0.900096 1.235542 0.584399 0.787850
0 0.683925 1.240889 -1.014920 0.870877
0 0.683482 1.126582 -1.015961 0.747636
0 0.501715 0.250021 -0.683750 0.167077
0 0.500928 0.250394 -0.684412 0.167844
0 0.501682 0.250194 -0.683855 0.167833
0 0.507327 0.248087 -0.679201 0.161603
0 0.505443 0.258488 -0.679892 0.176179
0 0.508147 0.247600 -0.678072 0.160874
0 0.508255 0.257343 -0.678309 0.173862
0 0.509080 0.257586 -0.677666 0.173278
0 0.505214 0.258327 -0.680417 0.175839
0 0.502936 0.258950 -0.682220 0.176313
0 0.359263 0.403951 -0.011424 0.278548
0 0.359135 0.398843 -0.012535 0.268389
0 0.360038 0.405045 -0.010055 0.275823
0 0.492088 0.248312 -0.657068 0.163856
0 0.487085 0.248478 -0.661436 0.164341
