0 0.415818 0.335661 -0.489055 -0.201709
0 0.415969 0.335569 -0.488443 -0.203110
0 0.415940 0.335627 -0.488896 -0.201100
0 0.188415 0.355200 -0.103142 -0.149064
0 0.188577 0.354954 -0.102950 -0.149089
0 0.416245 0.336056 -0.489501 -0.200866
0 0.187432 0.357653 -0.105686 -0.147359
0 0.416222 0.335332 -0.489779 -0.202390
0 0.186893 0.357154 -0.105971 -0.146196
0 0.416907 0.340702 -0.481476 -0.191166
0 0.417561 0.340949 -0.480670 -0.191748
0 0.186234 0.357525 -0.107718 -0.147188
0 0.185989 0.356993 -0.107787 -0.146979
0 0.186506 0.358429 -0.106993 -0.146216
0 0.185857 0.357192 -0.108417 -0.146068
0 0.417502 0.340840 -0.481323 -0.191273
0 0.414572 0.340107 -0.493751 -0.207775
0 0.415225 0.323430 -0.484668 -0.222411
0 0.522570 0.358872 -0.599095 -0.178921
0 0.415772 0.328782 -0.483084 -0.211236
0 0.187969 0.357753 -0.105695 -0.147518
0 0.522399 0.359658 -0.599419 -0.179980
0 0.188075 0.357835 -0.105646 -0.146559
0 0.411665 0.342351 -0.484441 -0.201447
0 0.102022 0.381773 0.070295 -0.129166
0 0.105565 0.380161 0.072161 -0.142702
0 0.100860 0.382508 0.068354 -0.128008
0 0.102012 0.382273 0.070092 -0.129408
0 0.106252 0.379834 0.072977 -0.142985
0 0.109991 0.383456 0.073714 -0.120622
0 0.114784 0.384421 0.073415 -0.113351
0 0.743939 1.360847 -0.402509 0.448078
0 0.105649 0.380127 0.072150 -0.140921
0 0.110528 0.383919 0.074139 -0.122154
0 0.741823 1.365345 -0.408635 0.457437
0 0.524914 0.358609 -0.598174 -0.182882
0 0.115367 0.384153 0.074227 -0.113669
0 0.522183 0.356282 -0.605484 -0.177355
0 0.524885 0.355150 -0.598387 -0.188080
0 0.522103 0.356598 -0.607339 -0.178343
0 0.416274 0.337830 -0.491081 -0.205439
0 0.416556 0.337696 -0.490193 -0.205395
0 0.523414 0.362562 -0.597633 -0.173624
0 0.522939 0.374548 -0.590462 -0.160892
0 0.523167 0.373671 -0.590002 -0.161897
0 0.415565 0.334183 -0.494019 -0.213517
0 0.417227 0.333913 -0.490875 -0.214195
0 0.417286 0.334375 -0.490913 -0.212504
0 0.524098 0.378846 -0.588333 -0.155731
0 0.522308 0.356237 -0.604307 -0.187679
0 0.522284 0.362789 -0.601036 -0.172323
0 0.106032 0.391226 0.070199 -0.122210
0 0.105681 0.390602 0.069725 -0.122833
0 0.187645 0.352936 -0.103259 -0.146950
0 0.188323 0.354417 -0.101886 -0.144666
0 0.523073 0.355310 -0.602085 -0.173412
0 0.523569 0.354118 -0.601494 -0.175002
0 0.739834 1.369671 -0.441532 0.473863
0 0.410914 0.341578 -0.482724 -0.184124
0 0.119121 0.302455 0.071098 -0.155327
0 0.741224 1.365458 -0.438511 0.462810
0 0.118321 0.375548 0.081001 -0.117313
0 0.118586 0.377593 0.080383 -0.112417
0 0.118639 0.377853 0.081335 -0.111362
0 0.413612 0.340216 -0.491205 -0.186707
0 0.118621 0.311012 0.070794 -0.149570
0 0.501667 1.328438 -0.087833 0.389949
0 0.515094 1.324628 -0.052617 0.288787
0 0.501633 1.330916 -0.087749 0.392131
0 0.515265 1.324262 -0.050650 0.289371
0 0.520762 0.353515 -0.607566 -0.175460
0 0.121210 0.298725 0.077043 -0.163577
0 0.120394 0.296469 0.074607 -0.164391
0 0.121571 0.295400 0.077814 -0.166140
0 0.419709 0.982169 -0.225140 0.529735
0 0.413072 0.343321 -0.459768 -0.198073
0 0.522243 0.354744 -0.609548 -0.183009
0 0.522238 0.353485 -0.609183 -0.184944
0 0.120751 0.297534 0.060969 -0.164939
0 0.189515 0.363951 -0.100051 -0.146075
0 0.120297 0.296847 0.058771 -0.164277
0 0.120941 0.297097 0.061730 -0.164232
0 0.189422 0.363408 -0.100005 -0.147322
0 0.425749 0.978951 -0.211623 0.517676
0 0.517610 0.354256 -0.621678 -0.183712
0 0.280446 0.288732 -0.374645 -0.239900
0 0.762166 1.352991 -0.246152 0.446496
0 0.739641 1.368073 -0.405017 0.479434
0 0.738007 1.365557 -0.413336 0.471319
0 0.415704 0.338605 -0.507704 -0.213379
0 0.763732 1.358354 -0.243649 0.457195
0 0.117053 0.298634 0.035116 -0.165392
0 0.280658 0.299005 -0.370779 -0.215608
0 0.403962 0.984326 -0.197775 0.550646
