0 0.949938 0.536370 -0.897394 0.009582
0 0.952742 0.535070 -0.889198 0.008972
0 0.950747 0.535947 -0.895092 0.007909
0 0.954541 0.542041 -0.882587 0.016033
0 0.956012 0.545330 -0.880606 0.017658
0 0.959447 0.541894 -0.871644 0.015834
0 0.953387 0.551606 -0.867342 0.009438
0 0.951868 0.551174 -0.868559 0.006692
0 0.952360 0.552467 -0.865336 0.011643
0 0.951653 0.555280 -0.894410 0.025961
0 1.209110 0.647338 0.166416 -0.073805
0 1.204347 0.647874 0.159394 -0.072751
0 1.201767 0.647019 0.156048 -0.074468
0 0.956287 0.535562 -0.870569 0.011150
0 0.954008 0.531561 -0.872970 0.009233
0 0.953263 0.531608 -0.876307 0.008312
0 0.953140 0.522343 -0.889836 -0.011356
0 1.242000 0.662546 0.185164 -0.061528
0 1.237409 0.671041 0.226669 0.003914
0 1.239778 0.664480 0.178070 -0.055076
