0 0.528049 1.082558 -0.578619 -0.114818
0 0.528132 1.084161 -0.579571 -0.115346
0 0.497072 0.956169 0.336599 -1.049448
0 0.496251 0.955751 0.334880 -1.051752
0 0.495256 0.955278 0.331854 -1.053940
0 0.530153 1.092817 -0.575737 -0.101631
0 0.529439 1.094439 -0.575758 -0.100917
0 0.673484 0.996039 -0.643971 -0.797110
0 0.672702 0.996460 -0.645247 -0.798549
0 0.672083 0.995747 -0.646517 -0.795838
0 0.495208 0.955532 0.324556 -1.075382
0 0.492068 0.953829 0.317573 -1.080082
0 0.396376 1.086396 0.083228 -0.279098
0 0.396265 1.084406 0.086204 -0.283614
0 0.493439 0.952668 0.319033 -1.081838
0 0.668001 0.999505 -0.685602 -0.780544
0 0.515088 0.984330 0.350439 -0.890147
0 0.512378 0.984942 0.349387 -0.885622
0 0.510790 0.987753 0.346524 -0.878641
0 0.676265 0.991996 -0.622530 -0.795063
0 0.676758 0.992911 -0.622771 -0.792707
0 0.677498 0.994767 -0.625015 -0.788627
0 0.386592 1.051060 0.058522 -0.264077
0 0.395323 1.077670 0.086289 -0.299599
0 0.385802 1.052537 0.057734 -0.260270
0 0.531061 1.092572 -0.582845 -0.049593
0 0.706043 0.999039 -0.480230 -0.777129
0 0.705396 1.000049 -0.479580 -0.773157
0 0.401330 1.097577 0.162248 -0.256861
0 0.399974 1.098568 0.158157 -0.255381
0 0.708511 0.997563 -0.476393 -0.780556
0 0.491843 0.945263 0.322867 -1.110957
0 0.491457 0.945697 0.319890 -1.109125
0 0.492634 0.945192 0.324903 -1.111190
0 0.525446 1.081579 -0.579724 -0.091860
0 0.526233 1.083456 -0.577656 -0.086961
0 0.668801 1.002064 -0.697390 -0.773310
0 0.409912 1.053690 0.119907 -0.457872
0 0.402914 1.080711 0.057976 -0.280422
0 0.403886 1.079124 0.061271 -0.282704
0 0.407878 1.054872 0.116404 -0.453673
0 0.414522 1.050278 0.131147 -0.464938
0 0.383977 1.032965 0.055931 -0.278592
0 0.405070 0.950483 -0.362271 -0.768234
0 0.659951 0.991891 -0.713653 -0.811391
0 0.406613 0.952893 -0.353197 -0.777303
0 0.407095 0.953274 -0.351241 -0.776541
