0 0.578174 0.495711 -0.941570 -0.806936
0 0.577901 0.493785 -0.941472 -0.809868
0 0.578851 0.497189 -0.938643 -0.808685
0 0.577461 0.494033 -0.942359 -0.809520
0 0.578734 0.497418 -0.938947 -0.807677
0 0.710316 0.807030 0.493257 -0.033745
0 0.708534 0.805149 0.490999 -0.036052
0 0.578639 0.496282 -0.939209 -0.809690
0 0.577852 0.495442 -0.941570 -0.807547
0 0.578981 0.498287 -0.938473 -0.806805
0 0.578175 0.496217 -0.940027 -0.810360
0 0.577721 0.496680 -0.945287 -0.812424
0 0.575592 0.496654 -0.943498 -0.811307
0 0.578773 0.493633 -0.938579 -0.807431
0 0.577219 0.496924 -0.946274 -0.811531
0 0.578469 0.493709 -0.938732 -0.807545
0 0.590452 0.500733 -0.869182 -0.779894
0 0.577437 0.497825 -0.945877 -0.810427
0 0.523771 0.520468 -0.861601 -0.723875
0 0.526346 0.523566 -0.859222 -0.711931
0 0.526207 0.523348 -0.859535 -0.712669
0 0.526184 0.523095 -0.859552 -0.713311
0 0.582047 0.494685 -0.928145 -0.792882
