0 0.184127 0.396899 -0.307447 -0.542847
0 0.185045 0.395532 -0.306393 -0.545114
0 0.183396 0.400997 -0.312384 -0.537542
0 0.184017 0.399615 -0.310209 -0.539900
0 0.184924 0.396080 -0.305870 -0.543938
0 0.147953 0.412186 -0.229432 -0.554061
0 0.148443 0.408627 -0.228521 -0.559698
0 0.148147 0.411989 -0.229113 -0.554604
0 0.183996 0.394475 -0.308826 -0.546288
0 0.148891 0.408904 -0.227739 -0.558615
0 0.185184 0.395732 -0.306546 -0.542921
0 0.148771 0.409774 -0.226913 -0.562281
0 0.148814 0.412271 -0.229961 -0.557748
0 0.148514 0.411349 -0.230398 -0.559444
0 0.105262 0.421003 -0.138214 -0.583058
0 0.149042 0.410882 -0.226858 -0.560524
0 0.149194 0.409934 -0.227144 -0.557178
0 0.149285 0.410822 -0.226391 -0.560431
0 0.584269 1.063099 -0.333657 -0.487973
0 0.184267 0.398552 -0.310053 -0.542102
0 0.105784 0.421189 -0.136408 -0.582668
0 0.148802 0.413331 -0.230027 -0.556360
0 0.583049 1.064126 -0.337061 -0.486149
0 0.779599 1.061747 0.321417 -0.487988
0 0.670109 1.060963 -0.672590 -0.387151
0 0.669231 1.061428 -0.673783 -0.389568
0 0.186630 0.396009 -0.304813 -0.541495
0 0.590850 1.060146 -0.371479 -0.498969
0 0.772632 1.062348 0.309344 -0.485682
0 0.584902 1.063887 -0.333124 -0.487617
0 0.668737 1.059858 -0.674864 -0.389391
0 0.591793 1.062279 -0.368249 -0.494430
0 0.695582 1.064748 0.281040 -0.472584
0 0.590857 1.062770 -0.371786 -0.494559
0 0.703226 1.064698 0.297190 -0.472252
0 0.847125 1.064248 0.376014 -0.476013
0 0.187136 0.396372 -0.304263 -0.542474
0 0.847521 1.067540 0.379408 -0.470559
0 0.844087 1.055776 0.356009 -0.453520
0 0.861303 1.057895 0.389622 -0.451611
0 0.201884 0.383088 -0.351085 -0.589370
0 0.672742 1.062809 0.241796 -0.477326
0 0.104058 0.420934 -0.139018 -0.586826
0 0.202078 0.383600 -0.350625 -0.588275
0 0.186189 0.396127 -0.304372 -0.542866
0 0.706625 1.061439 0.312314 -0.443245
0 0.147491 0.409410 -0.229953 -0.561394
0 0.799079 1.054785 0.366736 -0.464485
0 0.201891 0.383445 -0.351374 -0.588914
0 0.185756 0.394182 -0.305587 -0.545413
0 0.720289 1.062713 0.342928 -0.441950
0 0.375977 1.064536 0.029646 -0.389302
0 0.104629 0.421189 -0.138649 -0.586076
0 0.374104 1.062738 0.026403 -0.393324
0 0.800363 1.055393 0.372631 -0.464531
0 0.716832 1.060276 0.206790 -0.491533
0 0.105313 0.418985 -0.137844 -0.587996
0 0.379785 1.064415 0.037986 -0.385113
0 0.578046 1.036485 -0.410355 -0.521687
0 0.577719 1.033837 -0.410954 -0.527178
0 0.149568 0.410576 -0.226725 -0.558194
0 0.105232 0.421229 -0.136519 -0.580851
0 0.186303 0.397352 -0.304553 -0.541586
0 0.579313 1.038711 -0.408823 -0.519258
0 0.186421 0.397981 -0.304577 -0.540180
0 0.149471 0.410496 -0.226633 -0.558322
0 0.105089 0.422934 -0.136256 -0.578765
0 0.702619 1.068469 -0.473845 -0.378782
0 0.700250 1.068966 -0.478657 -0.377313
0 0.420936 1.051926 0.012644 -0.498220
0 0.106590 0.419687 -0.136513 -0.586680
0 0.319843 1.053401 0.108934 -0.404704
0 0.106605 0.419375 -0.136079 -0.586956
0 0.106466 0.421045 -0.136951 -0.584318
0 0.421923 1.052255 0.017133 -0.495523
0 0.317665 1.052741 0.102575 -0.405504
0 0.419741 1.052359 0.009155 -0.502315
0 0.703401 1.067988 -0.473801 -0.382623
0 0.106768 0.419771 -0.135567 -0.587551
0 0.105154 0.422065 -0.136336 -0.580034
0 0.319388 1.053210 0.109744 -0.401892
0 0.391352 1.062158 -0.023668 -0.413012
0 0.600258 1.057281 0.174063 -0.499439
0 0.613539 1.057077 0.199159 -0.496688
0 0.106579 0.420614 -0.136948 -0.585630
0 0.661397 1.066463 -0.669611 -0.400217
0 0.106944 0.419695 -0.135883 -0.588822
0 0.657084 1.066247 0.222706 -0.438784
0 0.393494 1.062078 -0.020962 -0.413287
0 0.231586 0.618166 -0.119337 -0.718995
0 0.662637 1.059622 -0.733779 -0.391563
0 0.231153 0.617682 -0.121067 -0.719648
0 0.661443 1.058241 -0.737234 -0.393691
0 0.231730 0.618066 -0.119500 -0.719053
0 0.394964 1.067868 -0.015426 -0.402953
0 0.662722 1.065630 -0.666985 -0.401918
0 0.230938 0.626447 -0.121515 -0.711824
0 0.149897 0.414078 -0.225151 -0.558885
0 0.598021 1.056760 0.173622 -0.495900
0 0.661508 1.060765 -0.735652 -0.390863
0 0.231494 0.626918 -0.120296 -0.710450
0 0.231418 0.624826 -0.119945 -0.714245
0 0.149841 0.414322 -0.225308 -0.558114
0 0.660675 1.065609 -0.670836 -0.401310
0 0.104429 0.419058 -0.139089 -0.589692
