0 0.490642 0.647130 -0.210950 -0.555291
0 0.490066 0.647579 -0.212078 -0.554200
0 0.490184 0.647950 -0.211462 -0.552352
0 0.488075 0.649661 -0.216385 -0.557164
0 0.487804 0.649690 -0.218605 -0.557306
0 0.488045 0.649475 -0.216957 -0.557457
0 0.495090 0.644989 -0.215979 -0.562565
0 0.494909 0.646044 -0.217267 -0.558223
0 0.490686 0.650183 -0.211597 -0.548224
0 0.489869 0.650263 -0.212988 -0.546837
0 0.491097 0.649826 -0.210273 -0.548978
0 0.488530 0.645894 -0.225208 -0.555698
0 0.488130 0.647430 -0.225054 -0.550670
0 0.631657 0.682468 -1.141577 -1.132657
0 0.632082 0.682253 -1.141938 -1.131140
0 0.631492 0.682141 -1.142660 -1.133289
0 0.631447 0.681789 -1.142928 -1.132177
0 0.631315 0.682248 -1.142771 -1.133395
0 0.630302 0.680812 -1.149074 -1.130891
0 0.631539 0.682643 -1.142928 -1.131102
0 0.630252 0.681041 -1.149589 -1.130609
0 0.489765 0.644821 -0.223346 -0.566346
0 0.489842 0.646196 -0.224194 -0.563933
0 0.630472 0.679762 -1.151903 -1.133588
0 0.631117 0.679895 -1.150466 -1.133155
0 0.631181 0.679467 -1.150211 -1.133519
0 0.628213 0.681295 -1.143953 -1.129907
0 0.628246 0.680671 -1.142851 -1.130931
0 0.629955 0.681162 -1.150314 -1.129612
0 0.635768 0.682608 -1.138698 -1.132071
0 0.206075 0.097129 0.122954 0.063780
0 0.215484 0.121001 0.135417 0.081100
0 0.637172 0.680699 -1.133996 -1.137818
