0 0.557874 0.398467 -0.904960 -0.426793
0 0.558257 0.398575 -0.904297 -0.426156
0 0.557040 0.397147 -0.903627 -0.430058
0 0.557081 0.399222 -0.907866 -0.423970
0 0.474287 0.460231 -0.688126 -0.462151
0 0.557117 0.399694 -0.907737 -0.422463
0 0.557252 0.399460 -0.907513 -0.423220
0 0.556982 0.397102 -0.903369 -0.430003
0 0.473625 0.459312 -0.685813 -0.464574
0 0.473736 0.459541 -0.685278 -0.462832
0 0.473493 0.459923 -0.689889 -0.463060
0 0.473657 0.460918 -0.689517 -0.460303
0 0.321517 0.485191 -0.391510 -0.503665
0 0.321256 0.485711 -0.391813 -0.503435
0 0.557544 0.401602 -0.906565 -0.420994
0 0.320747 0.484823 -0.393503 -0.502616
0 0.320227 0.484288 -0.394992 -0.503849
0 0.320212 0.485116 -0.394899 -0.501928
0 0.323071 0.484672 -0.391028 -0.503039
0 0.557783 0.401523 -0.906078 -0.421315
0 0.322915 0.484305 -0.391472 -0.503125
0 0.475264 0.459081 -0.684775 -0.461696
0 0.473876 0.459440 -0.687844 -0.461571
0 0.474048 0.459337 -0.687430 -0.462093
0 0.556972 0.397700 -0.907733 -0.425349
0 0.558136 0.399762 -0.906234 -0.425659
0 0.557714 0.397748 -0.906453 -0.425350
0 0.426385 0.343726 -0.686194 -0.397295
0 0.557598 0.400198 -0.906942 -0.424820
0 0.556924 0.397172 -0.907835 -0.427344
0 0.318864 0.487815 -0.394819 -0.502133
0 0.318117 0.488083 -0.396311 -0.501432
0 0.378115 0.647756 -0.564017 -0.594843
0 0.377921 0.647853 -0.561043 -0.588462
0 0.318199 0.487450 -0.396071 -0.502825
0 0.377250 0.649551 -0.564621 -0.587112
0 0.476498 0.463566 -0.673652 -0.458782
0 0.377842 0.645079 -0.562128 -0.594560
0 0.472863 0.461961 -0.686754 -0.462727
0 0.472640 0.461690 -0.687449 -0.463886
0 0.378098 0.648281 -0.560914 -0.587298
0 0.378454 0.645839 -0.561106 -0.592884
0 0.377809 0.647797 -0.561103 -0.588126
0 0.377588 0.645646 -0.562258 -0.593790
0 0.428147 0.344782 -0.682528 -0.394042
0 0.428114 0.345220 -0.682819 -0.393293
0 0.377566 0.649815 -0.562743 -0.587303
0 0.476374 0.462808 -0.674377 -0.460583
0 0.427991 0.345288 -0.682686 -0.393193
0 0.378403 0.647617 -0.562218 -0.594520
0 0.426899 0.344577 -0.683794 -0.396633
0 0.427671 0.345397 -0.683156 -0.393794
0 0.427648 0.345940 -0.683442 -0.392985
0 0.427625 0.345719 -0.683025 -0.392991
0 0.323075 0.485446 -0.392017 -0.499604
0 0.427455 0.344618 -0.681901 -0.397223
0 0.323104 0.484107 -0.391993 -0.501972
0 0.322912 0.484781 -0.391199 -0.499639
0 0.322047 0.485465 -0.393177 -0.499018
0 0.322138 0.484910 -0.393028 -0.500344
0 0.559095 0.399915 -0.907235 -0.423654
0 0.559504 0.400776 -0.906991 -0.422577
0 0.559016 0.400682 -0.907458 -0.422725
0 0.428422 0.345311 -0.683529 -0.396243
0 0.428098 0.343946 -0.680588 -0.398153
0 0.428265 0.344705 -0.683371 -0.397001
0 0.473508 0.462291 -0.693650 -0.462108
0 0.472422 0.461721 -0.695215 -0.462856
0 0.535963 0.743402 -0.876524 -0.579961
0 0.535199 0.736116 -0.876491 -0.596648
0 0.472308 0.462195 -0.695454 -0.462607
0 0.533647 0.738181 -0.880062 -0.583907
0 0.536818 0.743991 -0.874643 -0.579852
0 0.536153 0.738298 -0.874715 -0.594333
0 0.534046 0.738165 -0.879128 -0.583609
0 0.475900 0.458705 -0.686704 -0.459485
0 0.533829 0.732695 -0.879695 -0.591972
0 0.377060 0.649675 -0.562477 -0.595824
0 0.534619 0.740750 -0.876154 -0.582809
0 0.535437 0.737301 -0.876233 -0.597516
0 0.558614 0.398059 -0.902686 -0.426592
0 0.377664 0.650573 -0.560529 -0.593804
0 0.557605 0.397695 -0.903986 -0.427183
0 0.427720 0.344719 -0.682674 -0.394710
0 0.315333 0.483906 -0.398289 -0.504188
0 0.428736 0.345422 -0.680343 -0.393227
0 0.427392 0.347415 -0.686689 -0.394784
0 0.535250 0.741860 -0.873981 -0.581160
0 0.427361 0.347261 -0.686794 -0.394534
0 0.427316 0.347782 -0.686948 -0.393566
0 0.536003 0.744549 -0.874244 -0.581687
0 0.558783 0.402948 -0.908083 -0.422122
0 0.558094 0.402721 -0.908982 -0.422323
0 0.318820 0.480985 -0.393572 -0.506841
0 0.430224 0.343860 -0.682876 -0.398909
0 0.311864 0.484450 -0.399971 -0.501945
0 0.536966 0.745259 -0.872098 -0.580686
0 0.470580 0.461846 -0.701606 -0.456031
0 0.475004 0.454635 -0.689246 -0.461079
0 0.426711 0.347962 -0.682175 -0.393965
0 0.426524 0.348367 -0.682525 -0.392160
0 0.426817 0.348217 -0.682198 -0.393137
