0 0.654463 0.572773 -0.912633 -0.612150
0 0.101508 0.587775 0.056491 -0.555323
0 0.565449 0.621305 -0.678291 -0.807569
0 0.101962 0.588790 0.057046 -0.553487
0 0.564921 0.620100 -0.678766 -0.809002
0 0.654429 0.572512 -0.912656 -0.612709
0 0.342546 0.710164 -0.136112 -0.891432
0 0.654919 0.561941 -0.912885 -0.650313
0 0.656403 0.562436 -0.909233 -0.648262
0 0.656071 0.562063 -0.909860 -0.650124
0 0.561643 0.618370 -0.679667 -0.822947
0 0.561859 0.618193 -0.679837 -0.823230
0 0.655058 0.573045 -0.910312 -0.590204
0 0.343247 0.715316 -0.134998 -0.886732
0 0.101802 0.590071 0.059010 -0.546325
0 0.655578 0.573059 -0.909590 -0.589447
0 0.101583 0.589345 0.058725 -0.545731
0 0.564987 0.626256 -0.674112 -0.809901
0 0.564766 0.626938 -0.674386 -0.807436
0 0.102205 0.580563 0.059805 -0.582508
0 0.101728 0.580305 0.058371 -0.585711
0 0.369647 0.630871 -0.107618 -0.370208
0 0.101732 0.581503 0.058265 -0.579969
0 0.370084 0.628269 -0.107774 -0.375438
0 0.345739 0.696933 -0.130464 -0.895129
0 0.442353 0.522368 -0.484653 -0.512915
0 0.102721 0.582318 0.062196 -0.545821
0 0.102442 0.583128 0.061244 -0.544773
0 0.345152 0.753529 -0.130444 -0.855780
0 0.370245 0.631406 -0.108060 -0.371074
0 0.562942 0.626297 -0.677584 -0.810019
0 0.345656 0.698214 -0.130472 -0.894737
0 0.442661 0.522022 -0.484535 -0.514858
0 0.102523 0.583660 0.061204 -0.543415
0 0.444113 0.515178 -0.477657 -0.503841
0 0.657040 0.558870 -0.897835 -0.650980
0 0.657804 0.560058 -0.895885 -0.648825
0 0.444426 0.516480 -0.477835 -0.500737
0 0.563461 0.627326 -0.681260 -0.811988
0 0.657471 0.576069 -0.904753 -0.583897
0 0.563370 0.628351 -0.681126 -0.810582
0 0.652084 0.563899 -0.917374 -0.642743
0 0.653703 0.564597 -0.914426 -0.642254
0 0.653855 0.564640 -0.913976 -0.642401
0 0.655162 0.579389 -0.910069 -0.578345
0 0.659314 0.573303 -0.903800 -0.595887
0 0.351448 0.698729 -0.126962 -0.893023
0 0.658930 0.573792 -0.904286 -0.595167
0 0.103264 0.562809 0.061895 -0.676549
0 0.100727 0.587956 0.059899 -0.592629
0 0.658052 0.572949 -0.906112 -0.597182
0 0.100846 0.587566 0.060940 -0.591770
0 0.440893 0.508713 -0.496066 -0.550231
0 0.443083 0.506910 -0.491742 -0.554200
0 0.442761 0.507680 -0.492337 -0.551829
0 0.346876 0.685423 -0.126138 -0.907223
0 0.557821 0.619590 -0.680538 -0.826720
0 0.352174 0.697463 -0.126685 -0.893765
0 0.344925 0.683313 -0.130380 -0.910784
0 0.654765 0.562552 -0.911839 -0.677926
0 0.654644 0.563125 -0.911993 -0.678017
0 0.445086 0.508047 -0.488698 -0.527633
0 0.557510 0.620300 -0.681691 -0.824692
0 0.443463 0.507763 -0.492333 -0.527937
0 0.378005 0.631618 -0.099390 -0.364673
0 0.377239 0.633916 -0.101379 -0.360242
0 0.371580 0.588343 -0.102965 -0.389312
0 0.655329 0.552444 -0.913792 -0.696906
0 0.653533 0.562942 -0.914844 -0.678195
0 0.100433 0.574407 0.057130 -0.618897
0 0.567352 0.630464 -0.676524 -0.761658
0 0.100410 0.574596 0.056816 -0.618563
0 0.444827 0.509243 -0.489394 -0.524915
0 0.567257 0.631014 -0.677184 -0.759394
0 0.373333 0.586853 -0.101931 -0.407919
0 0.553208 0.620916 -0.688035 -0.824172
0 0.250603 0.429684 -0.183709 -0.516813
0 0.377867 0.636496 -0.097223 -0.358616
0 0.101315 0.574341 0.058892 -0.619512
0 0.442761 0.542988 -0.486750 -0.501034
0 0.347248 0.702347 -0.129465 -0.894947
0 0.372318 0.598203 -0.104720 -0.393162
0 0.442746 0.541957 -0.486692 -0.503398
0 0.448830 0.526987 -0.466334 -0.469359
0 0.250940 0.433198 -0.182804 -0.510001
0 0.251655 0.434472 -0.181932 -0.511055
0 0.347753 0.721361 -0.125674 -0.863888
0 0.369223 0.597043 -0.115540 -0.384180
0 0.100579 0.583910 0.056465 -0.548615
0 0.347313 0.703051 -0.130387 -0.894702
0 0.372219 0.702048 -0.123078 -0.387178
0 0.368579 0.592117 -0.116796 -0.390664
0 0.446676 0.548821 -0.474500 -0.477755
0 0.345924 0.708202 -0.135549 -0.877680
0 0.101037 0.583489 0.057262 -0.548049
0 0.372792 0.703556 -0.123044 -0.387559
0 0.249026 0.431983 -0.186337 -0.515153
0 0.249203 0.431644 -0.185420 -0.516313
0 0.249081 0.432317 -0.185777 -0.513943
0 0.564964 0.629559 -0.680784 -0.762270
0 0.369498 0.722976 -0.111762 -0.335820
0 0.252407 0.438111 -0.181346 -0.505155
0 0.370050 0.725728 -0.111590 -0.328352
0 0.369385 0.727333 -0.111281 -0.328978
0 0.434971 0.495503 -0.492099 -0.576357
0 0.253725 0.436094 -0.177855 -0.508137
0 0.372037 0.708856 -0.117502 -0.371385
0 0.345030 0.707188 -0.136567 -0.877753
0 0.642930 0.546219 -0.914856 -0.704384
0 0.252769 0.438572 -0.179485 -0.503973
0 0.101336 0.579685 0.057328 -0.544640
0 0.661074 0.556376 -0.918871 -0.687771
0 0.101627 0.578712 0.058002 -0.546696
0 0.104515 0.568407 0.062513 -0.686725
0 0.443689 0.504895 -0.470262 -0.559244
0 0.101323 0.579101 0.057015 -0.544455
