0 0.491524 0.791349 -0.667772 -0.305714
0 0.491969 0.791697 -0.667126 -0.306364
0 0.491355 0.768835 -0.675726 -0.326105
0 0.491696 0.770587 -0.676928 -0.324711
0 0.493368 0.805578 -0.656624 -0.304107
0 0.493014 0.805092 -0.657046 -0.305275
0 0.495152 0.775271 -0.662372 -0.313258
0 0.494466 0.777780 -0.664053 -0.307107
0 0.494063 0.725989 -0.670203 -0.344716
0 0.493729 0.769199 -0.677291 -0.314989
0 0.494949 0.729441 -0.668157 -0.341380
0 0.493303 0.764025 -0.678937 -0.322956
0 0.489419 0.723369 -0.697985 -0.347971
0 0.488508 0.724770 -0.699332 -0.349168
0 0.494027 0.803004 -0.663257 -0.314205
0 0.497474 0.805141 -0.651820 -0.310752
0 0.494128 0.802064 -0.663684 -0.316813
0 0.496911 0.808805 -0.653089 -0.305436
0 0.486238 0.739254 -0.664945 -0.696757
0 0.485789 0.738707 -0.665202 -0.699019
0 0.485937 0.739790 -0.665237 -0.696151
0 0.478977 0.738432 -0.669989 -0.710508
0 0.477440 0.738227 -0.671812 -0.712139
