0 0.465548 1.198727 -0.007281 0.291310
0 0.465427 1.199830 -0.008233 0.294640
0 0.473834 1.196686 0.038152 0.294323
0 0.465081 1.158386 -0.008249 0.286268
0 0.465654 1.158582 -0.006588 0.286686
0 0.718259 1.066962 -0.803043 0.497371
0 0.718959 0.995059 -0.800492 0.354356
0 0.727493 1.047353 -0.755762 0.120654
0 0.726989 1.036463 -0.757601 0.109727
0 0.724122 0.947859 -0.772843 0.060284
0 0.723747 0.920756 -0.772458 0.000354
0 0.457028 1.015087 -0.016507 0.158664
0 0.457525 1.015944 -0.014655 0.158854
