0 0.403260 0.947788 -0.513453 -1.476483
0 0.402901 0.946707 -0.514752 -1.478174
0 0.402719 0.947137 -0.515370 -1.476652
0 0.399518 0.947279 -0.519358 -1.472621
0 0.400068 0.949836 -0.519111 -1.470384
0 0.400815 0.946115 -0.515051 -1.479652
0 0.399966 0.944708 -0.514187 -1.483560
0 0.401005 0.946697 -0.516599 -1.474054
0 0.398390 0.948352 -0.525691 -1.473579
0 0.549680 1.267626 0.366726 0.619552
0 0.401102 0.949678 -0.516875 -1.468652
0 0.401033 0.950632 -0.516946 -1.466983
0 0.395905 0.948106 -0.519031 -1.473959
0 0.332030 0.964765 -0.407179 -1.372226
0 0.332683 0.965350 -0.407234 -1.370712
0 0.406075 0.946514 -0.518180 -1.477744
0 0.333602 0.965529 -0.405960 -1.366040
0 0.399763 0.948484 -0.517372 -1.473480
0 0.335508 0.969170 -0.406028 -1.364145
0 0.406264 0.946594 -0.516446 -1.477260
0 0.333903 0.966727 -0.405472 -1.362754
0 0.400317 0.947132 -0.514020 -1.474966
0 0.335849 0.969783 -0.405032 -1.361954
0 0.335728 0.969968 -0.405357 -1.363276
0 0.333859 0.965034 -0.405682 -1.366883
0 0.405927 0.945364 -0.517093 -1.478922
0 0.334278 0.967780 -0.412162 -1.363799
0 0.334434 0.968190 -0.410595 -1.363531
0 0.334583 0.968267 -0.410349 -1.361729
0 0.333488 0.960075 -0.407045 -1.357432
0 0.333348 0.960687 -0.406302 -1.352660
0 0.327669 0.965346 -0.422320 -1.367643
0 0.331772 0.965875 -0.405250 -1.372261
0 0.515874 0.704222 -0.819471 -0.663955
0 0.521815 0.883753 -0.812475 -0.305000
0 0.402109 0.949534 -0.494582 -1.470707
0 0.332731 0.967270 -0.404282 -1.370188
0 0.402357 0.950153 -0.493290 -1.469573
0 0.402161 0.948021 -0.493789 -1.472819
0 0.527824 0.938936 -0.790146 -0.051074
