0 0.522097 0.682840 -0.433839 0.250954
0 0.521619 0.685250 -0.433900 0.257732
0 0.503275 0.681654 -0.448674 0.252049
0 0.524679 0.686017 -0.427437 0.258049
0 0.503029 0.685220 -0.449631 0.258491
0 0.505666 0.685546 -0.444358 0.256818
0 0.477045 0.605639 -0.466177 0.175110
0 0.499104 0.702240 -0.446472 0.274289
0 0.499676 0.701638 -0.445942 0.274994
0 0.503451 0.702601 -0.437739 0.275486
0 0.473033 0.585131 -0.477651 0.163998
0 0.761347 1.099263 0.066599 0.269522
0 0.467448 0.611740 -0.471948 0.186488
0 0.479889 0.688031 -0.462471 0.249829
0 0.760918 1.001945 0.073349 0.247550
0 0.525057 0.712817 -0.425698 0.276712
0 0.523557 0.712797 -0.429819 0.277354
0 0.524033 0.710853 -0.430976 0.278034
0 0.467389 0.693645 -0.468760 0.257705
