0 0.500523 0.640927 -0.273441 -0.473429
0 0.500513 0.640724 -0.273477 -0.474010
0 0.498712 0.643687 -0.274316 -0.467235
0 0.499911 0.641795 -0.274994 -0.472181
0 0.500035 0.643904 -0.271525 -0.466078
0 0.498391 0.644397 -0.276071 -0.465289
0 0.504691 0.657713 -0.271550 -0.440785
0 0.505245 0.658588 -0.271175 -0.444156
0 0.505044 0.658442 -0.273638 -0.443096
0 0.504496 0.659846 -0.273187 -0.444171
0 0.498770 0.642217 -0.275606 -0.472587
0 0.498957 0.641878 -0.274414 -0.473890
0 0.498623 0.643266 -0.276165 -0.471221
