0 0.495920 0.922685 -0.738428 -1.219625
0 0.496125 0.921944 -0.739071 -1.227245
0 0.497228 0.920662 -0.735690 -1.217385
0 0.495853 0.919693 -0.738251 -1.224090
0 0.400751 1.098684 -0.335326 -0.054087
0 0.495918 0.923536 -0.738358 -1.218228
0 0.496710 0.920502 -0.736360 -1.217674
0 0.496270 0.921678 -0.738892 -1.228099
0 0.496380 0.920204 -0.738632 -1.230072
0 0.496594 0.919981 -0.737414 -1.222901
0 0.401356 1.099796 -0.336731 -0.053947
0 0.496872 0.919579 -0.737127 -1.224034
0 0.403954 1.092601 -0.340070 -0.074995
0 0.403094 1.094632 -0.340446 -0.071837
0 0.610345 0.910596 -1.062492 -1.219515
0 0.610089 0.909578 -1.063309 -1.221151
0 0.609539 0.912854 -1.064749 -1.212622
0 0.609531 0.912253 -1.065293 -1.213622
0 0.609726 0.912473 -1.064527 -1.213060
0 0.139839 0.892737 0.041651 -0.812146
0 0.610688 0.909188 -1.062195 -1.221542
0 0.139728 0.892599 0.040231 -0.811800
0 0.138305 0.891057 0.045661 -0.816891
0 0.138336 0.891333 0.045955 -0.815657
0 0.579605 0.887086 -1.026913 -1.036484
0 0.579177 0.886935 -1.027260 -1.037257
0 0.579366 0.886842 -1.027174 -1.036269
0 0.607188 0.910944 -1.070688 -1.213106
0 0.468553 1.083494 -0.535511 -0.110707
0 0.583182 0.861052 -1.025515 -1.067023
0 0.579726 0.850653 -1.025454 -1.072434
0 0.579951 0.852006 -1.025823 -1.069137
0 0.579803 0.851497 -1.025594 -1.069843
0 0.499363 0.918255 -0.741972 -1.222665
0 0.500437 0.918554 -0.740527 -1.221896
0 0.623309 1.024924 -0.556974 -0.063529
0 0.608012 0.901302 -1.065723 -1.218612
0 0.624136 1.025729 -0.556746 -0.065165
0 0.582061 0.857973 -1.026262 -1.065197
0 0.136754 0.871267 0.041425 -0.831229
0 0.471896 1.087476 -0.528309 -0.107035
0 0.663604 0.902817 -1.121034 -1.329468
0 0.136464 0.868310 0.041768 -0.834558
0 0.402574 1.075593 -0.327624 -0.075708
0 0.663957 0.902580 -1.119065 -1.329448
0 0.402011 1.074093 -0.329205 -0.080294
0 0.137302 0.868010 0.044154 -0.826314
0 0.609111 0.900966 -1.059475 -1.230970
0 0.136820 0.869517 0.043380 -0.828250
0 0.662206 0.896310 -1.123184 -1.326620
0 0.405784 1.060443 -0.316575 -0.119127
0 0.662291 0.897408 -1.123151 -1.325000
0 0.662501 0.896682 -1.122841 -1.326807
0 0.664214 0.897933 -1.120135 -1.339818
0 0.621354 1.061303 -0.539272 -0.081915
0 0.619628 1.037019 -0.552853 -0.066231
0 0.499105 0.918729 -0.735122 -1.222624
0 0.664522 0.899097 -1.120265 -1.338334
0 0.499565 0.920221 -0.733998 -1.220242
0 0.621612 1.065852 -0.538922 -0.075266
0 0.664340 0.897964 -1.120573 -1.339974
0 0.619198 1.036698 -0.552287 -0.071819
0 0.134562 0.889498 0.043870 -0.836872
0 0.136161 0.864700 0.041186 -0.845067
0 0.499585 0.918656 -0.734056 -1.223740
0 0.620370 1.056410 -0.567985 -0.068901
0 0.620879 1.059265 -0.567237 -0.064649
0 0.134203 0.890417 0.043241 -0.834013
0 0.415931 1.056656 -0.323404 -0.116179
0 0.580820 0.909182 -1.030503 -1.040802
0 0.608663 0.903279 -1.062827 -1.234441
0 0.579480 0.887048 -1.025819 -1.039713
0 0.581632 0.911795 -1.028662 -1.037882
0 0.467594 1.116647 -0.521785 -0.090282
0 0.579542 0.886450 -1.025777 -1.041975
0 0.579682 0.888834 -1.025336 -1.036938
0 0.578582 0.833920 -1.024177 -1.086052
0 0.580716 0.910415 -1.030576 -1.041912
0 0.608243 0.904353 -1.061044 -1.218950
0 0.578537 0.835675 -1.024593 -1.086796
0 0.138954 0.873598 0.027381 -0.829041
0 0.401064 1.069496 -0.328362 -0.145890
0 0.578604 0.831680 -1.024471 -1.090095
0 0.469416 1.072098 -0.536936 -0.099111
0 0.577893 0.835202 -1.028842 -1.083133
0 0.139932 0.869506 0.030417 -0.835997
0 0.470207 1.115660 -0.515903 -0.098210
0 0.661325 0.901830 -1.119326 -1.329969
0 0.664211 0.899610 -1.115786 -1.332280
0 0.492858 0.921271 -0.732821 -1.218835
0 0.661306 0.899528 -1.119360 -1.336268
0 0.608977 0.914954 -1.065511 -1.223311
0 0.665584 0.899280 -1.123804 -1.344580
0 0.610690 0.915969 -1.062338 -1.221613
0 0.661347 0.900387 -1.119361 -1.334108
0 0.609182 0.898144 -1.067176 -1.220804
0 0.665015 0.899720 -1.113483 -1.329510
0 0.492087 0.921683 -0.733729 -1.217957
0 0.666405 0.900347 -1.121197 -1.342391
0 0.609204 0.916390 -1.065258 -1.222099
0 0.607335 0.881379 -1.070439 -1.222230
0 0.591100 0.914343 -0.786859 -1.232168
0 0.609750 0.896827 -1.065942 -1.219676
0 0.407161 1.072608 -0.338764 -0.077544
0 0.406741 1.027732 -0.317001 -0.122388
0 0.471506 1.104292 -0.529977 -0.079982
0 0.609471 0.896308 -1.066938 -1.221505
0 0.406915 1.070690 -0.338495 -0.082888
0 0.591214 0.914736 -0.786717 -1.232083
0 0.473040 1.071995 -0.518934 -0.091022
0 0.140095 0.865140 0.030609 -0.843415
0 0.137949 0.806356 0.004849 -0.863332
0 0.588784 0.916142 -0.792801 -1.226206
0 0.135560 0.834273 0.039068 -0.848002
0 0.612834 0.901487 -1.054505 -1.229232
0 0.135379 0.882698 0.037840 -0.951838
0 0.134422 0.831725 0.036499 -0.849531
