0 0.719608 0.626995 -0.802622 -0.311503
0 0.720598 0.627412 -0.800096 -0.312300
0 0.719792 0.627649 -0.802464 -0.310997
0 0.719579 0.627704 -0.801824 -0.308708
0 0.720269 0.626878 -0.800683 -0.310380
0 0.524652 0.577014 -0.488740 -0.303101
0 0.719586 0.627831 -0.801604 -0.307636
0 0.524332 0.576738 -0.490129 -0.303472
0 0.524637 0.577436 -0.488229 -0.301181
0 0.525529 0.573031 -0.492595 -0.308635
0 0.525695 0.573358 -0.492638 -0.307715
0 0.526780 0.574066 -0.491287 -0.306733
0 0.723602 0.630727 -0.798243 -0.313271
0 0.720446 0.630933 -0.802573 -0.314407
0 0.720278 0.631183 -0.806720 -0.310994
0 0.722553 0.632706 -0.802406 -0.309577
0 0.719737 0.631700 -0.808275 -0.310777
0 0.528272 0.576707 -0.475572 -0.302183
0 0.527833 0.577388 -0.475318 -0.299415
0 0.533333 0.578093 -0.480110 -0.303141
0 0.719663 0.623214 -0.803133 -0.331107
0 0.723459 0.622122 -0.798599 -0.328611
0 0.529898 0.584522 -0.475536 -0.292881
0 0.530029 0.580492 -0.476190 -0.296086
0 0.533329 0.578880 -0.480583 -0.301713
0 0.722290 0.623621 -0.807206 -0.310879
0 0.534540 0.584661 -0.473344 -0.292418
0 0.533971 0.580411 -0.473773 -0.297057
0 0.455106 0.763967 0.209712 0.111139
0 0.718107 0.617766 -0.803463 -0.316265
0 0.525739 0.577037 -0.497281 -0.308322
0 0.525268 0.576491 -0.497738 -0.309070
0 0.525172 0.577316 -0.497730 -0.307242
0 0.450537 0.709264 0.205102 0.052686
0 0.716864 0.607695 -0.804739 -0.329264
0 0.722044 0.611643 -0.808078 -0.327374
0 0.723852 0.638870 -0.802810 -0.326358
