0 0.463777 0.513337 -0.304855 -0.471089
0 0.464354 0.511438 -0.304152 -0.477762
0 0.463077 0.512042 -0.301812 -0.474917
0 0.463705 0.513115 -0.301296 -0.473217
0 0.462210 0.511733 -0.302434 -0.474928
0 0.461570 0.516361 -0.309829 -0.465994
0 0.462663 0.515985 -0.306964 -0.466422
0 0.462588 0.517235 -0.307189 -0.464708
0 0.462589 0.516591 -0.305189 -0.466166
0 0.463560 0.518074 -0.304405 -0.464193
0 0.461621 0.515550 -0.306415 -0.467488
0 0.461612 0.512042 -0.306253 -0.475672
0 0.466662 0.512443 -0.294052 -0.473953
0 0.467633 0.511616 -0.292419 -0.477994
0 0.459796 0.512916 -0.306807 -0.475362
0 0.466918 0.511935 -0.298462 -0.469361
0 0.467188 0.507948 -0.297950 -0.477525
0 0.154095 0.583317 0.103654 -0.447568
0 0.154025 0.582991 0.103093 -0.448664
0 0.146739 0.579751 0.099124 -0.450585
0 0.147605 0.579614 0.099843 -0.450199
0 0.461450 0.509890 -0.306527 -0.473701
0 0.465583 0.516561 -0.299953 -0.478320
0 0.465339 0.515042 -0.300078 -0.481835
0 0.156469 0.575240 0.105770 -0.483260
0 0.156366 0.575063 0.105079 -0.483386
