0 0.343858 0.995907 0.230698 -0.295258
0 0.342803 0.998244 0.228456 -0.288773
0 0.343416 0.998641 0.229558 -0.289914
0 0.338842 0.618599 -0.332934 -0.299315
0 0.341461 0.964639 0.224939 -0.337758
0 0.340458 0.969669 0.222625 -0.327920
0 0.335720 0.621046 -0.338039 -0.313701
0 0.338275 0.617322 -0.334730 -0.301005
0 0.335792 0.620158 -0.337890 -0.315998
0 0.341201 0.969568 0.223722 -0.328289
0 0.335393 0.612489 -0.338013 -0.339002
0 0.342880 0.618226 -0.332547 -0.326083
0 0.334970 0.613882 -0.339792 -0.336664
0 0.342417 0.617961 -0.332775 -0.326172
0 0.338222 0.604711 -0.342012 -0.350751
0 0.335427 0.612159 -0.338484 -0.340167
0 0.338342 0.604056 -0.341900 -0.352390
0 0.337873 0.604921 -0.342601 -0.351006
0 0.348348 0.997173 0.228724 -0.280408
0 0.542245 1.172115 -0.374197 -0.488021
0 0.542874 1.173353 -0.372575 -0.489780
0 0.543369 1.173797 -0.371938 -0.493095
0 0.347749 0.997057 0.227513 -0.277959
0 0.345905 0.595211 -0.336806 -0.330292
0 0.347762 0.995487 0.227375 -0.281310
0 0.345938 0.593228 -0.337140 -0.334091
0 0.341032 0.604775 -0.330143 -0.323372
0 0.344322 0.603216 -0.342179 -0.315113
0 0.345181 0.593924 -0.338394 -0.333530
0 0.340587 0.973656 0.216198 -0.339428
0 0.345278 0.605192 -0.340485 -0.311299
0 0.341554 0.997808 0.215734 -0.350870
0 0.340825 0.603913 -0.330725 -0.322889
0 0.530294 1.201480 -0.410819 -0.483663
0 0.330529 0.615594 -0.341195 -0.376346
0 0.531464 1.194501 -0.407207 -0.502326
0 0.530363 1.199460 -0.410056 -0.490232
0 0.330116 0.614750 -0.341398 -0.377738
0 0.339302 0.606576 -0.333426 -0.319919
0 0.330093 0.612128 -0.341736 -0.382763
0 0.812302 1.225462 -0.095683 -0.176234
0 0.812161 1.222794 -0.093900 -0.183451
0 0.399115 0.555980 -0.491122 -0.291859
0 0.399312 0.556159 -0.492265 -0.290750
0 0.554314 1.061689 -0.341284 -0.567724
0 0.334865 0.993475 0.215876 -0.354092
0 0.556251 1.069344 -0.335543 -0.548527
0 0.112494 0.306871 -0.072774 -0.270797
0 0.333800 0.969947 0.213236 -0.343237
0 0.404493 0.564334 -0.456637 -0.311655
0 0.112931 0.306736 -0.071791 -0.271400
0 0.557369 1.056961 -0.335479 -0.572893
0 0.112537 0.307914 -0.072903 -0.269266
0 0.395047 0.515019 -0.507766 -0.322013
0 0.395101 0.514348 -0.508261 -0.320984
0 0.406964 0.567241 -0.442411 -0.312361
0 0.110678 0.307250 -0.072953 -0.276271
0 0.110852 0.307656 -0.071803 -0.275132
0 0.110590 0.308044 -0.073057 -0.275176
0 0.549392 1.189444 -0.323962 -0.460993
0 0.362286 0.619843 -0.311687 -0.322306
0 0.549204 1.189212 -0.324735 -0.458143
