0 0.415040 0.301266 -0.547797 0.206839
0 0.415162 0.300194 -0.547432 0.205098
0 0.413571 0.301207 -0.549715 0.206123
0 0.419953 0.296205 -0.534595 0.192528
0 0.419662 0.295365 -0.534296 0.192174
0 0.814663 1.429263 0.405824 0.807593
0 0.411038 0.295484 -0.543795 0.199634
0 0.410836 0.294191 -0.544421 0.197657
0 0.414041 0.292501 -0.535483 0.189534
0 0.410859 0.295078 -0.544395 0.198218
0 0.414311 0.291788 -0.535147 0.189267
0 0.435725 0.297562 -0.546371 0.194274
0 0.436520 0.298286 -0.546494 0.194435
0 0.420707 0.306597 -0.571217 0.209529
0 0.419765 0.307164 -0.573576 0.210281
0 0.421224 0.307330 -0.570372 0.210604
