0 1.021999 0.824831 -0.813023 0.305436
0 1.022160 0.827852 -0.809664 0.311592
0 0.556903 0.533593 0.318911 -0.442957
0 0.552317 0.531020 0.296432 -0.444742
0 0.205658 0.762248 0.135577 -0.559202
0 0.551169 0.531267 0.292434 -0.444884
0 0.224666 0.768074 0.149021 -0.531971
0 0.205791 0.763519 0.136481 -0.557201
0 0.225188 0.770464 0.150501 -0.526616
0 1.037909 0.801765 -0.788642 0.327498
0 1.039057 0.805413 -0.783045 0.333603
0 0.540602 0.545410 0.325134 -0.427893
0 0.541592 0.543413 0.330262 -0.430448
0 0.539738 0.544164 0.327135 -0.429734
0 0.234461 0.769578 0.157564 -0.528139
0 0.208133 0.772718 0.139924 -0.539760
0 0.570663 0.560412 0.349647 -0.416219
0 0.563270 0.555714 0.323788 -0.424038
0 0.566522 0.558760 0.329584 -0.417110
0 0.245075 0.776632 0.171443 -0.527857
0 0.998855 0.841130 -0.841816 0.292175
0 1.000265 0.842103 -0.840640 0.297311
0 1.066283 0.831912 -0.775730 0.328121
0 1.068214 0.827042 -0.774544 0.319334
0 0.238191 0.762064 0.157758 -0.558782
0 0.999018 0.834181 -0.801672 0.326456
0 0.997761 0.831188 -0.803242 0.320627
0 0.549588 0.564934 0.340563 -0.414524
0 0.547085 0.562080 0.339878 -0.420960
0 0.550645 0.564533 0.344153 -0.415458
0 0.499458 0.507699 0.141511 -0.477467
0 0.483592 0.506901 0.048687 -0.479918
0 0.994176 0.293568 -1.864867 -0.085832
0 0.276078 0.760676 0.179830 -0.557421
0 0.273957 0.761880 0.181601 -0.555214
0 0.283572 0.760000 0.184980 -0.557345
0 0.482571 0.506440 0.046167 -0.483443
0 0.251005 0.775573 0.173683 -0.497145
0 0.489892 0.505627 0.123528 -0.484161
0 0.994593 0.292906 -1.863025 -0.087659
0 0.994687 0.293349 -1.862842 -0.086797
0 0.203061 0.762361 0.133062 -0.562808
0 0.202794 0.760349 0.131534 -0.566674
0 0.996642 0.295667 -1.854574 -0.082311
0 0.997495 0.294829 -1.852792 -0.084065
