0 0.262240 1.005535 0.148754 -0.801016
0 0.262560 1.006842 0.149078 -0.798156
0 0.263092 1.004583 0.148072 -0.803179
0 0.720018 1.000052 0.073702 -0.827274
0 0.727176 0.998525 0.088402 -0.831932
0 0.259665 1.005336 0.150833 -0.799817
0 0.258905 1.004070 0.149845 -0.802794
0 0.260255 1.006821 0.152100 -0.797334
0 0.717781 1.000816 0.072914 -0.825958
0 0.264428 1.006937 0.130449 -0.813674
0 0.263344 1.007473 0.127487 -0.791024
0 0.254016 1.006762 0.135182 -0.808640
0 0.250919 1.006251 0.127242 -0.790600
0 0.793170 0.999532 0.146362 -0.832232
0 0.651298 0.741186 -0.779455 -0.694710
0 0.786711 0.999615 0.136229 -0.829760
0 0.651815 0.742891 -0.779421 -0.694920
0 0.650627 0.793058 -0.786930 -0.653914
0 0.650906 0.795131 -0.787066 -0.652306
0 0.651207 0.797836 -0.786720 -0.647637
0 0.652220 0.743352 -0.778531 -0.689326
