0 0.495094 0.606035 -0.262958 0.182423
0 0.495091 0.605090 -0.263828 0.179182
0 0.499132 0.604157 -0.254437 0.176873
0 0.457788 0.605869 -0.293543 0.177433
0 0.459268 0.603336 -0.291492 0.172983
0 0.457510 0.603869 -0.294160 0.172595
0 0.810653 1.060999 0.208345 0.291645
0 0.450619 0.583200 -0.313468 0.105848
0 0.439359 0.594486 -0.318241 0.121608
0 0.448014 0.550000 -0.313541 0.081576
0 0.494024 0.606258 -0.262621 0.159172
0 0.495703 0.607891 -0.259249 0.162194
0 0.444466 0.558194 -0.299059 0.096248
0 0.495299 0.607968 -0.259893 0.163662
