0 0.370616 1.070919 0.165948 0.304208
0 0.633815 0.898647 -0.329813 -0.045219
0 0.636869 0.891913 -0.326040 -0.060097
0 0.636199 0.899749 -0.325789 -0.045041
0 0.643697 0.923944 -0.317243 -0.042027
0 0.645401 0.925198 -0.314474 -0.043544
0 0.645808 0.910489 -0.314027 -0.055434
0 0.645424 0.888707 -0.350495 -0.047307
0 0.644347 0.886447 -0.353669 -0.053524
0 0.665013 0.938708 -0.323773 -0.034135
0 0.645264 0.887835 -0.349921 -0.051264
0 0.666030 0.937758 -0.321495 -0.040779
0 0.663825 0.923341 -0.326418 -0.050764
