0 0.133343 0.996257 0.061828 -1.716701
0 0.133330 0.995556 0.061540 -1.718042
0 0.133316 0.995538 0.061432 -1.717841
0 0.133366 0.995795 0.060386 -1.719267
0 0.135163 0.993739 0.060370 -1.719695
0 0.132720 0.996765 0.060169 -1.718606
0 0.424885 1.001430 -0.599288 -1.577522
0 0.424954 1.001033 -0.599282 -1.577750
0 0.133451 0.996225 0.061620 -1.719411
0 0.132908 0.996345 0.060594 -1.718735
0 0.425970 1.003178 -0.597905 -1.573272
0 0.425714 1.003566 -0.598626 -1.572765
0 0.425778 1.002990 -0.598588 -1.573442
0 0.136514 0.995295 0.060834 -1.717703
0 0.425478 1.003898 -0.598417 -1.574654
0 0.426119 1.004174 -0.597020 -1.573155
0 0.422891 0.997103 -0.604266 -1.585622
0 0.423306 0.998149 -0.603706 -1.583531
0 0.425738 1.003949 -0.598218 -1.573676
0 0.370897 0.999810 -0.470091 -1.630192
0 0.427456 1.003921 -0.597894 -1.571717
0 0.371397 1.001544 -0.469852 -1.626399
0 0.370651 1.000978 -0.472251 -1.625371
0 0.268809 0.993115 -0.321287 -1.701653
0 0.130874 0.994696 0.051088 -1.717134
0 0.368053 0.999522 -0.484976 -1.629363
0 0.268698 0.993873 -0.321785 -1.700654
0 0.268735 0.993249 -0.321946 -1.700972
0 0.366755 1.002712 -0.482790 -1.626207
0 0.424995 1.003390 -0.601771 -1.572933
0 0.367380 1.002690 -0.480579 -1.626447
0 0.370240 1.002396 -0.467650 -1.628331
0 0.370349 1.002800 -0.466797 -1.627026
0 0.271509 0.995596 -0.315539 -1.689196
0 0.425019 1.001330 -0.601727 -1.576572
0 0.425210 1.002375 -0.601377 -1.574776
0 0.369938 1.002414 -0.468552 -1.627702
0 0.270021 0.996236 -0.318099 -1.701201
0 0.366193 1.001567 -0.489796 -1.625495
0 0.365925 1.001345 -0.489848 -1.626017
0 0.366262 1.001528 -0.489840 -1.625420
0 0.269442 0.991219 -0.327315 -1.704000
0 0.132629 0.995614 0.055913 -1.718975
0 0.270746 0.994943 -0.318798 -1.697923
0 0.274028 0.996754 -0.320822 -1.687892
0 0.270704 0.994182 -0.319066 -1.699373
0 0.132301 0.994650 0.055926 -1.719941
0 0.270530 0.995181 -0.319134 -1.697617
0 0.271202 0.991393 -0.319469 -1.705782
0 0.422897 0.998478 -0.602459 -1.591781
0 0.132524 0.995262 0.056170 -1.720028
0 0.366311 1.001798 -0.388146 -1.639002
0 0.422093 0.998930 -0.605415 -1.589779
0 0.269006 0.991012 -0.327709 -1.704632
0 0.364033 1.000758 -0.388325 -1.639521
0 0.327442 1.000287 -0.409835 -1.649855
0 0.133610 0.993356 0.059335 -1.719020
0 0.269676 0.991166 -0.322035 -1.706417
0 0.319813 0.998918 -0.415072 -1.656379
0 0.319789 0.999540 -0.415677 -1.655438
0 0.319792 0.998098 -0.415321 -1.657236
0 0.331416 1.000250 -0.406657 -1.650237
0 0.422929 1.001451 -0.608114 -1.575927
0 0.269846 0.994073 -0.310379 -1.701518
0 0.270494 0.994893 -0.308827 -1.700346
0 0.320848 0.998443 -0.412305 -1.662916
0 0.318026 0.996667 -0.416263 -1.656262
0 0.270260 0.994297 -0.309608 -1.701036
0 0.318157 0.997327 -0.416949 -1.655520
0 0.319555 0.999673 -0.414002 -1.652765
0 0.318025 0.997457 -0.416915 -1.655748
0 0.364129 0.997468 -0.494549 -1.633645
0 0.380811 1.001564 -0.374754 -1.640813
0 0.381352 1.000961 -0.374071 -1.640715
0 0.428115 1.002665 -0.589128 -1.576153
0 0.379754 0.999758 -0.376396 -1.643340
0 0.317733 0.998776 -0.416579 -1.654737
0 0.318386 0.997108 -0.416509 -1.665825
0 0.366167 1.002204 -0.494731 -1.619015
0 0.366160 1.002542 -0.494527 -1.619070
0 0.366303 1.001663 -0.494658 -1.621152
0 0.269618 0.990057 -0.319801 -1.713981
0 0.131197 0.992784 0.043407 -1.721346
0 0.277995 0.992919 -0.321915 -1.695319
0 0.278816 0.998062 -0.313782 -1.684335
0 0.268551 0.990219 -0.321374 -1.713587
0 0.131194 0.994502 0.065688 -1.717469
0 0.277899 0.994014 -0.322231 -1.693700
0 0.376714 1.000454 -0.436613 -1.626616
0 0.277347 0.992587 -0.323188 -1.694474
0 0.377776 1.000409 -0.435112 -1.627290
0 0.376386 0.999801 -0.438118 -1.628410
0 0.373194 1.002122 -0.381707 -1.643122
0 0.372524 1.000304 -0.382371 -1.644878
0 0.329086 0.999730 -0.411973 -1.659207
0 0.373039 1.000830 -0.380352 -1.645147
0 0.330200 1.000127 -0.409561 -1.650167
0 0.427239 1.003197 -0.598944 -1.559136
0 0.398991 1.002216 -0.332970 -1.633898
