0 0.448349 0.762973 -0.106393 -0.245070
0 0.824775 1.096393 -0.214740 -0.246394
0 0.448033 0.764747 -0.105335 -0.243461
0 0.823523 1.099475 -0.214911 -0.240683
0 0.446947 0.763763 -0.106871 -0.243521
0 0.452687 0.767384 -0.104146 -0.244539
0 0.454518 0.768472 -0.101178 -0.241940
0 0.454283 0.768120 -0.101482 -0.243939
0 0.833369 1.090163 -0.129296 -0.265520
0 0.842039 1.091261 -0.111519 -0.264256
0 0.402469 0.721496 -0.120868 -0.297971
0 0.811794 1.107033 -0.238426 -0.216291
0 0.812775 1.108794 -0.234794 -0.213180
0 0.405069 0.764549 -0.119493 -0.277753
0 0.140595 0.708389 -0.155313 -1.063584
0 0.137564 0.703598 -0.156708 -1.075555
0 0.137396 0.703429 -0.157035 -1.075826
0 0.140855 0.707257 -0.155028 -1.067441
0 0.140178 0.707088 -0.156175 -1.066785
0 0.449063 0.771761 -0.087393 -0.271509
0 0.805796 1.114766 -0.281131 -0.202683
0 0.806635 1.117569 -0.275496 -0.196606
0 0.434790 0.743308 -0.109594 -0.262179
0 0.434415 0.745493 -0.109982 -0.259126
0 0.432942 0.744236 -0.112852 -0.260733
