0 0.553022 0.780467 -0.812949 -0.441478
0 0.553053 0.780139 -0.813148 -0.442611
0 0.554503 0.778389 -0.812474 -0.445132
0 0.554370 0.777922 -0.812898 -0.447225
0 0.429264 0.832132 -0.538165 -0.361084
0 0.429052 0.834107 -0.538607 -0.357078
0 0.367552 0.846184 -0.385206 -0.379005
0 0.367908 0.846223 -0.385428 -0.379929
0 0.429739 0.845206 -0.535317 -0.355498
0 0.429868 0.843834 -0.535006 -0.357490
0 0.552392 0.788783 -0.812482 -0.433484
0 0.551800 0.786550 -0.814172 -0.434304
0 0.554505 0.788520 -0.812875 -0.434882
0 0.364806 0.843626 -0.391093 -0.381800
0 0.364637 0.842437 -0.390831 -0.382432
0 0.553933 0.784168 -0.814131 -0.438386
0 0.431949 0.829230 -0.536051 -0.360716
0 0.431841 0.829961 -0.536527 -0.359462
0 0.369492 0.859677 -0.382328 -0.374551
0 0.432106 0.849309 -0.537417 -0.368553
0 0.554487 0.788623 -0.803433 -0.436896
0 0.554058 0.789424 -0.803705 -0.434547
0 0.373075 0.848435 -0.384193 -0.373478
0 0.373371 0.848392 -0.383804 -0.372989
0 0.554846 0.811139 -0.803430 -0.409818
0 0.430900 0.853744 -0.538129 -0.349035
0 0.431202 0.852847 -0.537659 -0.349707
0 0.559099 0.810019 -0.804461 -0.415212
0 0.557628 0.787961 -0.809782 -0.432782
0 0.557976 0.786643 -0.808819 -0.436457
0 0.429558 0.860363 -0.548904 -0.343962
0 0.924966 0.985785 0.512546 -0.909222
0 0.911959 0.962641 0.571387 -1.022987
0 0.380709 0.858023 -0.384629 -0.376668
0 0.934082 0.974459 0.537332 -0.962204
0 0.434689 0.837768 -0.531029 -0.362642
0 0.554270 0.807731 -0.805165 -0.414475
0 0.909105 0.986309 0.572182 -0.910518
0 0.558805 0.807529 -0.805916 -0.417356
0 0.373445 0.893037 -0.374970 -0.344375
0 0.931674 0.973034 0.407815 -0.952747
0 0.920196 0.972167 0.377289 -0.953330
0 0.368396 0.824517 -0.390745 -0.383379
0 0.368027 0.823545 -0.391603 -0.384624
0 0.929276 0.968751 0.432270 -0.994976
0 0.915832 0.970165 0.392123 -0.992177
