0 0.496596 0.752958 -0.239420 -0.448367
0 0.495987 0.752126 -0.240824 -0.446596
0 0.496001 0.753795 -0.238709 -0.447796
0 0.559462 0.752485 -0.211316 -0.460435
0 0.559443 0.753470 -0.211009 -0.457489
0 0.559117 0.752601 -0.211886 -0.459348
0 0.489652 0.750451 -0.157103 -0.440978
0 0.490415 0.749587 -0.154456 -0.439177
0 0.456988 0.768180 -0.292999 -0.432772
0 0.489722 0.750879 -0.158803 -0.441769
0 0.478650 0.771717 -0.274345 -0.430734
0 0.472352 0.751087 -0.277726 -0.458434
0 0.473531 0.749972 -0.273691 -0.460522
0 0.476470 0.751588 -0.274513 -0.457430
0 0.560631 0.748183 -0.224972 -0.473231
0 0.560631 0.749275 -0.224343 -0.470644
0 0.560710 0.747340 -0.223513 -0.474526
