0 0.592081 0.737196 -0.680720 -0.065763
0 0.592342 0.733761 -0.680292 -0.070975
0 0.592687 0.740647 -0.680133 -0.058547
0 0.466224 1.313944 0.016781 0.573019
0 0.736783 1.323360 -0.554109 0.442835
0 0.593190 0.721896 -0.672569 -0.087035
0 0.739338 1.339590 -0.552306 0.471010
0 0.592990 0.718932 -0.673970 -0.094020
0 0.594051 0.725483 -0.670918 -0.080752
0 0.738110 1.316851 -0.592333 0.403449
0 0.740410 1.331399 -0.584198 0.425513
0 0.714042 1.318014 -0.673587 0.312402
0 0.714206 1.321072 -0.674870 0.316757
0 0.479699 1.324220 0.094371 0.574790
0 0.455505 1.351319 -0.057480 0.615197
