0 0.450519 0.618419 -0.458684 -0.040354
0 0.450785 0.617944 -0.458127 -0.042719
0 0.451164 0.618629 -0.457532 -0.043567
0 0.450177 0.617707 -0.457752 -0.039531
0 0.448967 0.615828 -0.460410 -0.048490
0 0.543662 0.554109 -0.753031 -0.240356
0 0.449496 0.616082 -0.459075 -0.045677
0 0.544331 0.552386 -0.752087 -0.244715
0 0.545504 0.550080 -0.749510 -0.237092
0 0.546107 0.550136 -0.749106 -0.235544
0 0.715735 0.633647 -0.832279 -0.413822
0 0.717630 0.631085 -0.825112 -0.418553
0 0.715304 0.633264 -0.832428 -0.414477
0 0.717625 0.630744 -0.825198 -0.418007
0 0.715736 0.633648 -0.830780 -0.413644
0 0.717941 0.631217 -0.824445 -0.416882
0 0.452903 0.645971 -0.453405 -0.016289
0 0.546116 0.554095 -0.752026 -0.237133
0 0.547463 0.554535 -0.748988 -0.237470
0 0.718714 0.627362 -0.827185 -0.422189
0 0.451309 0.621915 -0.456835 -0.051314
0 0.547221 0.548704 -0.749468 -0.243614
0 0.451477 0.621806 -0.456144 -0.052135
0 0.451100 0.622381 -0.457302 -0.051182
0 0.719295 0.621951 -0.825930 -0.432615
0 0.547497 0.546236 -0.744471 -0.243923
0 0.547603 0.544881 -0.744108 -0.248511
0 0.717295 0.639346 -0.837957 -0.426321
0 0.544067 0.556053 -0.748480 -0.232172
0 0.544216 0.551101 -0.747512 -0.240990
0 0.547149 0.549183 -0.745724 -0.241148
0 0.545138 0.553500 -0.748906 -0.234601
0 0.547085 0.552095 -0.745795 -0.238065
0 0.718117 0.634687 -0.836459 -0.437707
0 0.714701 0.630293 -0.832442 -0.411908
0 0.544062 0.554087 -0.748055 -0.236212
0 0.714571 0.628691 -0.832202 -0.413321
0 0.714590 0.629592 -0.833109 -0.410934
0 0.454605 0.623250 -0.451547 -0.039333
0 0.456893 0.656056 -0.446215 -0.011229
0 0.299097 1.098872 0.204407 -0.033018
0 0.294152 1.106114 0.193836 -0.070745
0 0.298169 1.099207 0.202316 -0.033506
0 0.295504 1.106167 0.195838 -0.068635
0 0.294132 1.106848 0.198101 -0.068607
0 0.293225 1.106795 0.195725 -0.068073
0 0.451765 0.636545 -0.455910 -0.031540
0 0.712966 0.623622 -0.832623 -0.419526
0 0.304961 1.069869 0.198114 -0.142786
0 0.713449 0.619618 -0.831425 -0.428125
0 0.452997 0.614802 -0.453272 -0.047833
0 0.720983 0.613629 -0.821275 -0.411542
0 0.296248 1.097554 0.205210 -0.032187
0 0.452478 0.646959 -0.454146 -0.052243
0 0.721197 0.607377 -0.820868 -0.421148
0 0.295575 1.099340 0.202032 -0.028966
0 0.306595 1.075162 0.198290 -0.177393
