0 0.968614 0.790919 -1.018053 -0.321284
0 0.967867 0.790523 -1.019724 -0.320039
0 0.965840 0.791080 -1.024461 -0.320099
0 0.200569 0.634916 -0.022545 -0.539586
0 0.200851 0.634828 -0.021913 -0.539818
0 0.197771 0.633734 -0.024533 -0.541476
0 0.197704 0.634344 -0.025003 -0.540416
0 0.099379 0.625347 0.066638 -0.552650
0 0.199799 0.633633 -0.019381 -0.546726
0 0.966839 0.789031 -1.038699 -0.333918
0 0.200112 0.633080 -0.018604 -0.547258
0 0.966206 0.788862 -1.040089 -0.333910
0 0.100013 0.625972 0.066991 -0.552071
0 0.101712 0.626559 0.069697 -0.549651
0 0.574014 0.610808 -0.675780 -0.497666
0 0.965526 0.788209 -1.042329 -0.336159
0 0.574292 0.610302 -0.674866 -0.496997
0 0.571685 0.594482 -0.672112 -0.526250
0 0.101880 0.627476 0.069670 -0.547807
0 0.571141 0.594048 -0.674558 -0.526204
0 0.350860 0.549430 -0.327320 -0.566458
0 0.350622 0.550215 -0.327406 -0.565791
0 0.353137 0.550645 -0.323578 -0.564891
0 0.350770 0.550379 -0.326710 -0.564954
0 0.353361 0.550408 -0.323050 -0.564721
0 0.201918 0.633936 -0.018769 -0.544168
0 0.100585 0.623983 0.066874 -0.555153
0 0.099717 0.623131 0.066166 -0.554944
0 0.353828 0.551822 -0.323370 -0.562008
0 0.575190 0.593422 -0.681333 -0.527352
0 0.575121 0.592867 -0.680909 -0.527320
0 0.201238 0.632345 -0.019723 -0.545944
0 0.353153 0.553403 -0.324585 -0.559327
0 0.353670 0.554345 -0.323190 -0.557538
0 0.350970 0.551014 -0.326351 -0.562714
0 0.351060 0.550794 -0.326218 -0.564067
0 0.573035 0.593565 -0.668858 -0.522662
0 0.353216 0.548093 -0.310718 -0.567762
0 0.353357 0.547845 -0.310598 -0.568052
0 0.572797 0.593935 -0.668664 -0.522342
0 0.349665 0.547558 -0.316196 -0.571673
0 0.349912 0.547730 -0.315333 -0.571085
0 0.352052 0.549260 -0.318112 -0.569104
0 0.352052 0.549866 -0.318068 -0.569051
0 0.351395 0.549850 -0.319559 -0.568471
0 0.574018 0.609411 -0.669737 -0.503251
0 0.574380 0.609289 -0.668619 -0.501530
0 0.820433 0.620736 -1.018600 -0.823296
0 0.773764 0.638947 -1.009245 -0.543194
0 0.822587 0.621475 -1.014945 -0.822349
0 0.987426 0.768815 -0.976665 -0.357737
0 0.773910 0.638448 -1.009467 -0.543329
0 0.103450 0.625265 0.068957 -0.549623
0 0.774535 0.625033 -0.985489 -0.560842
0 0.102862 0.624862 0.067833 -0.550913
0 0.773867 0.625070 -0.984997 -0.560028
0 0.354855 0.551559 -0.309635 -0.561499
0 0.099481 0.620679 0.065590 -0.562927
0 0.353831 0.552836 -0.311373 -0.558460
0 0.766776 0.606132 -1.032926 -0.560319
0 0.823698 0.619989 -1.014975 -0.824318
0 0.766398 0.605423 -1.033970 -0.562202
0 0.355091 0.553269 -0.309568 -0.557816
0 0.819552 0.627717 -1.003214 -0.800959
0 0.769295 0.599409 -0.991113 -0.570140
0 0.566113 0.600416 -0.676441 -0.505218
0 0.768975 0.599255 -0.990448 -0.570293
0 0.144731 0.630349 0.098363 -0.555785
0 0.578947 0.568303 -0.677245 -0.732757
0 0.820831 0.628748 -1.001604 -0.799623
0 0.568025 0.602409 -0.672709 -0.503980
0 0.769399 0.601136 -1.000635 -0.561365
0 0.149469 0.630399 0.101753 -0.556678
0 0.561655 0.566370 -0.687902 -0.728912
0 0.563892 0.567609 -0.685545 -0.724866
0 0.821585 0.630030 -0.997226 -0.796198
0 0.579229 0.568523 -0.678128 -0.733478
0 0.768840 0.598059 -1.002003 -0.565812
0 0.770857 0.600102 -0.997042 -0.562936
0 0.781309 0.626169 -0.975617 -0.561171
0 0.758851 0.604932 -1.052239 -0.554383
0 0.556116 0.528212 -0.956538 -0.623722
0 0.757372 0.603583 -1.056026 -0.555039
0 0.102522 0.618204 0.067203 -0.560165
0 0.199361 0.626959 -0.019570 -0.561088
0 0.572949 0.601141 -0.677662 -0.510811
0 0.555991 0.528019 -0.956713 -0.623342
0 0.556627 0.562866 -0.703099 -0.749571
0 0.555964 0.528290 -0.956586 -0.622932
0 0.990510 0.767441 -0.921762 -0.360802
0 0.766001 0.635592 -0.995325 -0.538150
0 0.556431 0.562901 -0.703848 -0.749879
0 0.765220 0.634006 -0.996008 -0.542536
0 0.780743 0.639341 -0.989506 -0.544440
0 0.987656 0.767928 -0.923807 -0.358494
0 0.987275 0.769452 -0.924327 -0.356222
0 0.560403 0.565317 -0.690155 -0.748458
0 0.193168 0.639557 -0.025349 -0.529825
0 0.758827 0.600451 -1.053561 -0.558248
0 0.560472 0.566351 -0.690444 -0.746340
0 0.993135 0.777104 -0.953714 -0.362555
0 0.560773 0.565836 -0.688594 -0.747049
0 0.193718 0.639799 -0.024509 -0.530733
0 0.775576 0.604699 -0.976146 -0.563882
0 0.557947 0.524647 -0.955148 -0.623442
0 0.567511 0.595998 -0.673585 -0.512335
0 0.200597 0.627493 -0.020554 -0.558742
0 0.557969 0.524949 -0.955104 -0.623102
0 0.557763 0.524690 -0.955127 -0.623406
0 0.834296 0.644120 -1.017408 -0.782484
0 0.833173 0.640219 -1.020396 -0.791497
0 0.107164 0.622665 0.071435 -0.567036
0 0.211570 0.632037 -0.017325 -0.548725
0 0.108266 0.613173 0.075430 -0.552409
0 0.959333 0.788321 -1.077442 -0.320479
0 0.212455 0.632471 -0.015691 -0.547614
0 0.767838 0.637054 -1.019873 -0.537234
0 0.574012 0.599597 -0.669836 -0.522569
0 0.082200 0.625359 0.058162 -0.560806
0 0.105690 0.623343 0.067946 -0.564615
0 0.954510 0.723670 -1.074397 -0.779545
0 0.082032 0.625558 0.057593 -0.560171
0 0.762021 0.634212 -1.031687 -0.543968
0 0.109889 0.613438 0.077997 -0.552083
0 0.956771 0.723565 -1.071967 -0.779471
0 0.671796 0.470859 -1.037019 -0.666077
0 0.955300 0.722656 -1.073411 -0.781946
0 0.669041 0.467089 -1.035319 -0.673511
0 0.840956 0.655145 -1.010635 -0.780678
0 0.556643 0.544924 -0.955186 -0.601570
0 0.557249 0.544852 -0.953976 -0.601684
0 0.829267 0.621643 -1.020937 -0.822097
0 0.828990 0.621777 -1.021890 -0.820931
0 0.098897 0.623373 0.066330 -0.590797
0 0.098390 0.623794 0.066268 -0.589319
0 0.777270 0.609573 -0.994287 -0.558082
0 0.557398 0.545465 -0.953156 -0.600259
0 0.098586 0.620507 0.066704 -0.597181
0 0.670333 0.471367 -1.033528 -0.671362
0 0.670552 0.470014 -1.034096 -0.673558
0 0.807956 0.620768 -1.023547 -0.825896
0 0.105556 0.620893 0.067989 -0.572860
0 0.670345 0.470126 -1.033686 -0.674437
0 0.670485 0.469890 -1.031891 -0.668902
0 0.674754 0.476103 -1.032788 -0.660428
0 0.082053 0.620908 0.057764 -0.569875
0 0.586933 0.594400 -0.656137 -0.526219
0 0.950516 0.796738 -1.130819 -0.305933
0 0.808562 0.621565 -1.021748 -0.824813
0 0.950719 0.796340 -1.131705 -0.309349
0 0.677798 0.543388 -1.023786 -0.619291
0 0.948091 0.796609 -1.131454 -0.307340
