0 0.420074 0.896764 0.011925 -1.450564
0 0.420843 0.896307 0.012318 -1.452042
0 0.420041 0.896984 0.021315 -1.442772
0 0.420875 0.897377 0.022829 -1.439708
0 0.547455 0.921678 -0.390968 -1.278015
0 0.546750 0.922774 -0.392975 -1.277748
0 0.546309 0.922040 -0.391710 -1.276968
0 0.552580 0.922547 -0.387775 -1.268852
0 0.552639 0.923531 -0.387538 -1.266973
0 0.410583 0.900690 0.001818 -1.428713
0 0.408250 0.897353 -0.007325 -1.450085
0 0.544107 0.923913 -0.394641 -1.274600
0 0.409977 0.898363 -0.003307 -1.447585
0 0.545114 0.924699 -0.392142 -1.275027
0 0.409133 0.903168 -0.001594 -1.422645
0 0.544150 0.923883 -0.394139 -1.275951
0 0.571365 0.925123 -0.365052 -1.274129
0 0.571594 0.925031 -0.365976 -1.273485
0 0.568495 0.924190 -0.374470 -1.273130
0 0.407240 0.892709 -0.021486 -1.472089
0 0.408723 0.894215 -0.020358 -1.468413
0 0.438493 0.903157 0.108482 -1.406763
0 0.410501 0.894679 -0.016392 -1.465707
0 0.409045 0.897140 -0.017966 -1.459772
0 0.437016 0.904104 0.108182 -1.405199
