0 0.567439 0.462389 -0.827048 -0.135933
0 0.567516 0.462995 -0.827441 -0.136773
0 0.452954 0.582484 -0.603454 -0.284940
0 0.568119 0.463644 -0.826624 -0.134519
0 0.453065 0.582458 -0.603469 -0.284074
0 0.571056 0.469632 -0.820651 -0.126080
0 0.571106 0.469858 -0.821038 -0.123790
0 0.453903 0.578723 -0.603526 -0.287335
0 0.454081 0.578575 -0.602714 -0.288219
0 0.570521 0.472707 -0.822784 -0.119862
0 0.570794 0.472896 -0.823227 -0.119524
0 0.569091 0.470061 -0.819517 -0.123713
0 0.569275 0.470387 -0.819673 -0.122684
0 0.452355 0.584902 -0.606537 -0.293469
0 0.451942 0.586733 -0.606796 -0.290499
0 0.451496 0.576718 -0.607528 -0.293566
0 0.452756 0.578505 -0.605486 -0.289077
0 0.451688 0.579550 -0.607595 -0.301555
0 0.382162 0.500806 -0.376077 -0.123119
0 0.451365 0.574906 -0.608267 -0.294436
0 0.382235 0.501016 -0.375742 -0.125234
0 0.571031 0.460498 -0.821048 -0.135129
0 0.570765 0.460060 -0.821488 -0.134254
0 0.382872 0.503860 -0.377413 -0.119220
0 0.558538 1.095416 0.135964 -0.287881
0 0.569708 0.462198 -0.822871 -0.131269
0 0.561704 1.092387 0.140037 -0.289065
0 0.383347 0.503862 -0.376126 -0.122482
0 0.692177 0.808069 -0.966453 -0.632561
0 0.385101 0.501417 -0.368718 -0.136548
0 0.454417 0.578031 -0.602404 -0.283749
0 0.692545 0.807849 -0.966189 -0.633475
0 0.383237 0.503253 -0.372777 -0.131340
0 0.559086 1.090755 0.097420 -0.296876
0 0.454001 0.575402 -0.603061 -0.288321
0 0.560990 1.089429 0.106479 -0.294679
0 0.691298 0.809663 -0.967206 -0.630872
0 0.385056 0.499741 -0.368981 -0.136476
0 0.384621 0.502617 -0.374630 -0.123686
0 0.567347 0.463198 -0.824490 -0.156740
0 0.384612 0.505703 -0.373091 -0.121161
0 0.382609 0.486429 -0.377379 -0.206517
0 0.568044 0.465216 -0.823419 -0.153029
0 0.567474 0.462058 -0.824254 -0.159027
0 0.382917 0.489248 -0.376489 -0.204783
0 0.380944 0.489465 -0.381260 -0.202180
0 0.691026 0.796041 -0.971680 -0.627218
0 0.691140 0.795611 -0.971983 -0.628155
0 0.690231 0.796148 -0.971318 -0.626323
0 0.570018 0.471506 -0.821531 -0.113563
0 0.569745 0.460861 -0.822250 -0.131793
0 0.242049 0.486943 0.073708 -0.271823
0 0.570045 0.468086 -0.821796 -0.119670
0 0.241939 0.487762 0.073768 -0.272445
0 0.382905 0.505768 -0.375902 -0.141193
0 0.692794 0.778844 -0.969179 -0.645352
0 0.242114 0.488398 0.072745 -0.271280
0 0.559671 1.085170 0.137129 -0.316980
0 0.653607 0.583064 -1.201996 -0.574140
0 0.381191 0.505091 -0.379383 -0.140489
0 0.380046 0.498261 -0.380229 -0.150680
0 0.691964 0.776762 -0.969836 -0.647714
0 0.381662 0.485929 -0.384239 -0.222648
0 0.382745 0.502668 -0.376563 -0.141671
0 0.693439 0.820198 -0.967424 -0.606301
0 0.653644 0.582327 -1.202881 -0.575587
0 0.381702 0.488955 -0.383531 -0.220950
0 0.653673 0.582197 -1.202937 -0.576648
0 0.454134 0.593551 -0.604111 -0.276011
0 0.380078 0.499966 -0.379588 -0.148524
0 0.381001 0.488433 -0.385261 -0.219356
0 0.692640 0.806996 -0.968382 -0.626483
0 0.455024 0.591318 -0.602913 -0.280181
0 0.237772 0.282725 -0.336490 -0.198253
0 0.558760 1.083125 0.094494 -0.321669
0 0.237883 0.280567 -0.336689 -0.203449
0 0.238206 0.281517 -0.335865 -0.201361
0 0.653946 0.582131 -1.201704 -0.575309
0 0.239981 0.477694 0.068241 -0.290369
0 0.654005 0.584018 -1.201250 -0.574842
0 0.654207 0.583713 -1.200947 -0.573569
0 0.239551 0.484823 0.074675 -0.282688
0 0.693476 0.819522 -0.963729 -0.625054
0 0.239233 0.485567 0.076133 -0.282117
0 0.694069 0.820575 -0.962575 -0.623632
0 0.694201 0.820000 -0.962883 -0.624452
0 0.246831 0.477497 0.071395 -0.279081
0 0.239004 0.478334 0.067023 -0.293399
0 0.239511 0.484968 0.073745 -0.282381
0 0.246824 0.477258 0.071475 -0.281437
0 0.246853 0.477292 0.070597 -0.278392
0 0.452157 0.573375 -0.609226 -0.304419
0 0.552962 1.089985 0.132476 -0.327718
0 0.692941 0.768004 -0.968858 -0.662899
0 0.452343 0.577117 -0.608297 -0.298611
0 0.237485 0.281962 -0.336490 -0.200584
0 0.452155 0.575852 -0.609241 -0.302440
0 0.239875 0.282243 -0.332573 -0.198421
0 0.556347 1.088228 0.135997 -0.329257
0 0.237573 0.282780 -0.337203 -0.198591
0 0.653637 0.578079 -1.201287 -0.553318
0 0.653748 0.578857 -1.200465 -0.552417
0 0.237773 0.285432 -0.336217 -0.195154
0 0.580930 1.098590 0.305175 -0.298037
0 0.580520 1.096025 0.308462 -0.297950
0 0.238379 0.281752 -0.336702 -0.202352
0 0.653843 0.576669 -1.201350 -0.558656
0 0.691773 0.782159 -0.970339 -0.615719
0 0.238385 0.282483 -0.336801 -0.201279
0 0.236256 0.280599 -0.340742 -0.206254
0 0.385473 0.494996 -0.368862 -0.128491
0 0.692067 0.780237 -0.969761 -0.618290
0 0.236338 0.281185 -0.340690 -0.205623
0 0.693245 0.778894 -0.968859 -0.631982
0 0.555040 1.082211 0.135484 -0.344561
0 0.240946 0.283234 -0.328153 -0.199508
0 0.452877 0.570848 -0.608190 -0.294325
0 0.384207 0.494635 -0.370109 -0.127323
0 0.692378 0.785083 -0.970267 -0.611321
0 0.384950 0.490860 -0.369285 -0.131080
0 0.452877 0.573443 -0.607635 -0.290802
0 0.693232 0.824463 -0.969938 -0.607908
0 0.452922 0.574181 -0.608091 -0.290810
