0 0.633983 0.212697 -0.869108 0.117985
0 0.631171 0.213117 -0.874729 0.120557
0 0.631312 0.213254 -0.874627 0.119872
0 0.633783 0.212690 -0.869185 0.116988
0 0.630524 0.205654 -0.883555 0.111562
0 0.631019 0.205852 -0.883515 0.111491
0 0.631011 0.205285 -0.883572 0.110970
0 0.626735 0.209169 -0.883455 0.113228
0 0.626999 0.208556 -0.883068 0.112356
0 0.636492 0.213004 -0.863505 0.118591
0 0.600139 0.555307 -0.724616 -0.000577
0 0.600167 0.556618 -0.723812 -0.001475
0 0.600175 0.555902 -0.723497 0.000400
0 0.635173 0.215278 -0.867617 0.123590
0 0.606060 0.560636 -0.724030 -0.003094
0 0.606507 0.562273 -0.724146 -0.002716
0 0.935684 1.132958 0.614562 0.012735
0 0.623741 0.194818 -0.896840 0.104973
0 0.607255 0.560997 -0.721924 -0.002181
0 0.623826 0.194700 -0.896960 0.105391
0 0.624394 0.194701 -0.894945 0.105250
0 0.631823 0.204107 -0.871575 0.108104
0 0.627528 0.203772 -0.880427 0.107883
0 0.920992 1.127426 0.497485 0.420855
0 0.627382 0.204479 -0.880708 0.108295
0 0.127414 0.162196 0.086271 0.107630
0 0.918974 1.164151 0.580936 0.178670
0 0.633562 0.211836 -0.875892 0.112740
0 0.632787 0.211605 -0.877319 0.112708
0 0.633765 0.210737 -0.875627 0.111534
0 0.598933 0.517138 -0.739777 -0.042554
0 0.938780 1.094392 0.616381 -0.180544
