0 0.332688 1.051520 -0.293115 -0.517032
0 0.332619 1.051045 -0.294068 -0.518198
0 0.696297 1.083860 -0.909910 -0.147158
0 0.696013 1.084187 -0.913524 -0.145839
0 0.699033 1.078246 -0.908803 -0.159995
0 0.698298 1.079609 -0.909648 -0.157272
0 0.593411 1.102470 -0.703563 -0.103052
0 0.594181 1.103527 -0.702794 -0.103306
0 0.438496 1.024553 -0.426439 -0.663390
0 0.439086 1.024550 -0.425396 -0.665868
0 0.334396 1.047047 -0.285872 -0.526281
0 0.335006 1.050481 -0.285013 -0.517432
0 0.332092 1.037508 -0.287248 -0.535508
0 0.439067 1.026553 -0.424701 -0.658971
0 0.596320 1.100742 -0.710096 -0.098530
0 0.594948 1.101802 -0.708506 -0.098327
0 0.330475 1.031975 -0.293947 -0.542347
0 0.438477 1.020805 -0.423297 -0.664077
0 0.438239 1.019347 -0.422515 -0.669859
0 0.439208 1.021957 -0.423697 -0.660195
0 0.424270 0.942386 -0.519257 -1.179832
0 0.339222 1.054176 -0.270040 -0.514193
0 0.693773 1.040397 -0.918221 -0.207748
0 0.424733 0.942157 -0.518368 -1.179833
0 0.428997 0.943096 -0.512247 -1.175828
0 0.428046 0.944084 -0.513572 -1.174101
0 0.424332 0.941377 -0.521113 -1.175061
0 0.428934 0.943942 -0.513117 -1.174262
0 0.424917 0.940912 -0.520483 -1.175797
0 0.331030 1.049351 -0.282537 -0.505435
0 0.698063 1.040260 -0.904890 -0.205555
0 0.437288 1.015903 -0.436075 -0.665219
0 0.338869 1.053870 -0.276929 -0.509319
0 0.436927 1.014695 -0.436679 -0.667730
0 0.331279 1.047323 -0.281344 -0.510084
0 0.438983 1.015322 -0.431670 -0.664625
0 0.441253 1.029214 -0.420275 -0.610748
0 0.696500 1.089405 -0.901796 -0.163579
0 0.425406 0.941960 -0.519816 -1.174961
0 0.585609 1.088156 -0.721488 -0.081992
0 0.697532 1.089605 -0.902409 -0.163322
0 0.426128 0.941256 -0.518817 -1.175919
0 0.426311 0.940643 -0.519223 -1.177215
0 0.697977 1.088909 -0.922221 -0.160163
0 0.332361 1.047692 -0.311992 -0.531422
0 0.696956 1.100827 -0.904223 -0.106879
0 0.693068 1.092034 -0.926834 -0.121622
0 0.333058 1.049428 -0.311881 -0.529002
0 0.586103 1.091993 -0.720812 -0.076894
0 0.427782 0.941867 -0.521048 -1.175815
0 0.696357 1.089278 -0.924192 -0.159630
0 0.330259 1.052305 -0.292129 -0.525866
0 0.333179 1.047376 -0.304654 -0.543607
0 0.428150 0.941788 -0.521175 -1.174764
0 0.435171 1.025896 -0.410090 -0.614549
0 0.337040 1.050019 -0.265752 -0.503400
0 0.603122 1.119107 -0.678621 -0.115482
0 0.603922 1.121205 -0.677794 -0.112623
