0 0.384923 0.986511 -0.078458 -0.680564
0 0.385347 0.986929 -0.077613 -0.680269
0 0.383694 0.986868 -0.079025 -0.682724
0 0.681200 0.976774 -0.786848 -0.584325
0 0.681008 0.975736 -0.787285 -0.582695
0 0.680595 0.975201 -0.786059 -0.584742
0 0.384707 0.979791 -0.078457 -0.691559
0 0.384807 0.978129 -0.078224 -0.693812
0 0.384157 0.977898 -0.079113 -0.693543
0 0.437488 0.598959 -0.631401 -0.922868
0 0.436486 0.599302 -0.633329 -0.922343
0 0.436569 0.599212 -0.633209 -0.923108
0 0.437618 0.597043 -0.631853 -0.924447
0 0.436522 0.597169 -0.633289 -0.923929
0 0.681044 0.971815 -0.788074 -0.594256
0 0.435173 0.600063 -0.635183 -0.920858
0 0.681177 0.970652 -0.787812 -0.595831
0 0.436247 0.597463 -0.633956 -0.922751
0 0.680991 0.970972 -0.787555 -0.594899
0 0.436609 0.597409 -0.633664 -0.921246
0 0.388626 0.975028 -0.079523 -0.720035
0 0.437727 0.598658 -0.634338 -0.918289
0 0.434610 0.596723 -0.636204 -0.929480
0 0.385290 0.983291 -0.080851 -0.707795
0 0.678588 0.978381 -0.792576 -0.580088
0 0.385457 0.982094 -0.081179 -0.710027
0 0.678290 0.974939 -0.792372 -0.580633
0 0.383686 0.982292 -0.082705 -0.709820
0 0.679720 0.975485 -0.791723 -0.578415
0 0.682706 0.954815 -0.786102 -0.684467
0 0.390659 0.966674 -0.073527 -0.707634
0 0.434620 0.598046 -0.639000 -0.920413
0 0.384652 0.965783 -0.088344 -0.809471
0 0.437476 0.597442 -0.631049 -0.920924
0 0.683236 0.959282 -0.784655 -0.617585
0 0.434918 0.601257 -0.635234 -0.918255
0 0.384822 0.966748 -0.080533 -0.690955
0 0.385772 0.967821 -0.079710 -0.688244
0 0.385684 0.967338 -0.078946 -0.688960
0 0.682293 0.914219 -0.784715 -0.622834
0 0.383233 0.975547 -0.071858 -0.715263
0 0.437206 0.598662 -0.632677 -0.919590
0 0.437171 0.600314 -0.638219 -0.917975
0 0.437221 0.600752 -0.638261 -0.917104
0 0.438010 0.600480 -0.636244 -0.917621
0 0.435037 0.596681 -0.635624 -0.927968
0 0.433053 0.596720 -0.638423 -0.923001
0 0.441081 0.601896 -0.632781 -0.919302
0 0.679948 0.990102 -0.796437 -0.593387
0 0.379561 0.971724 -0.077076 -0.698746
0 0.679587 0.988340 -0.796689 -0.599547
0 0.683048 0.966555 -0.787109 -0.704666
0 0.680641 0.988369 -0.795780 -0.600531
0 0.436190 0.600993 -0.628034 -0.919924
