0 0.687176 0.477830 -0.676231 -0.273375
0 0.687683 0.478535 -0.675612 -0.272996
0 0.688041 0.478361 -0.675700 -0.273044
0 0.689479 0.477522 -0.675512 -0.275058
0 0.689156 0.478038 -0.675396 -0.274538
0 0.689762 0.478304 -0.675628 -0.274894
0 0.702801 0.476825 -0.645170 -0.278636
0 0.702359 0.478759 -0.645258 -0.274651
0 0.686190 0.476037 -0.684086 -0.268894
0 0.685998 0.476127 -0.684816 -0.269035
0 0.685915 0.476723 -0.686188 -0.268702
0 0.703214 0.479652 -0.650136 -0.270310
0 0.703749 0.481700 -0.649867 -0.266678
0 0.701227 0.460405 -0.655325 -0.288528
0 0.701715 0.463209 -0.653481 -0.282487
0 0.483928 0.716223 -0.113083 -1.049386
0 0.484386 0.721620 -0.114304 -1.043447
0 0.687250 0.475374 -0.675820 -0.261452
0 0.686885 0.475631 -0.676589 -0.262903
0 0.686038 0.475895 -0.677332 -0.260554
0 0.301860 0.699372 0.204058 -1.066973
0 0.301701 0.708104 0.203065 -1.059291
0 0.708126 0.463127 -0.634703 -0.275478
0 0.291259 0.638673 -0.490675 -1.143346
0 0.708264 0.465374 -0.635934 -0.269370
0 0.290034 0.699804 0.194293 -1.057661
