0 0.562353 1.179316 -0.703750 0.245489
0 0.558825 1.134307 -0.715916 0.174779
0 0.566692 1.179896 -0.692767 0.245269
0 0.561548 1.137576 -0.705778 0.179035
0 0.519249 0.983110 -0.545999 -0.845858
0 0.520593 0.982005 -0.543358 -0.846733
0 0.521960 0.982377 -0.542625 -0.845565
0 0.563045 1.133335 -0.697270 0.189316
0 0.519965 0.984377 -0.545069 -0.849184
0 0.512714 0.982650 -0.545508 -0.854065
0 0.520174 0.985617 -0.543952 -0.846095
0 0.520756 0.985412 -0.542209 -0.844701
0 0.562807 1.136250 -0.698417 0.192940
0 0.504473 0.972798 -0.554961 -0.863415
0 0.504956 0.973235 -0.554454 -0.862245
0 0.507300 0.972775 -0.552181 -0.861763
0 0.564787 1.200460 -0.672467 0.273845
0 0.566018 1.199403 -0.672733 0.269359
0 0.563230 1.162463 -0.693085 0.268354
0 0.503783 0.982957 -0.555071 -0.851986
0 0.554946 1.006300 -0.517635 -0.803965
0 0.555603 1.004948 -0.517191 -0.804196
0 0.563337 1.096129 -0.704597 0.195997
0 0.558713 1.006186 -0.504718 -0.805318
0 0.512178 0.978557 -0.545714 -0.840260
0 0.536718 0.997829 -0.536139 -0.828827
