0 0.589988 1.205179 -0.572141 0.413315
0 0.590367 1.204593 -0.574230 0.413628
0 0.590291 1.196309 -0.577711 0.397723
0 0.590053 1.194662 -0.578261 0.393267
0 0.247586 0.296471 0.163949 -0.168689
0 0.247285 0.298502 0.163382 -0.166506
0 0.250580 0.282654 0.173498 -0.184042
0 0.250061 0.283559 0.171655 -0.183735
0 0.251745 0.292620 0.168487 -0.176629
0 0.251526 0.292899 0.167725 -0.175684
0 0.246064 0.284864 0.162830 -0.170425
0 0.600261 1.204606 -0.536289 0.415823
0 0.245681 0.285670 0.161481 -0.167947
0 0.600192 1.205194 -0.539222 0.415344
0 0.253902 0.292678 0.175430 -0.181237
0 0.253861 0.292117 0.174410 -0.182998
0 0.579297 1.031043 -0.604209 0.310056
