0 0.427657 0.725486 -0.372482 -0.296100
0 0.427902 0.728167 -0.371954 -0.293827
0 0.428350 0.726549 -0.371244 -0.293862
0 0.427441 0.712115 -0.373545 -0.307262
0 0.427700 0.710634 -0.372177 -0.309326
0 0.428424 0.717751 -0.382984 -0.297068
0 0.427930 0.711978 -0.371069 -0.307164
0 0.262493 0.690487 0.057345 -0.380712
0 0.430358 0.725305 -0.381692 -0.298594
0 0.650925 1.054443 -0.241700 -0.432996
0 0.263245 0.692333 0.059005 -0.380464
0 0.650004 1.055998 -0.245326 -0.430038
0 0.647841 1.060177 -0.237789 -0.460478
0 0.649709 1.057186 -0.244047 -0.426293
0 0.430997 0.724960 -0.382485 -0.298914
0 0.434123 0.725662 -0.379955 -0.296548
0 0.647148 1.060383 -0.239564 -0.463232
0 0.647035 1.060668 -0.239213 -0.460371
0 0.263535 0.690637 0.059544 -0.378091
0 0.644156 1.054764 -0.235396 -0.493961
0 0.643889 1.054383 -0.237746 -0.495685
0 0.645668 1.053830 -0.235728 -0.497601
0 0.430157 0.699133 -0.375249 -0.312074
0 0.422626 0.715783 -0.395290 -0.298271
0 0.655907 1.035934 -0.217761 -0.464690
0 0.655546 1.041141 -0.215372 -0.456701
0 0.432732 0.720513 -0.361301 -0.292784
0 0.655499 1.036602 -0.216701 -0.462643
0 0.432515 0.738504 -0.376573 -0.306098
0 0.265455 0.696700 0.059616 -0.386990
0 0.264771 0.696900 0.058357 -0.382997
0 0.264580 0.696507 0.057645 -0.382439
0 0.260281 0.658874 0.055391 -0.401896
0 0.261117 0.659338 0.056862 -0.400256
0 0.261461 0.659046 0.057530 -0.400439
0 0.088669 0.694765 0.059611 -0.470971
0 0.082076 0.723850 0.056099 -0.452381
0 0.089823 0.693154 0.060454 -0.472330
0 0.084193 0.724640 0.057896 -0.451242
0 0.497127 0.658627 -0.491782 -0.603126
0 0.498064 0.657606 -0.490254 -0.604581
