0 0.184019 0.674290 -0.133110 -0.860971
0 0.101352 0.648425 0.064718 -0.808007
0 0.100837 0.648558 0.063971 -0.807500
0 0.249453 0.686438 -0.348942 -0.884005
0 0.183376 0.674421 -0.133899 -0.861448
0 0.098948 0.648873 0.061907 -0.809481
0 0.099025 0.648206 0.062695 -0.809885
0 0.183175 0.673805 -0.134483 -0.862060
0 0.249634 0.686105 -0.348860 -0.885000
0 0.183810 0.674414 -0.131401 -0.856409
0 0.184093 0.673729 -0.130280 -0.858152
0 0.249704 0.686834 -0.348523 -0.883786
0 0.099520 0.649155 0.065048 -0.807550
0 0.099284 0.648534 0.064338 -0.808469
0 0.099397 0.648969 0.064503 -0.808381
0 0.587834 0.635538 -0.934932 -0.844035
0 0.586465 0.635569 -0.939184 -0.840988
0 0.587168 0.635923 -0.938079 -0.841800
0 0.184043 0.674458 -0.130192 -0.858494
0 0.588900 0.637540 -0.933253 -0.840530
0 0.184264 0.674515 -0.128886 -0.859232
0 0.585574 0.637050 -0.941522 -0.839773
0 0.665082 0.636904 -1.095563 -0.850206
0 0.664461 0.636721 -1.097336 -0.850485
0 0.585182 0.636745 -0.940125 -0.841025
0 0.585343 0.637363 -0.941964 -0.839312
0 0.185014 0.673994 -0.131532 -0.861551
0 0.220900 0.633427 -0.278551 -0.853909
0 0.545148 0.730364 -0.643778 -0.776547
0 0.184505 0.673700 -0.131882 -0.861684
0 0.544620 0.731257 -0.644987 -0.775486
0 0.585064 0.636716 -0.942858 -0.840293
0 0.584671 0.637029 -0.940577 -0.840906
0 0.184759 0.674855 -0.131542 -0.860731
0 0.544842 0.729994 -0.646067 -0.774272
0 0.584497 0.636400 -0.941043 -0.841790
0 0.219407 0.633056 -0.279869 -0.857996
0 0.249601 0.687398 -0.347012 -0.886695
0 0.182931 0.673500 -0.135724 -0.863613
0 0.219457 0.632671 -0.279648 -0.857641
0 0.253063 0.685081 -0.347256 -0.883998
0 0.222221 0.633907 -0.275968 -0.854064
0 0.218675 0.632741 -0.281271 -0.858112
0 0.249576 0.687574 -0.346623 -0.885840
0 0.585292 0.638303 -0.940000 -0.836247
0 0.217967 0.633065 -0.282465 -0.855003
0 0.218166 0.633323 -0.282126 -0.854725
0 0.544083 0.729337 -0.649623 -0.776009
0 0.218357 0.633858 -0.281606 -0.853835
0 0.665055 0.636626 -1.095197 -0.853034
0 0.584118 0.639356 -0.942053 -0.832527
0 0.097993 0.647230 0.062315 -0.810821
0 0.097707 0.646442 0.062132 -0.812063
0 0.097892 0.647430 0.062340 -0.811179
0 0.664666 0.635867 -1.095387 -0.852912
0 0.544448 0.729247 -0.644067 -0.775424
0 0.587159 0.638139 -0.939578 -0.836251
0 0.545631 0.731972 -0.640772 -0.775697
0 0.249301 0.687585 -0.347455 -0.885422
0 0.661483 0.634354 -1.100179 -0.854678
0 0.661108 0.634957 -1.100472 -0.854426
0 0.661010 0.634909 -1.100773 -0.854498
0 0.183497 0.672260 -0.132580 -0.861065
0 0.183645 0.672728 -0.132223 -0.860918
0 0.183504 0.672396 -0.132391 -0.860553
0 0.251823 0.687473 -0.347679 -0.884031
0 0.100804 0.648381 0.062505 -0.806866
0 0.453022 0.685024 -0.478642 -0.812018
0 0.218991 0.637140 -0.281706 -0.855021
0 0.101193 0.649582 0.063056 -0.805549
0 0.542602 0.727371 -0.651248 -0.778408
0 0.660951 0.633075 -1.102540 -0.854486
0 0.542420 0.728377 -0.652382 -0.774920
0 0.453035 0.686409 -0.478589 -0.811791
0 0.250913 0.684397 -0.347471 -0.890593
0 0.185766 0.672775 -0.129190 -0.855311
0 0.453222 0.680180 -0.480174 -0.813574
0 0.660950 0.632560 -1.101741 -0.854813
0 0.452700 0.681434 -0.479299 -0.812053
0 0.541099 0.727920 -0.657164 -0.776506
0 0.185229 0.673693 -0.129634 -0.852248
0 0.585801 0.638269 -0.941788 -0.834354
0 0.250605 0.687710 -0.350149 -0.886176
0 0.663543 0.629630 -1.093732 -0.859513
0 0.663883 0.631482 -1.092579 -0.856652
0 0.662653 0.639605 -1.098272 -0.851414
0 0.662914 0.638747 -1.097909 -0.853806
0 0.662634 0.638844 -1.098324 -0.853777
0 0.449151 0.671858 -0.483954 -0.824722
0 0.661867 0.631288 -1.100521 -0.857733
0 0.449834 0.672322 -0.481961 -0.823501
0 0.662277 0.631883 -1.100472 -0.857146
0 0.450189 0.672471 -0.481289 -0.823323
0 0.456336 0.685140 -0.476579 -0.810335
0 0.662061 0.632484 -1.100845 -0.856974
0 0.182834 0.674780 -0.135391 -0.864124
0 0.449172 0.675546 -0.480964 -0.821545
0 0.449343 0.675610 -0.482046 -0.821297
0 0.098875 0.643477 0.067769 -0.825987
0 0.546231 0.727821 -0.634786 -0.784009
0 0.546484 0.727686 -0.633825 -0.785270
0 0.218426 0.632919 -0.278842 -0.854441
0 0.455616 0.680868 -0.477509 -0.812108
0 0.217859 0.632343 -0.280548 -0.854591
0 0.218319 0.633081 -0.279493 -0.854319
0 0.219090 0.636398 -0.279824 -0.853142
0 0.183676 0.668313 -0.135839 -0.870268
0 0.099338 0.649075 0.062204 -0.811489
0 0.099584 0.648706 0.062247 -0.812364
0 0.219894 0.635324 -0.278101 -0.855560
0 0.099622 0.648322 0.062528 -0.813463
0 0.587522 0.634061 -0.943743 -0.840606
0 0.451012 0.679090 -0.479475 -0.817969
0 0.660803 0.639864 -1.102205 -0.850549
0 0.585818 0.638177 -0.944200 -0.838367
0 0.586098 0.637971 -0.943984 -0.838801
0 0.541443 0.732259 -0.659505 -0.769991
0 0.540868 0.732002 -0.661225 -0.772788
0 0.587845 0.633834 -0.942812 -0.839510
0 0.586063 0.637914 -0.943521 -0.839272
0 0.183204 0.673583 -0.137901 -0.864153
0 0.660821 0.641189 -1.101220 -0.847387
0 0.251131 0.679625 -0.347195 -0.899402
0 0.584553 0.635042 -0.937085 -0.838213
0 0.249709 0.686511 -0.351374 -0.876324
0 0.249643 0.681818 -0.284803 -0.840315
0 0.584447 0.636236 -0.937371 -0.836111
0 0.541132 0.727100 -0.652971 -0.785675
0 0.249709 0.685484 -0.351221 -0.879047
0 0.218228 0.631522 -0.280079 -0.858990
0 0.095885 0.642819 0.063366 -0.827325
0 0.249335 0.685782 -0.351702 -0.877914
0 0.216296 0.630094 -0.280799 -0.861303
0 0.584056 0.636275 -0.940492 -0.841479
0 0.584180 0.636380 -0.940521 -0.841078
0 0.541000 0.733059 -0.660200 -0.771221
0 0.662126 0.631170 -1.101575 -0.859193
0 0.584471 0.636113 -0.940171 -0.841741
0 0.549756 0.730359 -0.580211 -0.777230
0 0.255895 0.686422 -0.341457 -0.881570
0 0.092991 0.646772 0.054527 -0.820092
0 0.250089 0.683052 -0.282770 -0.837045
0 0.551298 0.729718 -0.573794 -0.778453
0 0.222382 0.636862 -0.275813 -0.853434
0 0.543941 0.729448 -0.647370 -0.777281
0 0.255717 0.689047 -0.341049 -0.881421
0 0.661339 0.630042 -1.102693 -0.860668
0 0.215640 0.630937 -0.281741 -0.860123
0 0.543650 0.728623 -0.648793 -0.779205
0 0.549585 0.730536 -0.572154 -0.779468
0 0.183978 0.669074 -0.134793 -0.873121
0 0.541793 0.728366 -0.654576 -0.778768
0 0.250668 0.686402 -0.346809 -0.895000
0 0.250622 0.681227 -0.350137 -0.896083
0 0.466705 0.680344 -0.470855 -0.813690
0 0.090816 0.645276 0.055404 -0.822485
0 0.467214 0.680777 -0.469940 -0.811805
0 0.250687 0.683317 -0.346894 -0.900489
0 0.250574 0.685151 -0.347410 -0.897236
0 0.443886 0.669211 -0.484910 -0.822861
0 0.664684 0.641901 -1.098453 -0.855032
0 0.443601 0.669175 -0.485489 -0.822596
0 0.664789 0.643433 -1.098315 -0.852505
0 0.664571 0.641962 -1.098497 -0.855386
0 0.444082 0.668277 -0.484539 -0.824221
0 0.184863 0.668297 -0.134962 -0.871886
0 0.219681 0.631247 -0.276439 -0.858976
0 0.547891 0.728498 -0.615598 -0.779296
0 0.548712 0.729586 -0.613673 -0.776290
0 0.187142 0.674253 -0.133621 -0.860768
0 0.187120 0.674505 -0.132732 -0.857789
