0 0.641442 0.825825 -0.463332 0.162388
0 0.642231 0.825113 -0.461214 0.162835
0 0.640829 0.820740 -0.464104 0.152380
0 0.771498 0.852014 -0.177604 -0.109505
0 0.770133 0.854924 -0.179602 -0.104042
0 0.769928 0.847461 -0.179924 -0.116591
0 0.655896 0.852223 -0.429564 0.140626
0 0.658389 0.852615 -0.423326 0.140291
0 0.637327 0.817576 -0.474532 0.168023
0 0.639203 0.818481 -0.469636 0.168389
0 0.664282 0.838936 -0.411378 0.122181
0 0.766667 0.884547 -0.186572 -0.088117
0 0.767148 0.886046 -0.185631 -0.085047
0 0.766356 0.869777 -0.185439 -0.117928
0 0.639276 0.816057 -0.469578 0.160884
0 0.635039 0.810638 -0.464396 0.140687
0 0.751212 0.850435 -0.193515 -0.101772
0 0.749969 0.852509 -0.194970 -0.103111
0 0.630400 0.824803 -0.456804 0.164622
0 0.627658 0.825933 -0.461795 0.167851
