0 0.344840 0.565928 0.231287 -0.442689
0 0.936189 0.481600 -1.150451 -0.507046
0 0.345016 0.569358 0.230910 -0.439563
0 0.935935 0.481752 -1.149670 -0.507309
0 0.343468 0.570147 0.228168 -0.440203
0 0.936659 0.481946 -1.152279 -0.506345
0 0.339392 0.543099 0.219806 -0.452155
0 0.338469 0.543892 0.218084 -0.450601
0 0.339564 0.543901 0.220444 -0.449510
0 0.944868 0.480759 -1.139593 -0.513477
0 0.945553 0.480552 -1.138255 -0.515045
0 0.942910 0.479013 -1.146150 -0.512416
0 0.943563 0.478549 -1.145041 -0.513617
0 0.945364 0.481802 -1.144129 -0.514086
0 0.944798 0.482408 -1.142952 -0.514124
0 0.944497 0.482052 -1.146712 -0.514013
0 0.356029 0.547530 0.243546 -0.424294
0 0.354378 0.530424 0.233250 -0.491123
0 0.338703 0.570252 0.225364 -0.446326
0 0.340078 0.569295 0.227788 -0.448450
0 0.355498 0.528503 0.235477 -0.494719
0 0.337725 0.570948 0.223911 -0.444794
0 0.944110 0.484355 -1.147154 -0.511753
0 0.943507 0.485139 -1.146299 -0.510008
0 0.356879 0.543663 0.244881 -0.434808
0 0.942460 0.486747 -1.147518 -0.508543
0 0.331591 0.544519 0.193207 -0.397479
0 0.333025 0.544660 0.200668 -0.393622
0 0.332530 0.544918 0.193697 -0.396603
0 0.942434 0.477899 -1.143904 -0.507604
0 0.831274 0.474676 -1.221964 -0.511807
0 0.833177 0.474560 -1.221188 -0.512188
0 0.941365 0.477759 -1.142126 -0.507729
0 0.832734 0.474957 -1.221516 -0.511509
0 0.941639 0.476985 -1.145235 -0.509990
0 0.355602 0.565965 0.238981 -0.467981
0 0.873540 0.476242 -1.198997 -0.508747
0 0.872989 0.477306 -1.198635 -0.506244
0 0.280335 0.422534 0.019280 -0.464697
0 0.281201 0.422450 0.020750 -0.464092
0 0.835598 0.475640 -1.215544 -0.509192
0 0.838625 0.475633 -1.213994 -0.510388
