0 0.482197 1.082006 -0.407370 -0.221020
0 0.482174 1.082190 -0.406402 -0.218886
0 0.480509 1.093847 -0.406223 -0.223937
0 0.480115 1.096311 -0.405872 -0.217786
0 0.476250 1.104528 -0.422097 -0.218786
0 0.474417 1.104658 -0.422723 -0.217516
0 0.479709 1.072608 -0.422174 -0.223279
0 0.481234 1.073145 -0.420554 -0.221160
0 0.494362 1.068956 -0.383426 -0.222505
0 0.480219 1.064933 -0.406427 -0.278390
0 0.827359 1.017701 0.263857 -0.757067
0 0.814291 1.017571 0.235149 -0.760260
0 0.499681 1.105741 -0.376151 -0.204789
0 0.471836 1.079560 -0.482322 -0.325428
0 0.482686 1.058523 -0.406484 -0.256221
