0 0.312407 0.337786 -0.434534 -0.430430
0 0.313998 0.336856 -0.434220 -0.430409
0 0.312286 0.333746 -0.435914 -0.437979
0 0.312638 0.335379 -0.434822 -0.433312
0 0.312456 0.333533 -0.435690 -0.438606
0 0.312346 0.333449 -0.435752 -0.437724
0 0.314029 0.334991 -0.430829 -0.435658
0 0.312806 0.334607 -0.432834 -0.436471
0 0.311918 0.336352 -0.440337 -0.433869
0 0.312497 0.336604 -0.438917 -0.433838
0 0.311908 0.337378 -0.440426 -0.432767
0 0.313487 0.336975 -0.433328 -0.431268
0 0.312815 0.336231 -0.434334 -0.432877
0 0.311649 0.333913 -0.436790 -0.436362
0 0.310779 0.333645 -0.438344 -0.436935
0 0.312130 0.332861 -0.437268 -0.437063
0 0.312455 0.333607 -0.437748 -0.435725
0 0.311758 0.333027 -0.438095 -0.436905
0 0.311832 0.336606 -0.436875 -0.431900
0 0.310129 0.335792 -0.439969 -0.433954
0 0.312443 0.339641 -0.436056 -0.438826
0 0.312678 0.340126 -0.437240 -0.437332
