0 1.167835 0.937536 0.156710 0.493692
0 0.333370 0.660834 -0.040028 -0.155533
0 0.333271 0.661976 -0.040757 -0.150670
0 0.333893 0.662299 -0.041295 -0.149811
0 0.338929 0.662198 -0.018485 -0.159153
0 0.338946 0.663639 -0.017730 -0.153910
0 0.340394 0.663609 -0.014613 -0.153597
0 1.184651 0.743149 0.791980 -0.640572
0 0.326908 0.694829 -0.049024 -0.182137
0 0.334014 0.644907 -0.039902 -0.171768
0 0.332116 0.695590 -0.042967 -0.142575
0 0.334466 0.698967 -0.039431 -0.141189
0 0.332375 0.634916 -0.065835 -0.160135
0 0.333326 0.671239 -0.042063 -0.162798
0 0.333013 0.636524 -0.064528 -0.154964
0 1.098754 0.936409 0.169497 0.462859
0 0.332120 0.670192 -0.042733 -0.172032
0 1.172041 0.744479 0.762720 -0.640599
0 1.117196 0.743138 0.755985 -0.645287
