0 0.865853 1.043440 0.548733 0.245315
0 0.045462 0.621619 0.006800 -0.755320
0 0.047334 0.620669 0.005229 -0.755534
0 0.047634 0.620321 0.005560 -0.755851
0 0.045057 0.617885 0.005981 -0.762426
0 0.047744 0.620538 0.005694 -0.756005
0 0.045055 0.620402 0.005065 -0.753525
0 0.045069 0.621757 0.004915 -0.752100
0 0.045894 0.620664 0.006409 -0.753953
0 0.045911 0.620631 0.004925 -0.752155
0 0.045828 0.620808 0.005002 -0.751638
0 0.046011 0.619979 0.004941 -0.753096
0 0.047952 0.617650 0.006818 -0.759934
