0 0.608738 0.912590 -0.904178 -0.569578
0 0.609042 0.914288 -0.903371 -0.564796
0 0.608447 0.910089 -0.905409 -0.570021
0 0.609027 0.911928 -0.904821 -0.567519
0 0.611918 0.915447 -0.900738 -0.589729
0 0.609046 0.891425 -0.902272 -0.592488
0 0.601328 0.910321 -0.905560 -0.597271
0 0.608907 0.892310 -0.902920 -0.584806
0 0.602259 0.894887 -0.907710 -0.587515
0 0.601712 0.894094 -0.909338 -0.584628
0 0.599946 0.909020 -0.908053 -0.599797
0 0.611758 0.912741 -0.901370 -0.592284
0 0.612993 0.886327 -0.906915 -0.589723
0 0.613319 0.888703 -0.906743 -0.587260
0 0.611540 0.914967 -0.906255 -0.568070
0 0.611466 0.912904 -0.906440 -0.572266
0 0.299381 0.490704 -0.338774 -0.572914
