0 0.297143 0.734386 -0.099919 0.110808
0 0.297279 0.723306 -0.100924 0.090625
0 0.297375 0.730134 -0.098998 0.102407
0 0.297411 0.723487 -0.100802 0.085790
0 0.297505 0.722771 -0.098127 0.089405
0 0.296727 0.733642 -0.099869 0.109472
0 0.292678 0.722912 -0.104545 0.050200
0 0.709364 0.878538 -0.868568 0.582024
0 0.291020 0.713228 -0.105827 0.068681
0 0.709395 0.879447 -0.869162 0.584494
0 0.710811 0.964279 -0.859461 0.644438
0 0.710546 0.965285 -0.858566 0.647360
0 0.302792 0.723895 -0.093120 0.054510
0 0.290999 0.751311 -0.101040 0.121431
0 0.291633 0.748532 -0.099776 0.116078
0 0.702955 0.970944 -0.907923 0.641963
0 0.290946 0.751687 -0.100899 0.122525
0 0.701714 0.971855 -0.909084 0.645302
0 0.702130 0.872458 -0.912644 0.574833
0 0.701008 0.871419 -0.915220 0.571289
