0 0.700933 0.627621 -0.902088 -0.881192
0 0.700826 0.628274 -0.901300 -0.880414
0 0.703107 0.627302 -0.896241 -0.883435
0 0.702821 0.627949 -0.897433 -0.883865
0 0.701439 0.628275 -0.905931 -0.880661
0 0.700815 0.628692 -0.907832 -0.880720
0 0.702454 0.629626 -0.895618 -0.876521
0 0.702301 0.630271 -0.896563 -0.876322
0 0.700678 0.627906 -0.905539 -0.884004
0 0.700340 0.628801 -0.906311 -0.883405
0 0.769739 1.225428 0.552665 0.792702
0 0.702136 0.627951 -0.901866 -0.881381
0 0.702091 0.628262 -0.901439 -0.881095
0 0.701140 0.633289 -0.881682 -0.874732
0 0.701503 0.632379 -0.882207 -0.876734
0 0.674957 0.628728 -0.915808 -0.877389
