0 0.871235 0.580776 -0.312217 0.041614
0 0.869846 0.580088 -0.318781 0.040700
0 0.870154 0.581054 -0.313626 0.041126
0 0.853541 0.591574 -0.287466 0.049534
0 0.851629 0.591707 -0.290661 0.050860
0 0.855132 0.591074 -0.281817 0.053072
0 0.944468 0.851038 -0.140040 0.065536
0 0.935740 0.875478 -0.150021 0.158215
0 0.943269 0.848791 -0.142628 0.062446
0 0.935004 0.875242 -0.151323 0.155225
0 0.828740 0.559670 -0.416112 0.018019
0 0.860073 0.566268 -0.363484 0.035089
0 0.856180 0.564535 -0.369109 0.036841
0 0.922920 0.862804 -0.134771 0.152541
0 0.857526 0.565392 -0.368851 0.039263
0 0.920945 0.862662 -0.139484 0.150159
0 0.809992 0.564189 -0.372650 0.015882
0 0.873332 0.584544 -0.431079 0.052371
0 0.867602 0.584759 -0.434874 0.050063
0 0.820264 0.555406 -0.493047 0.019875
0 0.874023 0.583691 -0.419619 0.048676
0 0.935627 0.848585 -0.126801 0.064533
0 0.934084 0.849118 -0.131915 0.067100
