0 0.880020 0.575931 -0.695324 -0.566201
0 0.882236 0.576066 -0.690955 -0.567135
0 0.881586 0.575917 -0.691578 -0.567885
0 0.871478 0.584160 -0.702098 -0.560468
0 0.872830 0.585306 -0.699156 -0.557967
0 0.978449 0.951870 0.685891 0.579145
0 0.869643 0.584028 -0.705229 -0.558761
0 0.877885 0.570453 -0.707886 -0.572807
0 0.877856 0.570542 -0.704562 -0.572496
0 0.877805 0.570788 -0.705342 -0.572338
0 0.860958 0.569662 -0.704079 -0.574853
0 0.858702 0.570947 -0.707071 -0.571299
0 0.902856 0.827705 -1.414227 -0.168490
0 0.867807 0.576079 -0.693557 -0.578241
0 0.747377 0.964301 0.515575 0.601315
0 0.889706 0.823985 -1.489506 -0.137408
0 0.865992 0.576851 -0.696655 -0.576448
0 0.861678 0.563045 -0.755076 -0.582723
0 0.893601 0.836423 -1.480062 -0.111569
0 0.860849 0.564228 -0.754672 -0.579236
0 0.895855 0.827623 -1.446119 -0.161768
