0 0.240728 1.120754 0.157751 -0.963109
0 0.240882 1.122021 0.157660 -0.960329
0 0.240199 1.119784 0.157276 -0.965229
0 0.238060 1.119416 0.154463 -0.951846
0 0.237060 1.114498 0.151408 -0.955920
0 0.237733 1.112792 0.156048 -0.987279
0 0.237802 1.113451 0.154996 -0.986743
0 0.236563 1.113451 0.154009 -0.984756
0 0.642037 1.315323 0.027810 0.132499
0 0.648487 1.312710 0.035723 0.208497
0 0.673908 1.328387 0.060624 0.255725
0 0.234181 1.111804 0.151908 -0.954476
0 0.228881 1.120460 0.150545 -0.967669
0 0.233730 1.117534 0.149486 -0.943695
0 0.229244 1.120228 0.150927 -0.967522
0 0.228703 1.119992 0.150664 -0.967701
0 0.277011 1.118880 0.190910 -0.970225
0 0.275734 1.120646 0.188506 -0.965130
0 0.275763 1.117920 0.187673 -0.972920
0 0.668409 1.312546 0.050868 0.122031
