0 0.254493 0.841274 -0.218007 -0.596154
0 0.254030 0.839413 -0.218514 -0.599182
0 0.254808 0.843419 -0.216662 -0.592358
0 0.254063 0.842150 -0.218330 -0.596188
0 0.256140 0.833917 -0.213038 -0.613920
0 0.254772 0.844650 -0.219481 -0.608643
0 0.255350 0.831858 -0.215345 -0.616339
0 0.254031 0.844498 -0.221859 -0.608531
0 0.255290 0.827587 -0.215762 -0.626451
0 0.253929 0.835945 -0.222707 -0.626462
0 0.255670 0.838825 -0.213898 -0.587547
0 0.256569 0.838280 -0.212481 -0.588455
0 0.255094 0.831000 -0.215824 -0.602367
0 0.254836 0.828658 -0.216758 -0.608246
0 0.254250 0.845820 -0.219111 -0.618419
0 0.253376 0.844044 -0.221261 -0.622932
0 0.254551 0.823643 -0.217346 -0.615530
