0 0.513583 0.942522 -0.773558 -1.153295
0 0.513124 0.943423 -0.774189 -1.152417
0 0.513671 0.941099 -0.773825 -1.157634
0 0.513687 0.942765 -0.775812 -1.148654
0 0.513964 0.944334 -0.774883 -1.145972
0 0.517142 0.943419 -0.765478 -1.149590
0 0.516732 0.946376 -0.767245 -1.145077
0 0.517418 0.945415 -0.765590 -1.147244
0 0.517159 0.945271 -0.769609 -1.145744
0 0.517064 0.944982 -0.769884 -1.145108
0 0.804957 1.211015 -0.300327 0.486659
0 0.806856 1.218063 -0.296793 0.496976
0 0.801559 1.212476 -0.322262 0.498857
0 0.803197 1.217651 -0.321024 0.504654
0 0.513514 0.945392 -0.784819 -1.144860
0 0.513630 0.942117 -0.784140 -1.151521
0 0.413025 1.083941 0.226431 0.402945
0 0.566934 0.164276 -0.660361 0.108026
0 0.569414 0.161709 -0.647572 0.105202
0 0.566715 0.162304 -0.660952 0.105809
0 0.569441 0.161056 -0.647623 0.104416
0 0.801516 1.183031 -0.334574 0.474455
0 0.572498 0.168617 -0.647654 0.112234
0 0.572633 0.169523 -0.646634 0.114079
0 0.801955 1.186207 -0.335279 0.481492
0 0.561359 0.162884 -0.670322 0.105606
0 0.804928 1.172504 -0.307767 0.470486
0 0.807351 1.176267 -0.302122 0.478440
0 0.571989 0.168332 -0.647174 0.112343
0 0.571438 0.167500 -0.647909 0.110597
0 0.513724 0.947153 -0.777530 -1.147246
0 0.513143 0.948272 -0.778779 -1.144901
0 0.513703 0.946134 -0.778287 -1.148921
0 0.574112 0.174397 -0.643931 0.118434
