0 0.707241 0.802847 -0.497623 -0.415264
0 0.709370 0.803688 -0.496643 -0.415803
0 0.709269 0.802939 -0.496262 -0.415300
0 0.703187 0.796493 -0.507262 -0.423734
0 0.703089 0.796253 -0.507243 -0.424007
0 0.704389 0.797105 -0.504749 -0.423498
0 0.442472 0.702670 -0.114058 -0.249678
0 0.443352 0.704320 -0.112160 -0.245487
0 0.443003 0.702990 -0.112617 -0.250931
0 0.302307 0.639334 0.077355 -0.307041
0 0.302974 0.640264 0.077730 -0.304468
0 0.304012 0.641953 0.078728 -0.302357
0 0.445255 0.707760 -0.107776 -0.231355
0 0.446117 0.707372 -0.109654 -0.226604
0 0.319125 0.646198 0.090820 -0.227367
0 0.317812 0.645741 0.089400 -0.232413
0 0.446271 0.709859 -0.111046 -0.220570
0 0.319223 0.649261 0.090091 -0.220485
0 0.632931 0.774000 -0.808913 -0.027748
0 0.633240 0.772753 -0.807786 -0.031899
0 0.633733 0.774326 -0.805905 -0.028737
0 0.295785 0.533192 -0.095977 -0.125608
0 0.295959 0.531727 -0.095598 -0.129870
0 0.301639 0.628814 0.074397 -0.323180
0 0.296695 0.536846 -0.094481 -0.127181
0 0.295993 0.633145 0.066573 -0.331836
0 0.297375 0.632941 0.068924 -0.332338
0 0.302261 0.629145 0.075049 -0.326355
0 0.295373 0.633731 0.065523 -0.332294
0 0.442884 0.696380 -0.115538 -0.310463
0 0.443027 0.694960 -0.116719 -0.311885
0 0.633539 0.732434 -0.808742 -0.068516
0 0.299683 0.633305 0.075049 -0.243614
0 0.301193 0.633233 0.077302 -0.243358
0 0.298858 0.633207 0.073915 -0.243255
0 0.442467 0.694403 -0.117848 -0.313213
0 0.702501 0.795334 -0.502650 -0.368494
0 0.703752 0.795597 -0.500870 -0.366649
0 0.633431 0.738537 -0.809372 -0.061701
0 0.702418 0.795532 -0.501715 -0.367661
0 0.707975 0.804865 -0.501229 -0.325770
0 0.634271 0.732770 -0.806798 -0.067734
0 0.707319 0.804973 -0.500839 -0.321085
0 0.708592 0.806241 -0.498507 -0.316361
0 0.296867 0.514438 -0.107217 -0.131680
0 0.637579 0.781750 -0.805419 -0.030051
0 0.640988 0.803705 -0.781873 -0.015246
0 0.296651 0.513548 -0.108380 -0.132334
0 0.641138 0.802471 -0.781327 -0.019959
0 0.295220 0.619544 0.074428 -0.348210
0 0.295362 0.616732 0.073790 -0.350187
0 0.303052 0.582635 -0.043341 -0.097095
0 0.303100 0.581314 -0.042687 -0.099984
0 0.298164 0.515529 -0.105391 -0.130722
0 0.703529 0.805896 -0.527546 -0.421017
0 0.705466 0.785299 -0.528135 -0.399225
0 0.307280 0.631919 0.082876 -0.264077
0 0.648303 0.803857 -0.760478 -0.018692
0 0.305122 0.588187 -0.037604 -0.091828
0 0.433315 0.697450 -0.128553 -0.294366
0 0.636353 0.751552 -0.807452 -0.026735
0 0.454276 0.353483 -0.726513 -0.211291
0 0.454651 0.353997 -0.725644 -0.210364
0 0.454712 0.349011 -0.720068 -0.229792
0 0.453152 0.353205 -0.731665 -0.204092
0 0.454519 0.354497 -0.726042 -0.209561
0 0.303694 0.643488 0.076594 -0.337171
0 0.456288 0.352302 -0.728861 -0.194048
0 0.452762 0.352032 -0.728783 -0.209457
0 0.456079 0.350161 -0.717158 -0.227227
0 0.703253 0.775102 -0.515252 -0.418486
0 0.304113 0.642392 0.076857 -0.342448
0 0.636452 0.730419 -0.793356 -0.070076
0 0.454143 0.354302 -0.729096 -0.203197
0 0.636495 0.725440 -0.794414 -0.076101
0 0.307646 0.624978 0.082741 -0.284365
0 0.638212 0.729700 -0.790394 -0.070428
0 0.634498 0.772739 -0.777728 -0.047922
0 0.435969 0.678209 -0.119684 -0.403239
0 0.455033 0.352905 -0.725074 -0.208219
0 0.703048 0.806502 -0.513513 -0.424051
0 0.274614 0.444638 -0.259280 -0.179592
