0 1.002588 0.792787 -1.150399 -0.411524
0 1.002123 0.794962 -1.151276 -0.406524
0 1.000548 0.794540 -1.153952 -0.407673
0 1.001364 0.790349 -1.164671 -0.412033
0 1.166343 0.967946 0.659426 0.578537
0 1.001158 0.792026 -1.164569 -0.410021
0 1.002362 0.792262 -1.162938 -0.410343
0 1.008573 0.792363 -1.100611 -0.413102
0 1.009070 0.794702 -1.100402 -0.410351
0 1.000538 0.771456 -1.173153 -0.424942
0 1.007826 0.795001 -1.101565 -0.410274
0 1.007469 0.784110 -1.147733 -0.436171
0 1.009032 0.785916 -1.145495 -0.433267
0 1.006515 0.786211 -1.150678 -0.433154
0 0.988077 0.774372 -1.153719 -0.418174
0 1.005371 0.778788 -1.167915 -0.432461
0 0.983186 0.967855 -0.136987 0.588753
0 0.995158 0.970068 -0.112554 0.595575
0 0.966595 0.941328 -0.180915 0.607793
0 0.971643 0.935501 -0.171332 0.597509
0 1.001973 0.778347 -1.154484 -0.408800
0 1.003368 0.779014 -1.151656 -0.408964
