0 0.380445 0.497887 -0.476018 -0.450350
0 0.380061 0.497027 -0.476322 -0.450255
0 0.613422 0.384721 -0.693335 0.206879
0 0.206726 0.675579 0.070480 -1.023380
0 0.206778 0.675568 0.070788 -1.022488
0 0.379392 0.497272 -0.478371 -0.451099
0 0.378821 0.497351 -0.478587 -0.450664
0 0.614185 0.385438 -0.691652 0.207732
0 0.613910 0.384970 -0.691749 0.206727
0 0.257228 0.286400 -0.171135 -0.062944
0 0.202986 0.573165 -0.132548 -0.665098
0 0.257182 0.287893 -0.171107 -0.062522
0 0.612421 0.388544 -0.694298 0.214660
0 0.256959 0.286348 -0.171376 -0.063282
0 0.206185 0.670436 0.072198 -1.031366
0 0.206272 0.572849 -0.128595 -0.665786
0 0.207074 0.677650 0.067756 -1.022770
0 0.203095 0.573626 -0.133073 -0.664305
0 0.612024 0.389325 -0.694761 0.215272
0 0.207026 0.670538 0.073849 -1.031116
0 0.257039 0.286810 -0.171637 -0.063334
0 0.207204 0.678743 0.068724 -1.021896
0 0.205524 0.573144 -0.130169 -0.665502
0 0.206612 0.671408 0.071370 -1.035268
0 0.205923 0.672135 0.070113 -1.035412
0 0.654610 0.654466 -0.926076 -0.712387
0 0.203076 0.571822 -0.131100 -0.664274
0 0.203363 0.571680 -0.130521 -0.665002
0 0.488167 0.731080 -0.473980 -1.157084
0 0.654460 0.653589 -0.925492 -0.713374
0 0.205217 0.573175 -0.131079 -0.665060
0 0.611020 0.389927 -0.698492 0.215805
0 0.210143 0.806518 -0.052904 -1.188511
0 0.210629 0.806768 -0.051663 -1.187794
0 0.202637 0.572800 -0.135158 -0.664904
0 0.379366 0.500442 -0.476335 -0.449113
0 0.378435 0.500326 -0.478345 -0.449011
0 0.202439 0.571085 -0.135790 -0.667621
0 0.650142 0.654793 -0.928089 -0.714334
0 0.378252 0.500836 -0.479016 -0.448205
0 0.649616 0.654081 -0.928399 -0.715613
0 0.205824 0.573265 -0.128596 -0.661322
0 0.258510 0.286155 -0.168273 -0.068688
0 0.488972 0.730384 -0.469406 -1.155073
0 0.257883 0.287181 -0.168224 -0.066763
0 0.488506 0.731633 -0.472969 -1.156203
0 0.257721 0.285959 -0.168651 -0.068521
0 0.260674 0.283424 -0.166326 -0.068717
0 0.204601 0.573961 -0.130641 -0.660364
0 0.259870 0.283647 -0.167910 -0.068767
0 0.313092 0.720412 -0.412870 -0.796897
0 0.204265 0.573538 -0.131563 -0.660332
0 0.312827 0.720900 -0.412378 -0.796773
0 0.652033 0.653267 -0.930399 -0.710725
0 0.485528 0.732174 -0.475746 -1.154915
0 0.259688 0.284496 -0.168375 -0.066665
0 0.652507 0.652451 -0.929924 -0.712437
0 0.653805 0.651638 -0.930421 -0.714075
0 0.210611 0.806060 -0.052928 -1.188096
0 0.312136 0.722938 -0.414411 -0.792601
0 0.211203 0.806287 -0.051912 -1.186179
0 0.652451 0.653951 -0.930145 -0.709178
0 0.214638 0.806752 -0.051677 -1.184392
0 0.485102 0.731838 -0.476832 -1.155329
0 0.215298 0.807698 -0.050581 -1.182369
0 0.489002 0.730707 -0.469569 -1.154765
0 0.484152 0.732515 -0.478779 -1.151601
0 0.653034 0.652295 -0.931915 -0.712436
0 0.483622 0.733467 -0.479969 -1.150378
0 0.311306 0.722117 -0.414893 -0.787718
0 0.652957 0.651485 -0.932214 -0.713893
0 0.311517 0.722680 -0.415310 -0.787018
0 0.382508 0.496810 -0.471005 -0.447904
0 0.215184 0.806399 -0.050664 -1.184279
0 0.311445 0.721775 -0.415786 -0.788171
0 0.381420 0.496454 -0.473284 -0.449238
0 0.312351 0.721449 -0.413402 -0.793997
0 0.381481 0.497370 -0.473533 -0.447190
0 0.311816 0.720302 -0.411514 -0.799061
0 0.209632 0.803125 -0.052781 -1.188656
0 0.311907 0.721028 -0.411519 -0.796671
0 0.208818 0.804090 -0.054347 -1.187815
0 0.208768 0.804192 -0.054280 -1.187470
0 0.212918 0.807184 -0.052797 -1.186130
0 0.209558 0.672243 0.075933 -1.024963
0 0.381031 0.496997 -0.474279 -0.451654
0 0.660294 0.655258 -0.920386 -0.708151
0 0.381137 0.497493 -0.474487 -0.451954
0 0.212676 0.806249 -0.052369 -1.188026
0 0.208558 0.671882 0.074260 -1.024088
0 0.313559 0.723291 -0.409919 -0.788738
0 0.312874 0.722402 -0.410733 -0.789800
0 0.313599 0.721031 -0.410111 -0.792035
0 0.616656 0.388688 -0.693685 0.216993
0 0.312640 0.724693 -0.412092 -0.789730
0 0.312629 0.724064 -0.411652 -0.794024
0 0.200798 0.573540 -0.133743 -0.660963
0 0.202216 0.572807 -0.130582 -0.662056
0 0.200719 0.572583 -0.133853 -0.662574
0 0.381150 0.501632 -0.473396 -0.447026
0 0.313683 0.724671 -0.409604 -0.791000
0 0.380879 0.501368 -0.474249 -0.447756
0 0.380933 0.502606 -0.474192 -0.444562
0 0.201000 0.670634 0.063523 -1.025813
0 0.612799 0.378377 -0.702620 0.203712
0 0.208129 0.671531 0.076714 -1.024982
0 0.207550 0.672135 0.075424 -1.025007
0 0.654365 0.652460 -0.921325 -0.715527
0 0.653955 0.651715 -0.922279 -0.717141
0 0.205351 0.805291 -0.058256 -1.189099
0 0.257529 0.286671 -0.170745 -0.067769
0 0.206622 0.804902 -0.055998 -1.189363
0 0.206540 0.806272 -0.056312 -1.187294
0 0.259071 0.287730 -0.167617 -0.064759
0 0.259032 0.285995 -0.167590 -0.070769
0 0.624978 0.379251 -0.667730 0.213280
0 0.260219 0.286990 -0.165508 -0.068274
0 0.487342 0.726512 -0.475158 -1.154869
0 0.259856 0.287079 -0.166082 -0.067135
0 0.258538 0.277075 -0.166912 -0.070528
0 0.257773 0.285276 -0.169217 -0.059885
0 0.258306 0.276226 -0.167609 -0.071868
0 0.618467 0.394493 -0.688258 0.229688
0 0.259118 0.286601 -0.166955 -0.058798
0 0.661019 0.655420 -0.918982 -0.711705
0 0.611245 0.396361 -0.708553 0.216203
0 0.259099 0.286064 -0.166951 -0.058775
0 0.655600 0.652268 -0.919624 -0.715251
0 0.611956 0.396271 -0.707430 0.216114
0 0.611530 0.397427 -0.708574 0.218150
0 0.202981 0.803384 -0.058365 -1.185943
0 0.488317 0.734650 -0.471186 -1.160665
0 0.202008 0.671268 0.063240 -1.035758
0 0.200804 0.671499 0.082005 -1.024805
0 0.670289 0.653690 -0.914676 -0.710326
0 0.487764 0.735162 -0.472524 -1.158795
0 0.487370 0.727289 -0.475487 -1.153146
0 0.671593 0.652522 -0.913159 -0.711419
0 0.672726 0.652853 -0.913626 -0.710364
0 0.200636 0.669543 0.060451 -1.036853
0 0.486183 0.643166 -0.871808 -1.114793
0 0.664390 0.654696 -0.923534 -0.698621
0 0.485802 0.643919 -0.874025 -1.111139
0 0.217460 0.779459 -0.056065 -1.347710
0 0.664453 0.655917 -0.923403 -0.695629
0 0.614006 0.416275 -0.677729 0.248913
0 0.486272 0.643128 -0.872009 -1.114448
0 0.664820 0.653096 -0.921763 -0.700163
0 0.614240 0.415744 -0.679128 0.251073
0 0.202148 0.669589 0.066569 -1.033713
0 0.489905 0.729454 -0.473581 -1.153030
0 0.486286 0.644244 -0.873882 -1.110778
0 0.486241 0.645151 -0.873632 -1.109283
0 0.658259 0.648894 -0.922531 -0.705596
0 0.614639 0.413236 -0.678697 0.245771
0 0.487465 0.645370 -0.872686 -1.109932
0 0.489579 0.727579 -0.473832 -1.153731
0 0.657685 0.651216 -0.925092 -0.702117
0 0.657708 0.649388 -0.924660 -0.706158
