0 0.505383 1.220266 -0.466802 -0.483672
0 0.388716 1.202832 -0.314334 -0.522776
0 0.389084 1.202199 -0.314334 -0.518782
0 0.505930 1.219797 -0.463700 -0.477280
0 0.505883 1.219574 -0.465370 -0.496334
0 0.522981 0.603451 -0.820899 -0.641669
0 0.522634 0.601737 -0.820639 -0.644967
0 0.390205 1.203087 -0.310861 -0.513842
0 0.523167 0.605929 -0.824876 -0.639252
0 0.523149 0.604931 -0.823915 -0.641601
0 0.523400 0.603122 -0.823185 -0.646262
0 0.523671 0.602971 -0.822996 -0.646063
0 0.523682 0.603815 -0.823336 -0.645336
0 0.357289 1.175932 -0.101277 -0.360468
0 0.356420 1.177937 -0.103553 -0.349758
0 0.525826 0.605388 -0.812376 -0.645233
0 0.525855 0.603100 -0.811823 -0.647275
0 0.379990 1.122992 -0.327933 -0.588641
0 0.522999 0.598287 -0.827442 -0.646569
0 0.502799 1.192555 -0.478012 -0.428715
0 0.356993 1.174884 -0.099026 -0.371573
0 0.545753 1.239563 -0.433287 -0.439588
0 0.379817 1.121606 -0.328029 -0.595501
0 0.356809 1.226793 -0.096423 -0.402650
0 0.506140 1.194538 -0.469606 -0.420827
0 0.525820 0.603485 -0.813609 -0.648655
0 0.546786 1.239681 -0.437060 -0.434630
0 0.631744 1.221784 -0.472376 -0.235063
0 0.543837 1.233063 -0.431694 -0.464136
0 0.356095 1.229646 -0.097823 -0.392782
0 0.630514 1.224930 -0.463996 -0.226217
0 0.355902 1.212151 -0.095051 -0.435463
0 0.305031 1.162273 -0.129541 -0.504963
0 0.503048 1.170264 -0.476053 -0.478086
0 0.319070 1.175783 -0.119386 -0.360801
0 0.320150 1.177326 -0.119277 -0.353036
0 0.522830 0.592935 -0.827690 -0.654774
0 0.507802 1.169464 -0.464103 -0.447913
0 0.384375 1.128899 -0.317307 -0.569569
0 0.489619 1.163646 -0.481503 -0.459522
0 0.492201 1.185421 -0.476301 -0.475143
0 0.317987 1.171976 -0.119482 -0.377027
0 0.523091 0.600671 -0.827118 -0.647368
0 0.505914 1.204089 -0.470026 -0.435328
0 0.523282 0.601986 -0.826857 -0.645395
0 0.379267 1.179361 -0.305243 -0.483418
0 0.383218 1.170384 -0.323896 -0.496860
0 0.398081 1.226475 -0.225935 -0.446079
0 0.614403 1.256541 -0.390635 -0.188506
0 0.397647 1.221911 -0.232354 -0.461921
