0 0.447433 1.014646 -0.612213 -0.640951
0 0.448344 1.012398 -0.610859 -0.645317
0 0.451686 1.011060 -0.606383 -0.649415
0 0.451576 1.009191 -0.607245 -0.650985
0 0.558143 1.014939 -0.873943 -0.729192
0 0.558219 1.017199 -0.873930 -0.726476
0 0.563469 0.819551 -0.398751 0.015609
0 0.557442 1.004845 -0.875854 -0.715024
0 0.562224 0.818163 -0.400694 0.010869
0 0.557452 1.011177 -0.876780 -0.702154
0 0.563494 0.816721 -0.397836 0.009514
0 0.566176 0.815282 -0.395418 0.012008
0 0.567384 0.815532 -0.393788 0.009894
0 0.566981 0.814539 -0.394289 0.008404
0 0.449173 1.023812 -0.607221 -0.646676
0 0.448242 1.023980 -0.608842 -0.646398
0 0.444822 0.978036 -0.619976 -0.662379
0 0.563850 0.843098 -0.392866 -0.004463
0 0.565500 0.845190 -0.391152 -0.000166
0 0.565829 0.840492 -0.389465 -0.007612
0 0.447661 0.994826 -0.612854 -0.675553
0 0.709828 0.830634 -0.684944 -0.337310
0 0.709303 0.830535 -0.685558 -0.336882
0 0.444105 0.957805 -0.620714 -0.707125
0 0.441860 0.969692 -0.621433 -0.623842
0 0.552537 0.800148 -0.396945 -0.045080
0 0.728368 1.110597 -0.675346 -0.139543
0 0.709642 0.835213 -0.684615 -0.333530
0 0.729652 1.111065 -0.673823 -0.138476
0 0.572813 0.860878 -0.388451 0.016898
0 0.461735 1.166331 0.309468 0.393094
0 0.573977 0.859949 -0.385521 0.013288
0 0.546280 0.772505 -0.408890 -0.052796
0 0.554874 0.843154 -0.394476 -0.039752
0 0.442362 0.986644 -0.615848 -0.645108
0 0.442717 0.982606 -0.615321 -0.655071
0 0.574087 0.854192 -0.386706 0.012724
0 0.561220 1.000064 -0.872605 -0.702425
0 0.558823 0.966338 -0.881574 -0.749217
0 0.559898 0.970189 -0.880459 -0.744666
0 0.557699 0.764478 -0.403377 -0.033668
0 0.557166 0.764857 -0.404004 -0.032654
0 0.557089 0.763529 -0.404048 -0.039584
0 0.694010 0.814651 -0.692978 -0.347905
0 0.722584 0.891727 -0.676753 -0.293441
0 0.441681 0.942224 -0.620786 -0.677846
0 0.722790 0.893278 -0.677110 -0.291072
0 0.447575 0.978164 -0.612546 -0.718828
0 0.693961 0.817609 -0.692710 -0.344213
0 0.449195 0.993179 -0.607137 -0.730461
0 0.557339 1.001693 -0.883108 -0.788491
