0 0.897781 0.307348 -1.449459 -0.212769
0 0.897953 0.308532 -1.449182 -0.211010
0 0.896650 0.306064 -1.450658 -0.211937
0 0.896121 0.305189 -1.451808 -0.213429
0 0.818364 0.325234 -1.246043 -0.314949
0 0.818830 0.324940 -1.244879 -0.315511
0 0.896026 0.296717 -1.448899 -0.221083
0 0.895953 0.297692 -1.448718 -0.220359
0 0.820614 0.326786 -1.238647 -0.311754
0 0.896771 0.296230 -1.455205 -0.221819
0 0.896132 0.297129 -1.449267 -0.221019
0 0.896003 0.296487 -1.455346 -0.221745
0 0.896870 0.297201 -1.455251 -0.221054
0 0.388077 0.325595 -0.300218 -0.334419
0 0.820525 0.326034 -1.238731 -0.313555
0 0.387893 0.324840 -0.299820 -0.335794
0 0.385683 0.328937 -0.300930 -0.331113
0 0.384418 0.328852 -0.302845 -0.331960
0 0.394372 0.328236 -0.286536 -0.337576
0 0.385471 0.328865 -0.301468 -0.331942
0 0.393665 0.328587 -0.287375 -0.337293
0 0.897838 0.316039 -1.452394 -0.203175
0 0.380609 0.325289 -0.313009 -0.336261
0 0.897010 0.316016 -1.452655 -0.203089
0 0.897770 0.316222 -1.452188 -0.202080
0 0.381860 0.325832 -0.310655 -0.334954
0 0.451506 0.291851 -0.638632 -0.327995
0 0.814999 0.326633 -1.243231 -0.314691
0 0.815460 0.327089 -1.242346 -0.313535
0 0.815155 0.327028 -1.243199 -0.313878
0 0.815474 0.319272 -1.244115 -0.320642
0 0.815383 0.319706 -1.244289 -0.319659
0 0.814934 0.319317 -1.244818 -0.320949
0 0.897991 0.314614 -1.441728 -0.206685
0 0.898121 0.315009 -1.441924 -0.205929
0 0.897642 0.314397 -1.443133 -0.207294
0 0.452609 0.291563 -0.635294 -0.330075
0 0.450518 0.294494 -0.642453 -0.325249
0 0.450602 0.295028 -0.642405 -0.324475
0 0.450348 0.294915 -0.642258 -0.324478
0 0.891666 0.296680 -1.463291 -0.220158
0 0.447818 0.292033 -0.639756 -0.329904
0 0.451542 0.290080 -0.629397 -0.340948
0 0.448083 0.291883 -0.639284 -0.330194
0 0.447845 0.291125 -0.639194 -0.330819
0 0.818608 0.336730 -1.238230 -0.309263
0 0.819268 0.335761 -1.237086 -0.310284
0 0.384458 0.327068 -0.297949 -0.330983
0 0.398524 0.331832 -0.294875 -0.326970
0 0.379415 0.325636 -0.314210 -0.329819
0 0.444134 0.291916 -0.640095 -0.330232
0 0.398559 0.331948 -0.294535 -0.326431
0 0.443700 0.292637 -0.640490 -0.328695
0 0.453344 0.291729 -0.627910 -0.338988
0 0.822341 0.329083 -1.244691 -0.314032
0 0.398454 0.332450 -0.295630 -0.325660
0 0.822257 0.329087 -1.245446 -0.314121
0 0.449739 0.295295 -0.640595 -0.325337
0 0.379516 0.325476 -0.314226 -0.329798
0 0.822419 0.329331 -1.244549 -0.313836
0 0.380315 0.325673 -0.312435 -0.329454
0 0.449508 0.294978 -0.640768 -0.326208
0 1.051349 0.682908 -0.264209 0.014854
0 1.052581 0.683400 -0.262856 0.013701
0 0.811469 0.313175 -1.255093 -0.325494
0 0.365151 0.326394 -0.325729 -0.336437
0 0.895232 0.298953 -1.449966 -0.216561
0 0.451689 0.290645 -0.651109 -0.328177
0 1.028166 0.687449 -0.416505 0.012328
0 0.896362 0.299447 -1.448718 -0.215562
0 0.451451 0.290651 -0.647404 -0.327644
0 0.895741 0.299299 -1.457549 -0.214865
0 1.027299 0.689780 -0.420070 0.015647
0 0.895709 0.299618 -1.457864 -0.215270
0 0.372509 0.325026 -0.305640 -0.340737
0 0.371746 0.325168 -0.307272 -0.340456
0 0.813777 0.326074 -1.252008 -0.314449
0 0.446671 0.288818 -0.631534 -0.336002
0 0.371666 0.324350 -0.307771 -0.340699
0 0.451350 0.290482 -0.647807 -0.327699
0 0.451231 0.290131 -0.647367 -0.328049
0 0.376846 0.474167 -0.226003 -0.512897
0 0.377160 0.474113 -0.225599 -0.512263
0 0.390856 0.338420 -0.288445 -0.330598
0 0.388246 0.337969 -0.293112 -0.330991
0 0.452782 0.290560 -0.647900 -0.328871
0 0.816564 0.308666 -1.239998 -0.327651
0 0.390417 0.335675 -0.288936 -0.335262
0 0.890845 0.297884 -1.461104 -0.215571
0 0.815707 0.309406 -1.241106 -0.326652
0 0.367233 0.328560 -0.314182 -0.336171
0 0.821796 0.313882 -1.246902 -0.321865
0 0.822194 0.313246 -1.247029 -0.322164
0 0.822081 0.313381 -1.246565 -0.321374
0 0.151978 0.238189 -0.151030 -0.403640
0 0.151901 0.238158 -0.151017 -0.404007
0 0.382684 0.277258 -0.582255 -0.397435
0 0.382485 0.277227 -0.582089 -0.397544
0 1.051294 0.673958 -0.264930 0.002254
0 0.442549 0.286518 -0.639276 -0.335132
0 0.909051 0.460128 -1.361038 -0.414609
0 1.070438 0.734895 -0.215047 0.032299
0 1.067651 0.733981 -0.219592 0.033167
0 0.442675 0.286883 -0.638964 -0.335014
