0 1.164515 0.796860 0.716773 -0.358892
0 1.143010 0.795640 0.673800 -0.360977
0 1.153514 0.933324 0.685790 0.617365
0 0.636180 0.533546 -0.506183 -0.745471
0 0.627930 0.532168 -0.521894 -0.740113
0 0.642093 0.533330 -0.491407 -0.747573
0 0.634941 0.532632 -0.503780 -0.739420
0 1.131862 0.781644 0.732853 -0.413757
0 1.129905 0.783140 0.729527 -0.409539
0 0.632061 0.527845 -0.531977 -0.755668
0 0.624045 0.528335 -0.516859 -0.753960
0 0.623893 0.528491 -0.517163 -0.755591
0 0.924253 0.711343 0.174643 -0.467146
0 0.873735 0.638718 0.045531 -0.569679
0 0.632681 0.528503 -0.532049 -0.756691
0 1.191363 0.787125 0.640738 -0.415133
0 1.194179 0.787479 0.642297 -0.410257
0 0.646141 0.526898 -0.564818 -0.749915
