0 0.753486 1.039459 -0.591646 -0.579775
0 0.755308 1.038804 -0.587630 -0.576751
0 0.755313 1.041265 -0.588069 -0.577053
0 0.466930 0.510657 -0.382114 -0.209233
0 0.467163 0.510152 -0.381826 -0.210381
0 0.467128 0.511557 -0.381236 -0.208360
0 0.518222 1.018384 0.309586 -0.182995
0 0.516541 1.017035 0.307713 -0.184494
0 0.467378 0.513203 -0.383280 -0.204260
0 0.467939 0.513730 -0.384403 -0.202358
0 0.468019 0.513033 -0.385062 -0.202550
0 0.635773 1.057462 -0.331762 -0.326248
0 0.636402 1.059298 -0.331120 -0.324809
0 0.478689 0.516560 -0.372036 -0.193022
0 0.470073 0.511103 -0.375600 -0.207428
0 0.514761 1.013718 0.313311 -0.170541
0 0.515450 1.013989 0.312777 -0.172571
0 0.478355 0.518277 -0.372902 -0.188700
0 0.470648 0.510785 -0.376482 -0.207829
0 0.636455 1.056630 -0.331246 -0.328108
0 0.471094 0.510675 -0.375267 -0.208417
0 0.636108 1.026636 -0.339447 -0.353561
0 0.635743 1.025061 -0.340017 -0.355092
0 0.516770 1.010509 0.307747 -0.200175
0 0.635454 1.018959 -0.339845 -0.371809
0 0.756075 1.033185 -0.588140 -0.629482
0 0.757271 1.031834 -0.585222 -0.631245
0 0.756943 1.033085 -0.587414 -0.630522
0 0.755914 1.042067 -0.584030 -0.581142
0 0.755474 1.042158 -0.583870 -0.578892
0 0.756870 1.042537 -0.582006 -0.579404
0 0.523890 1.010895 0.299683 -0.225737
0 0.522754 1.012101 0.295402 -0.224110
0 0.472165 0.513558 -0.384015 -0.198948
0 0.755150 1.027877 -0.592879 -0.646610
0 0.512392 1.002330 0.308259 -0.196618
0 0.753478 1.034078 -0.598402 -0.533123
0 0.754591 1.034796 -0.596060 -0.534451
0 0.755426 1.036405 -0.596468 -0.526514
0 0.471539 0.514923 -0.384367 -0.193861
0 0.521771 1.006117 0.292675 -0.238202
0 0.646159 1.059382 -0.357003 -0.334432
0 0.650478 1.061156 -0.353797 -0.335121
0 0.528938 0.997346 0.316852 -0.205335
0 0.528199 0.997783 0.312896 -0.204552
0 0.755444 1.032758 -0.608552 -0.617732
0 0.650530 1.059327 -0.353207 -0.334989
0 0.476176 0.499995 -0.377354 -0.211110
0 0.400445 0.474691 0.244207 -0.445726
0 0.476261 0.502720 -0.377647 -0.205956
0 0.526337 0.993040 0.309553 -0.218244
0 0.399121 0.476458 0.242084 -0.444782
