0 0.222813 0.697168 0.081184 -0.360444
0 0.222572 0.697208 0.081263 -0.359465
0 0.222458 0.698046 0.081393 -0.358702
0 0.222690 0.696925 0.078604 -0.361587
0 0.222541 0.697115 0.079124 -0.361161
0 0.222736 0.697274 0.077926 -0.361396
0 0.222597 0.694510 0.072051 -0.360194
0 0.719408 0.784659 -0.797439 -0.575932
0 0.720079 0.786476 -0.795851 -0.574471
0 0.515738 0.659215 -0.375672 -0.809098
0 0.516088 0.659019 -0.374338 -0.809268
0 0.270894 0.577540 -0.267154 -0.863304
0 0.718704 0.784684 -0.799706 -0.575923
0 0.222549 0.699988 0.083853 -0.359303
0 0.517019 0.656742 -0.371278 -0.811944
0 0.517116 0.656910 -0.371578 -0.811523
0 0.222925 0.699109 0.085161 -0.361197
0 0.514913 0.659732 -0.375726 -0.808253
0 0.222866 0.699423 0.085565 -0.360075
0 0.268596 0.578120 -0.273979 -0.859440
0 0.271017 0.578298 -0.268212 -0.861594
0 0.270789 0.578418 -0.269231 -0.860978
0 0.518131 0.657482 -0.369518 -0.812157
0 0.270859 0.578296 -0.269414 -0.861283
0 0.526001 0.604057 -0.655603 -0.841394
0 0.525647 0.603581 -0.656179 -0.841707
0 0.526572 0.602036 -0.652700 -0.843775
0 0.526735 0.602211 -0.653492 -0.840831
0 0.664907 0.647482 -0.457482 -0.291194
0 0.660460 0.649165 -0.466805 -0.288163
0 0.267822 0.578332 -0.271053 -0.855474
0 0.269000 0.577499 -0.271707 -0.860986
0 0.665335 0.650734 -0.455808 -0.288700
0 0.661478 0.653636 -0.465484 -0.283853
0 0.660685 0.649789 -0.466978 -0.287381
0 0.665021 0.647841 -0.458369 -0.288907
0 0.268595 0.579428 -0.273054 -0.858328
0 0.718786 0.752289 -0.803457 -0.605964
0 0.716912 0.753668 -0.801463 -0.609077
0 0.331790 0.611857 -0.399299 -0.862055
0 0.336671 0.615402 -0.396117 -0.855891
0 0.332074 0.612035 -0.399220 -0.860894
0 0.336720 0.614630 -0.395641 -0.857684
0 0.523473 0.601260 -0.654726 -0.845648
0 0.520519 0.604712 -0.663539 -0.842634
0 0.332043 0.611936 -0.399484 -0.861641
0 0.270126 0.578115 -0.270128 -0.862047
0 0.717168 0.776499 -0.808471 -0.590382
0 0.334085 0.613754 -0.395262 -0.858352
0 0.334382 0.613727 -0.394078 -0.858922
0 0.521282 0.661474 -0.364496 -0.806148
0 0.521202 0.603641 -0.662609 -0.844845
0 0.522504 0.600375 -0.656102 -0.845981
0 0.519204 0.660948 -0.366614 -0.810886
0 0.520252 0.603585 -0.664206 -0.844128
0 0.269341 0.577504 -0.271648 -0.863715
0 0.717362 0.748712 -0.805348 -0.613341
0 0.522511 0.661950 -0.362881 -0.805392
0 0.267764 0.577862 -0.271484 -0.856411
0 0.523179 0.602713 -0.655474 -0.843733
0 0.269069 0.577884 -0.272004 -0.861620
0 0.519786 0.662552 -0.366352 -0.809539
0 0.716700 0.751900 -0.802529 -0.611551
0 0.268916 0.578670 -0.273089 -0.858933
0 0.269638 0.578518 -0.272221 -0.859477
0 0.333788 0.609956 -0.396856 -0.863491
0 0.268813 0.578346 -0.273349 -0.860036
0 0.334459 0.610353 -0.394563 -0.862080
0 0.219708 0.693243 0.070908 -0.356761
0 0.269571 0.578113 -0.269690 -0.860819
0 0.521103 0.600187 -0.676610 -0.841744
0 0.720243 0.775270 -0.801387 -0.587230
0 0.337571 0.614862 -0.397438 -0.858959
0 0.525334 0.603245 -0.671172 -0.843911
0 0.523134 0.660628 -0.359349 -0.806157
0 0.523176 0.661006 -0.358408 -0.804671
0 0.336862 0.615092 -0.398367 -0.858098
0 0.336706 0.614685 -0.398802 -0.858826
0 0.719673 0.790991 -0.796839 -0.576937
0 0.719826 0.791526 -0.795042 -0.575984
0 0.719913 0.792294 -0.794608 -0.574559
0 0.263784 0.575510 -0.285155 -0.867631
0 0.523132 0.603754 -0.689970 -0.847405
0 0.520108 0.661695 -0.361115 -0.807356
0 0.719251 0.784142 -0.790357 -0.579248
0 0.720332 0.782792 -0.788708 -0.577877
0 0.519771 0.662638 -0.360625 -0.808017
0 0.719847 0.783006 -0.789477 -0.577786
0 0.271077 0.576284 -0.267559 -0.861984
0 0.517951 0.603192 -0.685626 -0.852068
0 0.518110 0.603022 -0.685952 -0.851808
0 0.517823 0.602793 -0.686246 -0.851290
0 0.520111 0.601393 -0.691043 -0.843502
0 0.331057 0.611958 -0.407248 -0.863764
0 0.673329 0.644145 -0.451872 -0.289881
0 0.664865 0.636916 -0.451222 -0.301127
0 0.664467 0.637244 -0.450216 -0.299795
0 0.523634 0.662598 -0.328499 -0.798217
0 0.665458 0.635197 -0.448839 -0.305246
0 0.672131 0.644705 -0.454087 -0.288417
0 0.524432 0.663887 -0.324586 -0.795169
0 0.671009 0.644191 -0.453845 -0.288671
0 0.533809 0.596710 -0.627164 -0.843386
0 0.524772 0.662129 -0.323873 -0.797930
0 0.525368 0.609379 -0.657294 -0.840530
0 0.718518 0.765195 -0.795161 -0.584875
0 0.719343 0.766153 -0.793241 -0.582776
0 0.718961 0.762807 -0.794667 -0.588932
0 0.534306 0.598219 -0.625283 -0.840749
0 0.331842 0.610917 -0.399491 -0.857122
0 0.526341 0.611740 -0.654381 -0.836336
0 0.331878 0.611429 -0.398773 -0.855662
0 0.329151 0.614751 -0.408558 -0.867133
0 0.274144 0.577526 -0.257775 -0.867139
0 0.516617 0.600945 -0.689131 -0.842332
0 0.331972 0.611455 -0.399462 -0.855597
0 0.517703 0.601889 -0.685690 -0.841834
0 0.517307 0.602014 -0.686953 -0.842387
0 0.716782 0.768049 -0.809764 -0.608887
0 0.719292 0.764924 -0.802251 -0.609735
0 0.717129 0.781198 -0.813326 -0.580923
0 0.718328 0.783407 -0.811566 -0.579214
0 0.223768 0.706985 0.085940 -0.357748
0 0.720009 0.781834 -0.808510 -0.577874
0 0.658007 0.525727 -1.150175 -0.840453
0 0.658034 0.526440 -1.150308 -0.839470
0 0.657918 0.525392 -1.150446 -0.840840
0 0.328355 0.612792 -0.403520 -0.875184
0 0.328686 0.613072 -0.403069 -0.874051
0 0.328326 0.612601 -0.403593 -0.874407
0 0.659086 0.527539 -1.147675 -0.844162
0 0.221496 0.697074 0.073262 -0.340558
0 0.653348 0.527055 -1.160006 -0.841226
0 0.657725 0.533130 -1.146209 -0.831232
0 0.653865 0.526893 -1.158968 -0.841203
0 0.657540 0.526997 -1.149815 -0.837834
0 0.522909 0.594612 -0.651008 -0.845128
0 0.657070 0.527151 -1.150322 -0.838195
0 0.657474 0.527790 -1.150191 -0.837448
0 0.658659 0.529331 -1.145386 -0.834498
0 0.654982 0.523571 -1.155627 -0.844521
