0 0.311211 0.860970 -0.221393 0.145796
0 0.535761 0.891979 -0.668215 0.213590
0 0.420200 0.881104 -0.460028 0.197821
0 0.535340 0.879193 -0.668764 0.184363
0 0.309870 0.849562 -0.224971 0.101879
0 0.417202 0.883365 -0.462517 0.207590
0 0.311432 0.845745 -0.223140 0.100749
0 0.538158 0.885260 -0.663849 0.200154
0 0.310860 0.853737 -0.222061 0.134458
0 0.310154 0.851616 -0.224212 0.103112
0 0.537269 0.894188 -0.666140 0.217436
0 0.313520 0.861722 -0.219883 0.148788
0 0.541794 0.882838 -0.665615 0.159188
0 0.312558 0.849511 -0.221760 0.104540
0 0.417920 0.880927 -0.462833 0.173761
0 0.205319 0.843379 -0.104465 0.112957
0 0.422975 0.884386 -0.454233 0.206969
0 0.207865 0.849349 -0.105110 0.132265
0 0.308933 0.838839 -0.219329 0.082901
0 0.414728 0.879181 -0.460511 0.194305
0 0.211050 0.834714 -0.094528 0.088416
0 0.534387 0.880076 -0.665664 0.155038
0 0.205976 0.837028 -0.103124 0.101068
0 0.536076 0.896842 -0.679107 0.202715
0 0.207494 0.846558 -0.096774 0.110610
0 0.206530 0.835396 -0.100775 0.118920
0 0.208196 0.852815 -0.104133 0.130656
0 0.416184 0.882136 -0.464177 0.206482
0 0.310809 0.841965 -0.222467 0.118793
0 0.312027 0.863212 -0.224132 0.137665
0 0.420306 0.867854 -0.459441 0.171711
0 0.205848 0.856761 -0.098868 0.169849
0 0.417035 0.882074 -0.456505 0.212591
0 0.205032 0.852762 -0.101897 0.137008
0 0.421384 0.887410 -0.451905 0.214069
0 0.205991 0.841184 -0.102829 0.143277
0 0.535462 0.869419 -0.668391 0.160769
0 0.546861 0.901983 -0.666202 0.213165
0 0.414447 0.870739 -0.464104 0.153582
0 0.311451 0.854061 -0.224424 0.124925
0 0.313199 0.864574 -0.221502 0.140180
0 0.308746 0.830127 -0.219844 0.108668
0 0.204520 0.838354 -0.101984 0.111394
0 0.540924 0.887920 -0.671651 0.136753
0 0.416445 0.866365 -0.463652 0.165754
0 0.537555 0.888383 -0.665915 0.202941
0 0.535489 0.871487 -0.668057 0.157006
0 0.205742 0.851149 -0.099290 0.149446
