0 0.444843 0.256015 -0.604813 0.018195
0 0.444276 0.255084 -0.605309 0.015287
0 0.444592 0.270129 -0.607631 0.028324
0 0.521905 0.257205 -0.760701 0.019717
0 0.522568 0.256371 -0.760931 0.016530
0 0.444438 0.255891 -0.604697 0.018952
0 0.522702 0.257155 -0.760296 0.020761
0 0.443288 0.269757 -0.609298 0.027527
0 0.446166 0.270176 -0.603970 0.028670
0 0.520389 0.272277 -0.767396 0.029990
0 0.522644 0.276712 -0.763110 0.031754
0 0.445033 0.270423 -0.605714 0.029753
0 0.520822 0.276316 -0.766000 0.031775
0 0.369033 0.257349 -0.465232 0.026832
0 0.518762 0.272072 -0.769823 0.029191
0 0.369546 0.256487 -0.465448 0.023653
0 0.369651 0.257478 -0.465025 0.028465
0 0.369254 0.259109 -0.468434 0.026538
0 0.368688 0.260295 -0.469067 0.030510
0 0.368922 0.259547 -0.468501 0.029780
0 0.522253 0.256398 -0.761913 0.016698
0 0.372125 0.268075 -0.461174 0.036881
0 0.522373 0.257123 -0.761233 0.019857
0 0.521981 0.256300 -0.761892 0.018765
0 0.371807 0.269055 -0.462258 0.038732
0 0.369629 0.268153 -0.459288 0.039315
0 0.369248 0.269291 -0.459951 0.041932
0 0.374255 0.277294 -0.460323 0.042033
0 0.373745 0.277208 -0.461973 0.042178
0 0.586791 0.409851 -0.909824 -0.451987
0 0.444852 0.273264 -0.603684 0.040276
0 0.588014 0.403789 -0.904899 -0.454942
0 0.444734 0.268786 -0.604043 0.029475
0 0.444233 0.272308 -0.604960 0.037235
0 0.587456 0.407233 -0.906169 -0.456874
0 0.587679 0.411217 -0.905300 -0.448831
0 0.587235 0.407802 -0.906777 -0.455915
0 0.587830 0.412707 -0.905086 -0.446464
0 0.587555 0.406997 -0.906169 -0.457110
0 0.587958 0.410971 -0.904635 -0.448336
0 0.586792 0.408716 -0.909660 -0.453125
0 0.588095 0.403627 -0.903139 -0.456359
0 0.524977 0.274107 -0.757942 0.042923
0 0.523995 0.275134 -0.758615 0.042950
0 0.524905 0.272389 -0.758215 0.036346
0 0.371955 0.277069 -0.463277 0.050884
0 0.371587 0.278018 -0.463098 0.051020
0 0.604280 0.250909 -0.890094 0.021755
0 0.371816 0.275879 -0.463846 0.045685
0 0.603708 0.249907 -0.891689 0.018858
0 0.593739 0.260396 -0.906235 0.019747
0 0.603875 0.251212 -0.891124 0.022167
0 0.593640 0.260784 -0.906462 0.020142
0 0.596845 0.259792 -0.910669 0.023315
0 0.442589 0.253650 -0.599592 0.015526
0 0.597216 0.258606 -0.909174 0.022600
0 0.442472 0.254453 -0.599833 0.018286
0 0.674904 0.255513 -1.051092 0.020565
0 0.675329 0.252914 -1.051017 0.014402
0 0.518823 0.418099 -0.760327 -0.440518
0 0.442379 0.254139 -0.599759 0.017858
0 0.662348 0.396842 -1.043150 -0.463143
0 0.674163 0.252780 -1.049676 0.015316
0 0.674294 0.253432 -1.048684 0.016645
0 0.517540 0.417473 -0.762598 -0.441655
0 0.678858 0.256236 -1.043724 0.031512
0 0.450537 0.254361 -0.604551 0.011143
0 0.586643 0.407842 -0.914758 -0.447726
0 0.678461 0.257185 -1.044372 0.032373
0 0.451349 0.256187 -0.604334 0.014429
0 0.678569 0.254782 -1.044757 0.027994
0 0.586808 0.513182 -0.886859 -0.689246
0 0.662028 0.396670 -1.043057 -0.465375
0 0.370687 0.286366 -0.449731 0.052353
0 0.521801 0.409453 -0.747917 -0.449910
0 0.660827 0.394248 -1.042671 -0.465265
0 0.370719 0.286595 -0.449839 0.053414
0 0.588416 0.407257 -0.903619 -0.441129
0 0.658304 0.399817 -1.046409 -0.465156
0 0.520355 0.410360 -0.750244 -0.448690
0 0.520525 0.408832 -0.749680 -0.450639
0 0.523903 0.407496 -0.744559 -0.452218
0 0.586772 0.404960 -0.905465 -0.457545
0 0.588051 0.405538 -0.903324 -0.456720
0 0.520149 0.416579 -0.753101 -0.441667
0 0.587771 0.405955 -0.910851 -0.450892
0 0.586879 0.405932 -0.905555 -0.456197
0 0.523937 0.407262 -0.745058 -0.452067
0 0.517746 0.414292 -0.756537 -0.445711
0 0.215607 0.407663 -0.229011 -0.465692
0 0.523607 0.408264 -0.745822 -0.451518
0 0.661918 0.393445 -1.041294 -0.470674
0 0.587707 0.511865 -0.883262 -0.690582
0 0.452742 0.254363 -0.594412 0.017326
0 0.603064 0.247581 -0.907459 0.017149
0 0.658404 0.399185 -1.045856 -0.465752
0 0.676634 0.262075 -1.051320 0.023025
0 0.449436 0.253917 -0.601556 0.015426
0 0.601778 0.246538 -0.909596 0.013783
0 0.585538 0.512667 -0.885445 -0.692238
0 0.679942 0.257851 -1.035052 0.037250
0 0.675889 0.262511 -1.051957 0.022766
0 0.545679 0.251520 -0.753692 0.014915
0 0.679831 0.259084 -1.034441 0.039012
0 0.663262 0.399462 -1.038657 -0.464766
0 0.521465 0.279337 -0.752101 0.043774
0 0.601864 0.247585 -0.909680 0.017035
0 0.679610 0.255177 -1.035750 0.031782
0 0.521083 0.281834 -0.752456 0.047521
0 0.449156 0.253918 -0.602206 0.017530
0 0.662253 0.399089 -1.040202 -0.464573
0 0.521523 0.279000 -0.751841 0.041842
0 0.662141 0.399733 -1.040688 -0.464620
0 0.216089 0.406318 -0.228272 -0.463317
0 0.216091 0.403839 -0.228205 -0.465955
0 0.588478 0.514715 -0.881419 -0.687858
0 0.546450 0.253151 -0.752278 0.017519
0 0.527867 0.298578 -0.760838 0.054266
0 0.216029 0.404628 -0.229223 -0.465940
0 0.370210 0.279449 -0.458159 0.047429
0 0.662293 0.395808 -1.042286 -0.467498
0 0.369956 0.281994 -0.458235 0.051487
0 0.661454 0.395576 -1.042989 -0.467293
0 0.605299 0.276011 -0.880535 0.047997
0 0.216794 0.400580 -0.224619 -0.472223
0 0.528365 0.300700 -0.760220 0.059116
0 0.605147 0.277676 -0.880829 0.051871
0 0.216999 0.400713 -0.224265 -0.470748
0 0.370201 0.279190 -0.457969 0.046085
0 0.449800 0.292078 -0.599656 0.043830
0 0.215165 0.400794 -0.228240 -0.462048
0 0.213805 0.401572 -0.231259 -0.468807
0 0.449197 0.294313 -0.600827 0.049746
0 0.216633 0.400593 -0.225604 -0.471486
0 0.524954 0.424043 -0.747472 -0.433264
0 0.588758 0.515394 -0.881492 -0.688281
0 0.588874 0.514892 -0.880825 -0.688483
0 0.661205 0.395613 -1.043442 -0.468274
0 0.524543 0.425472 -0.748361 -0.431054
0 0.524889 0.424521 -0.747433 -0.431255
0 0.519845 0.425131 -0.746901 -0.432080
0 0.518934 0.425237 -0.748301 -0.430773
0 0.677646 0.272381 -1.030829 0.034571
0 0.518759 0.427018 -0.748855 -0.428877
0 0.677499 0.272602 -1.030641 0.035235
0 0.587190 0.511432 -0.881177 -0.694222
0 0.588340 0.407075 -0.911895 -0.441903
0 0.215853 0.398447 -0.226590 -0.467193
0 0.605091 0.269387 -0.881531 0.034877
0 0.663322 0.404763 -1.034862 -0.457112
0 0.664673 0.405967 -1.032876 -0.455793
0 0.588742 0.514315 -0.880690 -0.686257
0 0.588264 0.514887 -0.880872 -0.684853
0 0.663506 0.408367 -1.035031 -0.451682
0 0.304946 0.296004 -0.306880 0.047175
0 0.589224 0.515616 -0.882207 -0.682509
0 0.588025 0.513873 -0.881452 -0.687998
0 0.304624 0.295549 -0.308350 0.047086
