0 0.389270 0.680383 -0.610295 -1.110010
0 0.389521 0.678784 -0.610056 -1.114153
0 0.389714 0.679414 -0.609289 -1.112826
0 0.389160 0.681546 -0.611873 -1.109293
0 0.391004 0.681754 -0.605349 -1.114669
0 0.388313 0.680140 -0.609896 -1.112460
0 0.388430 0.680089 -0.610273 -1.112517
0 0.388262 0.680465 -0.610401 -1.111874
0 0.385500 0.680604 -0.620394 -1.110123
0 0.390551 0.678357 -0.604020 -1.112884
0 0.385669 0.680217 -0.619511 -1.110660
0 0.386331 0.682301 -0.622074 -1.115003
0 0.386096 0.681963 -0.622291 -1.115479
0 0.388545 0.680100 -0.616649 -1.112796
0 0.388621 0.679855 -0.616412 -1.113942
0 0.388865 0.680567 -0.615976 -1.112490
