0 0.621297 0.609560 -0.973150 0.201516
0 0.621451 0.605900 -0.973202 0.198153
0 0.620267 0.608544 -0.966965 0.205883
0 0.620187 0.607967 -0.967181 0.205947
0 0.235572 0.628046 -0.188779 0.166790
0 0.234847 0.628996 -0.189992 0.172713
0 0.183724 0.620882 -0.047289 0.243863
0 0.183893 0.618228 -0.047313 0.240544
0 0.187703 0.652500 -0.050670 0.254624
0 0.187660 0.655324 -0.049940 0.262668
0 0.233060 0.624911 -0.188738 0.160889
0 0.232450 0.627218 -0.189220 0.167516
0 0.227737 0.632312 -0.192772 0.248459
0 0.228340 0.629006 -0.191538 0.240770
0 0.619222 0.582738 -0.982384 0.186199
0 0.619153 0.581912 -0.981608 0.185374
0 0.233451 0.617683 -0.196879 0.092925
0 0.230560 0.596502 -0.196759 0.097839
0 0.616434 0.582138 -0.982976 0.111453
0 0.187595 0.621299 -0.039633 0.272157
0 0.187877 0.619776 -0.039136 0.270467
0 0.623073 0.624264 -0.961728 0.216688
0 0.188047 0.623495 -0.055406 0.116754
0 0.622863 0.623885 -0.961595 0.212076
0 0.338771 0.597457 -0.452994 -0.471869
0 0.616440 0.567509 -0.985357 0.123330
0 0.227247 0.608912 -0.188377 0.230665
0 0.227701 0.608246 -0.186201 0.229781
0 0.337822 0.599551 -0.454308 -0.469864
0 0.337820 0.593945 -0.455716 -0.458039
0 0.338679 0.593939 -0.454159 -0.463298
0 0.237627 0.614192 -0.195137 0.093981
0 0.237833 0.614613 -0.194683 0.093860
0 0.615528 0.535716 -0.993314 0.141581
0 0.190425 0.631319 -0.047574 0.178766
0 0.334098 0.610071 -0.460762 -0.475846
0 0.615707 0.530971 -0.992917 0.138233
0 0.187294 0.634764 -0.058189 0.098334
0 0.226242 0.572574 -0.198737 0.112284
0 0.187205 0.634682 -0.058473 0.099442
0 0.189099 0.666748 -0.045182 0.262602
0 0.617015 0.571751 -0.982389 0.091114
0 0.333959 0.618567 -0.461732 -0.461946
0 0.616587 0.558436 -0.985419 0.109438
0 0.231135 0.579083 -0.195276 0.069297
0 0.337025 0.580484 -0.459287 -0.510134
0 0.336798 0.580566 -0.459002 -0.510065
0 0.188774 0.663593 -0.046251 0.252727
0 0.174789 0.569257 -0.052510 0.206122
0 0.336611 0.579577 -0.459319 -0.513620
0 0.228639 0.602811 -0.195817 0.118356
0 0.618075 0.583321 -0.980130 0.098756
0 0.186577 0.640576 -0.061471 0.091101
