0 0.552885 0.335806 -0.926448 -0.428549
0 0.553452 0.334125 -0.923865 -0.426576
0 0.554576 0.336293 -0.922034 -0.425443
0 0.553101 0.335121 -0.926073 -0.430406
0 0.553247 0.335354 -0.925872 -0.430192
0 0.553303 0.335637 -0.923851 -0.426218
0 0.553378 0.335602 -0.923894 -0.425761
0 0.554477 0.335479 -0.921684 -0.426785
0 0.553330 0.336283 -0.923787 -0.425673
0 0.554581 0.335490 -0.925090 -0.427733
0 0.552739 0.335061 -0.924209 -0.428474
0 0.552718 0.334872 -0.924253 -0.428605
0 0.552740 0.334511 -0.924221 -0.428576
0 0.552192 0.335346 -0.922691 -0.419625
0 0.555203 0.335236 -0.923246 -0.434730
0 0.554795 0.335010 -0.923337 -0.435509
