0 0.557181 0.860018 -0.201877 -0.801380
0 0.556687 0.859933 -0.203151 -0.801575
0 0.557084 0.861269 -0.202664 -0.801414
0 0.555957 0.862527 -0.201057 -0.793294
0 0.556642 0.861053 -0.200118 -0.795233
0 0.555847 0.860509 -0.199914 -0.797320
0 0.561130 0.858681 -0.198913 -0.804777
0 0.561817 0.858916 -0.198462 -0.804868
0 0.562703 0.859987 -0.197004 -0.804718
0 0.562371 0.859859 -0.190668 -0.789343
0 0.555340 0.860026 -0.204917 -0.788646
0 0.562168 0.863796 -0.189335 -0.793590
0 0.555310 0.865611 -0.203938 -0.789259
