0 0.505059 1.180846 -0.204807 0.223098
0 0.505353 1.180240 -0.204913 0.220189
0 0.316453 1.115194 0.027485 -0.164283
0 0.320510 1.104286 0.036668 -0.184126
0 0.316036 1.117014 0.027411 -0.161015
0 0.320625 1.106117 0.037727 -0.180573
0 0.320523 1.095782 0.031404 -0.220388
0 0.318548 1.107549 0.023775 -0.172760
0 0.328195 1.104479 0.041300 -0.199540
0 0.327415 1.104169 0.039572 -0.200135
0 0.330208 1.110468 0.041948 -0.160618
0 0.329086 1.110302 0.038848 -0.162094
0 0.519124 1.147562 -0.186756 0.088731
0 0.521044 1.147182 -0.182012 0.088208
0 0.305545 1.075482 0.028583 -0.264442
0 0.492081 1.192099 -0.187267 0.256747
0 0.493716 1.189407 -0.186502 0.252099
0 0.338260 1.083576 0.044804 -0.236209
