0 0.965607 1.038397 0.682609 -0.102368
0 0.712482 1.058167 -0.835997 -0.509567
0 0.712089 1.058050 -0.836418 -0.508595
0 0.711686 1.058412 -0.836020 -0.508083
0 0.714566 1.059152 -0.832900 -0.511435
0 0.714525 1.059378 -0.832770 -0.511757
0 0.714079 1.060383 -0.834036 -0.510728
0 0.952991 1.045310 0.665044 -0.122241
0 0.958297 1.059409 0.617035 -0.075698
0 0.711500 1.062262 -0.841283 -0.475931
0 0.711696 1.061140 -0.841050 -0.490260
0 0.710243 1.045878 -0.840663 -0.520959
0 0.952501 1.046683 0.676830 0.019790
0 0.711948 1.066050 -0.840327 -0.467077
0 0.959371 1.060105 0.633004 -0.104332
