0 0.449727 1.246440 0.312673 0.827641
0 0.385549 0.575613 -0.611226 -0.926445
0 0.386282 0.574515 -0.615840 -0.920925
0 0.383749 0.576654 -0.613986 -0.923531
0 0.382740 0.575707 -0.616042 -0.926783
0 0.382441 0.575878 -0.616237 -0.925613
0 0.383674 0.576862 -0.615274 -0.923587
0 0.381152 0.575209 -0.615791 -0.922759
0 0.382567 0.575366 -0.616283 -0.925658
0 0.782783 1.185806 -0.454034 0.817811
0 0.382376 0.574031 -0.616424 -0.924060
0 0.382397 0.574373 -0.616326 -0.922956
0 0.383730 0.577504 -0.614906 -0.922137
0 0.781440 1.200972 -0.455708 0.845066
0 0.778509 1.202245 -0.475002 0.831739
0 0.380319 0.575138 -0.616806 -0.922491
0 0.385451 0.573164 -0.615528 -0.924568
0 0.778876 1.212950 -0.471258 0.847025
0 0.776766 1.133712 -0.459700 0.787986
0 0.774678 1.140709 -0.461553 0.798445
0 0.384405 0.576191 -0.615873 -0.923246
0 0.384242 0.576209 -0.616552 -0.923444
0 0.384583 0.577901 -0.615991 -0.920561
0 0.379911 0.574793 -0.622227 -0.922504
0 0.777470 1.129082 -0.478668 0.770989
0 0.776887 1.132308 -0.473789 0.774379
0 0.379288 0.575866 -0.620295 -0.921320
0 0.385464 0.578259 -0.616558 -0.919141
