0 0.742672 0.824977 -0.022892 0.291705
0 0.739498 0.825986 -0.023847 0.291661
0 0.745208 0.825787 -0.016408 0.273972
0 0.743199 0.822910 -0.017446 0.267993
0 0.739307 0.818118 -0.077162 0.298834
0 0.738018 0.819876 -0.078172 0.301101
0 0.703371 0.599768 -0.882820 -0.740376
0 0.703687 0.599678 -0.882594 -0.740827
0 0.701487 0.604351 -0.881722 -0.739806
0 0.701277 0.606100 -0.881757 -0.729246
0 0.701865 0.606202 -0.884322 -0.729708
0 0.701665 0.606475 -0.884290 -0.728119
0 0.698691 0.620087 -0.885581 -0.678135
0 0.702020 0.827848 -0.018767 0.292052
0 0.699198 0.619564 -0.885638 -0.678658
0 0.699944 0.828239 -0.020024 0.292112
0 0.699907 0.621006 -0.886454 -0.676707
0 0.737700 0.819939 -0.072554 0.269331
0 0.736443 0.817051 -0.074561 0.264171
0 0.701668 0.596515 -0.882580 -0.772589
0 0.701378 0.596710 -0.883587 -0.774193
