0 0.718936 1.173339 0.075701 0.227742
0 0.734348 1.182718 0.213357 0.252351
0 0.736869 1.174883 0.021960 0.225586
0 0.790288 1.188360 0.448995 0.281604
0 0.698288 1.011518 -0.930054 -0.774740
0 0.699135 1.010301 -0.927142 -0.776405
0 0.698737 1.010455 -0.927441 -0.774451
0 0.697556 1.008910 -0.936251 -0.777931
0 0.697521 1.009668 -0.936009 -0.777974
0 0.696700 1.008813 -0.938749 -0.776711
0 0.307470 1.201432 0.195996 0.361408
0 0.695711 1.008042 -0.955212 -0.763423
0 0.695340 1.016598 -0.956514 -0.752273
0 0.453094 0.530199 -0.687526 -0.719085
0 0.695870 1.016114 -0.957660 -0.752429
