0 0.583120 0.818404 0.346410 -0.667248
0 0.581905 0.816662 0.345244 -0.669992
0 0.583292 0.818994 0.345246 -0.667545
0 0.330017 0.497617 -0.470618 -0.545485
0 0.329417 0.498108 -0.468814 -0.538705
0 0.329980 0.500043 -0.472281 -0.543894
0 0.329810 0.498973 -0.471595 -0.543188
0 0.329837 0.499658 -0.472451 -0.544726
0 0.329853 0.498984 -0.471610 -0.543079
0 0.330874 0.498552 -0.468907 -0.545989
0 0.329899 0.499587 -0.472612 -0.544928
0 0.330104 0.498806 -0.471143 -0.543178
0 0.329905 0.503578 -0.471456 -0.538540
0 0.330775 0.499532 -0.466117 -0.535304
0 0.288730 0.520528 -0.301081 -0.461097
0 0.288135 0.521226 -0.302106 -0.460173
0 0.288307 0.507726 -0.321379 -0.469429
0 0.288333 0.507229 -0.321915 -0.470249
0 0.331767 0.510510 -0.468031 -0.532916
0 0.284720 0.510922 -0.313823 -0.476986
0 0.285074 0.511658 -0.313500 -0.476460
0 0.284864 0.511999 -0.313685 -0.474756
0 0.332911 0.512088 -0.465416 -0.532333
0 0.283778 0.524130 -0.297978 -0.472511
0 0.286260 0.507134 -0.324313 -0.466056
0 0.284235 0.524355 -0.297887 -0.473128
0 0.286678 0.507811 -0.323323 -0.464259
0 0.286628 0.507697 -0.323506 -0.464538
0 0.330012 0.509868 -0.472651 -0.535018
0 0.329859 0.509132 -0.473077 -0.536663
0 0.330433 0.509258 -0.471496 -0.536542
0 0.329803 0.499346 -0.471338 -0.544396
0 0.329807 0.493097 -0.472509 -0.549070
0 0.329880 0.491077 -0.472133 -0.554037
0 0.284346 0.516339 -0.299769 -0.501121
0 0.575145 0.859907 0.343524 -0.631134
0 0.284155 0.515649 -0.300744 -0.502470
0 0.578450 0.856445 0.348246 -0.636709
0 0.283759 0.516013 -0.301190 -0.502288
0 0.331887 0.497552 -0.467655 -0.536108
