0 0.867727 0.507137 -0.062499 -0.020844
0 0.859678 0.491196 -0.076484 -0.025958
0 0.861090 0.491280 -0.072421 -0.026797
0 0.868155 0.504374 -0.060791 -0.025085
0 0.866403 0.506773 -0.064818 -0.021517
0 0.862769 0.490845 -0.071684 -0.028133
0 1.040684 0.316651 -1.592621 0.010687
0 1.040629 0.315590 -1.592113 0.009065
0 1.038393 0.329017 -1.596222 0.003213
0 1.039520 0.328477 -1.594564 0.002517
0 0.674318 0.551860 0.071797 -0.309980
0 0.672171 0.554256 0.068746 -0.305552
0 0.670727 0.554957 0.074945 -0.303318
0 1.040762 0.321363 -1.591613 0.024958
0 1.041661 0.324280 -1.589788 0.031208
0 0.708047 0.542847 0.102770 -0.314528
0 0.705351 0.542979 0.098527 -0.313517
0 0.704763 0.543974 0.101774 -0.310237
0 0.866420 0.514694 -0.052348 -0.022096
0 0.867726 0.484308 -0.058811 -0.036787
0 0.871324 0.483274 -0.051731 -0.036925
0 0.865641 0.513627 -0.055443 -0.024621
0 0.867318 0.482928 -0.059564 -0.037789
0 0.864179 0.514056 -0.056877 -0.024853
0 1.041811 0.315592 -1.590675 0.011954
0 0.751640 0.537268 0.101697 -0.309179
0 1.039523 0.311321 -1.589645 -0.035421
0 0.749234 0.539289 0.095848 -0.304441
0 0.747196 0.539980 0.098383 -0.300577
0 1.041665 0.311228 -1.589767 0.016974
0 1.041655 0.312232 -1.590201 0.019299
0 1.039601 0.313060 -1.589192 -0.032175
0 1.040076 0.308761 -1.588970 -0.040466
0 0.615046 0.552875 0.035651 -0.324655
0 1.041683 0.320874 -1.592654 -0.030145
0 1.041189 0.320416 -1.593609 -0.031039
0 0.616948 0.552967 0.035340 -0.325315
0 0.561825 0.529114 -0.008869 -0.417472
0 0.562334 0.526359 -0.007239 -0.424218
0 0.614831 0.552483 0.032625 -0.324292
0 0.588488 0.524065 0.027489 -0.394099
0 0.590537 0.520421 0.032266 -0.402301
0 1.037689 0.411546 -1.593593 0.030239
