0 0.830717 0.592337 -0.311172 0.170062
0 0.829354 0.593350 -0.311282 0.169945
0 0.830490 0.594326 -0.310237 0.169208
0 0.821846 0.590475 -0.275637 0.162674
0 0.824443 0.590553 -0.271775 0.160349
0 0.826946 0.589841 -0.265072 0.164115
0 0.782766 0.525544 -0.420400 0.110688
0 0.783876 0.525648 -0.419133 0.105789
0 0.783669 0.525538 -0.418846 0.112546
0 0.995984 0.980975 -0.069443 0.380581
0 0.997686 0.973049 -0.066254 0.360358
0 0.871135 0.603880 -0.265409 0.147787
0 0.870293 0.604167 -0.270904 0.148706
0 1.017992 0.960212 -0.129133 0.336637
0 1.019060 0.952597 -0.126779 0.316935
0 0.831834 0.584441 -0.386532 0.167835
0 0.875319 0.603461 -0.258737 0.148473
0 1.023337 0.949643 -0.006056 0.268536
0 0.837512 0.585521 -0.372998 0.166884
0 1.021251 0.941601 -0.007060 0.255799
0 0.838280 0.589125 -0.370910 0.172646
