0 0.253324 0.888504 -0.194247 -1.182846
0 0.253828 0.890097 -0.193534 -1.181501
0 0.250174 0.889733 -0.197575 -1.184168
0 0.249856 0.886394 -0.198049 -1.179700
0 0.249743 0.886935 -0.198115 -1.179288
0 0.249999 0.890059 -0.197351 -1.183356
0 0.250257 0.890793 -0.196781 -1.182004
0 0.249527 0.887916 -0.198668 -1.177921
0 0.251721 0.885870 -0.198081 -1.180291
0 0.251109 0.886379 -0.199452 -1.179908
0 0.251063 0.887559 -0.199658 -1.178706
0 0.253945 0.889744 -0.196263 -1.186841
0 0.253185 0.889987 -0.197868 -1.185897
0 0.253205 0.890892 -0.197874 -1.185024
0 0.251349 0.890770 -0.192837 -1.177173
0 0.252585 0.889681 -0.190071 -1.178189
0 0.249778 0.886650 -0.201767 -1.175278
0 0.250333 0.888245 -0.200943 -1.172529
0 0.256690 0.888844 -0.200805 -1.183271
0 0.257323 0.889949 -0.198673 -1.181603
0 0.254880 0.896184 -0.191556 -1.179125
0 0.255245 0.895514 -0.191437 -1.180496
