0 0.714121 1.081499 -0.839320 -1.153579
0 0.713870 1.081538 -0.839472 -1.154729
0 0.713984 1.080671 -0.839686 -1.158160
0 0.713493 1.076917 -0.836797 -1.172026
0 0.713816 1.076769 -0.836990 -1.176736
0 0.713429 1.076834 -0.836695 -1.173992
0 0.714771 1.071225 -0.832580 -1.219000
0 0.714618 1.073040 -0.832463 -1.214488
0 0.717849 1.089514 -0.824922 -1.157412
0 0.714009 1.087097 -0.835853 -1.137041
0 0.713780 1.085972 -0.836055 -1.138779
0 0.713297 1.087229 -0.836544 -1.136586
0 0.970978 1.161647 0.550923 0.327474
0 0.717667 1.086677 -0.825846 -1.164252
0 0.711567 1.088883 -0.830208 -1.150507
0 0.711323 1.071188 -0.835746 -1.219982
0 0.868830 1.192195 0.492283 0.553583
0 0.711456 1.072948 -0.835900 -1.217336
0 0.711164 1.084719 -0.830541 -1.162715
