0 0.356374 0.928819 -0.087252 -1.055518
0 0.356988 0.930568 -0.086426 -1.051458
0 0.361476 0.932677 -0.084845 -1.051694
0 0.360924 0.932329 -0.085508 -1.052829
0 0.360800 0.933548 -0.084118 -1.051107
0 0.365013 0.930084 -0.080020 -1.050641
0 0.364894 0.931026 -0.079723 -1.050717
0 0.363519 0.929984 -0.081525 -1.055278
0 0.361092 0.929747 -0.079499 -1.055594
0 0.362009 0.930830 -0.078106 -1.054330
0 0.361407 0.930464 -0.078742 -1.054655
0 0.360225 0.924121 -0.080731 -1.061608
0 0.361402 0.929272 -0.078838 -1.051271
0 0.355279 0.930319 -0.076730 -1.055668
0 0.356474 0.932391 -0.074923 -1.051761
0 0.357854 0.927023 -0.094328 -1.056080
0 0.357570 0.929439 -0.094208 -1.051782
