0 0.315517 0.826785 -0.259199 -0.025083
0 0.316191 0.830966 -0.258989 -0.020427
0 0.326671 0.824799 -0.255387 -0.026109
0 0.326402 0.827949 -0.255777 -0.023602
0 0.331486 0.839257 -0.231425 -0.034674
0 0.331961 0.839392 -0.231885 -0.035664
0 0.199105 0.772366 0.132160 -0.263524
0 0.199452 0.772026 0.131980 -0.263567
0 0.339456 0.834565 -0.234826 -0.040278
0 0.339831 0.835001 -0.234241 -0.037406
0 0.199670 0.772436 0.131607 -0.262077
0 0.334464 0.840138 -0.226432 -0.034911
0 0.196952 0.763756 0.130689 -0.274897
0 0.196330 0.762150 0.131302 -0.278014
0 0.197708 0.763855 0.130827 -0.274546
0 0.340591 0.834932 -0.229653 -0.040351
0 0.197340 0.777517 0.129203 -0.289749
0 0.198351 0.777929 0.130465 -0.288606
0 0.198090 0.777687 0.128576 -0.288714
0 0.332558 0.827256 -0.245421 -0.024923
0 0.179549 0.491751 -0.002298 -0.396005
0 0.180096 0.492764 -0.001543 -0.394908
