0 0.436869 0.998286 -0.114837 -0.183092
0 0.492003 0.953839 -0.547968 0.159151
0 0.436169 0.998843 -0.114580 -0.182704
0 0.492346 0.955618 -0.550397 0.159669
0 0.492915 0.957996 -0.558015 0.160150
0 0.436782 0.992362 -0.114593 -0.198310
0 0.493646 0.960680 -0.553076 0.163478
0 0.452852 0.994475 -0.100240 -0.189388
0 0.452513 0.995772 -0.100370 -0.186241
0 0.436984 0.985662 -0.111984 -0.211756
0 0.439768 0.985636 -0.108115 -0.212226
0 0.453686 0.990676 -0.099380 -0.202332
0 0.439012 0.985026 -0.108357 -0.210721
0 0.430808 0.991063 -0.133469 -0.193704
0 0.492402 0.959903 -0.539371 0.188803
0 0.492295 0.958281 -0.540730 0.184441
0 0.494696 0.927414 -0.553052 0.073207
0 0.496421 0.959739 -0.544134 0.183347
0 0.496777 0.959385 -0.542565 0.180638
0 0.417500 0.991526 -0.122350 -0.194170
0 0.435428 1.003775 -0.120330 -0.216922
0 0.492053 0.958322 -0.572400 0.113904
0 0.497564 0.934258 -0.541846 0.098077
0 0.427432 0.960946 -0.136154 -0.207324
0 0.486176 0.956166 -0.579365 0.084318
0 0.461823 0.876695 -0.094206 -0.829293
0 0.460009 0.876526 -0.094798 -0.832282
0 0.463145 0.876902 -0.090966 -0.832242
0 0.442061 0.986132 -0.135552 -0.203227
0 0.421565 1.001183 -0.116991 -0.220033
