0 0.614232 0.995395 -0.074528 -1.005487
0 0.613240 0.998445 -0.075443 -0.999382
0 0.613896 0.998341 -0.074461 -0.997988
0 0.606334 1.006118 -0.088641 -1.002335
0 0.605982 1.006525 -0.089381 -1.001744
0 0.605552 1.006871 -0.090073 -0.999714
0 0.616042 0.936079 -0.076340 -1.047299
0 0.618800 0.939698 -0.070871 -1.041965
0 0.691349 1.032767 -0.973754 -1.093675
0 0.691192 1.032309 -0.974435 -1.095167
0 0.618477 0.937049 -0.071415 -1.047551
0 0.692703 1.031588 -0.966428 -1.095273
0 0.690456 1.047378 -0.974910 -1.019934
0 0.691201 1.046894 -0.973545 -1.020006
0 0.842737 0.994906 -0.007847 -1.319201
0 0.844405 0.995788 -0.003920 -1.313503
0 0.694894 1.022763 -0.950023 -1.132907
0 0.845333 0.995453 -0.005950 -1.321347
0 0.695653 1.022461 -0.947694 -1.134703
0 0.695516 1.021684 -0.947345 -1.136668
0 0.844778 1.002270 -0.025518 -1.270535
0 0.691294 1.048873 -0.969487 -1.017157
0 0.844108 1.001837 -0.019924 -1.269307
