0 0.254862 0.949356 -0.098733 -0.680351
0 0.254809 0.947556 -0.098845 -0.683719
0 0.531805 0.936965 -0.646805 -0.722328
0 0.438423 0.946545 -0.458911 -0.699826
0 0.532388 0.933148 -0.645711 -0.728033
0 0.438769 0.944037 -0.458120 -0.704043
0 0.254889 0.949198 -0.096841 -0.685867
0 0.532779 0.933171 -0.648829 -0.725265
0 0.255236 0.947080 -0.096041 -0.688521
0 0.344827 0.942977 -0.283343 -0.696457
0 0.533060 0.931062 -0.648125 -0.729272
0 0.439154 0.946354 -0.462046 -0.702110
0 0.345255 0.940455 -0.282583 -0.700884
0 0.533544 0.934379 -0.642723 -0.724537
0 0.439963 0.944303 -0.455341 -0.703078
0 0.439170 0.944957 -0.461913 -0.704750
0 0.256037 0.950719 -0.097939 -0.685198
0 0.532648 0.931583 -0.649110 -0.728467
0 0.531579 0.943984 -0.646754 -0.710689
0 0.531221 0.937578 -0.648540 -0.718901
0 0.257806 0.947957 -0.096053 -0.682231
0 0.345355 0.947854 -0.284667 -0.700789
0 0.256407 0.949216 -0.096904 -0.688938
0 0.440225 0.945359 -0.459687 -0.703764
0 0.531706 0.942003 -0.646007 -0.714716
0 0.345399 0.947159 -0.284181 -0.702176
0 0.433892 0.950271 -0.458985 -0.697319
0 0.256380 0.946149 -0.096289 -0.690629
0 0.530389 0.938406 -0.649999 -0.717271
0 0.255872 0.935050 -0.093888 -0.715029
0 0.614771 0.881003 -0.850644 -0.722677
0 0.253820 0.916487 -0.097217 -0.725508
0 0.435851 0.947773 -0.457496 -0.696283
0 0.347550 0.940577 -0.276838 -0.699668
0 0.614808 0.879997 -0.850524 -0.725755
0 0.433726 0.948462 -0.458926 -0.701579
0 0.157461 0.879247 0.030672 -0.671105
0 0.252012 0.912437 -0.099630 -0.730134
0 0.157326 0.878385 0.030342 -0.671955
0 0.257125 0.949509 -0.096930 -0.688215
0 0.530747 0.942293 -0.646110 -0.714950
0 0.253844 0.933644 -0.097401 -0.717101
0 0.346989 0.947003 -0.280865 -0.702866
0 0.433701 0.944260 -0.461206 -0.702488
0 0.529269 0.940951 -0.660060 -0.718771
0 0.433039 0.949145 -0.458694 -0.701656
0 0.131105 0.605573 -0.048232 -0.778920
0 0.130765 0.605307 -0.049656 -0.779525
0 0.130893 0.606093 -0.049474 -0.777325
0 0.528646 0.940251 -0.660983 -0.716954
0 0.432865 0.947505 -0.473300 -0.704886
0 0.610814 0.882913 -0.851172 -0.723754
0 0.611066 0.882378 -0.851367 -0.725608
0 0.130326 0.611291 -0.051298 -0.767735
0 0.431517 0.944499 -0.475778 -0.709041
0 0.131719 0.605977 -0.047666 -0.776301
0 0.341675 0.945210 -0.292293 -0.711479
0 0.131713 0.605567 -0.047805 -0.777842
0 0.130874 0.611350 -0.049793 -0.767413
0 0.131942 0.605234 -0.047848 -0.778436
0 0.534212 0.917205 -0.643639 -0.728964
0 0.341475 0.943265 -0.294869 -0.708390
0 0.341420 0.943405 -0.295104 -0.708688
0 0.153683 0.880247 0.030608 -0.643907
0 0.153782 0.878591 0.030970 -0.646928
0 0.532716 0.912390 -0.645812 -0.734179
0 0.612122 0.881016 -0.847336 -0.770267
0 0.611682 0.876001 -0.848030 -0.780938
0 0.339817 0.940305 -0.296091 -0.719816
0 0.158567 0.868477 0.029394 -0.784230
0 0.619972 0.882630 -0.843024 -0.716172
0 0.616640 0.873717 -0.844654 -0.784304
0 0.616872 0.872673 -0.843912 -0.786856
0 0.157638 0.875526 0.027512 -0.769039
0 0.132007 0.610446 -0.043927 -0.769004
0 0.132163 0.609369 -0.044879 -0.770061
0 0.133060 0.610664 -0.043182 -0.768463
0 0.131854 0.602895 -0.046182 -0.780767
0 0.155953 0.897565 0.034815 -0.658538
0 0.131462 0.609721 -0.044673 -0.771759
0 0.155672 0.896583 0.033706 -0.660912
0 0.131239 0.604435 -0.046710 -0.776210
0 0.436306 0.938493 -0.457499 -0.698682
0 0.341705 0.947073 -0.277448 -0.706168
0 0.342991 0.929915 -0.290985 -0.704781
0 0.248426 0.935556 -0.091426 -0.713214
0 0.435030 0.931895 -0.459177 -0.708241
0 0.245854 0.910082 -0.096556 -0.727804
0 0.266060 0.945172 -0.091333 -0.711220
0 0.244674 0.905268 -0.098022 -0.733113
0 0.342982 0.942969 -0.293247 -0.708192
0 0.340300 0.942437 -0.280504 -0.715083
0 0.156633 0.879687 0.033119 -0.615603
0 0.532610 0.914905 -0.659678 -0.731276
0 0.340734 0.923725 -0.295363 -0.713077
0 0.130281 0.606715 -0.049543 -0.773247
0 0.130519 0.606162 -0.048903 -0.773694
0 0.247209 0.935510 -0.092839 -0.710776
0 0.157707 0.899515 0.030457 -0.641214
0 0.130211 0.605540 -0.049661 -0.774900
0 0.620207 0.874818 -0.837162 -0.781552
0 0.158081 0.898038 0.027090 -0.763104
0 0.618223 0.883667 -0.850353 -0.635205
0 0.615467 0.904678 -0.844307 -0.750229
0 0.618037 0.881452 -0.850687 -0.635911
0 0.530444 0.906870 -0.663522 -0.741186
0 0.159488 0.893082 0.029663 -0.768794
0 0.613054 0.860961 -0.845527 -0.757391
0 0.612220 0.853867 -0.846494 -0.773458
0 0.430062 0.956499 -0.464268 -0.715322
0 0.156129 0.876719 0.032793 -0.621144
0 0.615796 0.900387 -0.843225 -0.755900
0 0.341317 0.927483 -0.278313 -0.702171
0 0.134016 0.602078 -0.045022 -0.780122
0 0.610140 0.883691 -0.845919 -0.770532
0 0.261624 0.941624 -0.098477 -0.716357
0 0.157721 0.888067 0.030900 -0.669071
0 0.610101 0.888068 -0.846392 -0.760029
0 0.529042 0.954030 -0.649031 -0.712047
0 0.133023 0.603928 -0.046400 -0.775259
0 0.435977 0.935755 -0.471252 -0.701091
0 0.158316 0.875116 0.029133 -0.772930
0 0.428963 0.950426 -0.465217 -0.727008
