0 0.736563 0.348683 -0.698941 0.236799
0 0.736547 0.349849 -0.699317 0.237348
0 0.942299 1.134246 0.663647 0.659580
0 0.737116 0.351227 -0.698402 0.235992
0 0.739890 0.341008 -0.689637 0.233031
0 0.732702 0.346189 -0.703945 0.230859
0 0.735283 0.348339 -0.700232 0.230631
0 0.734853 0.347438 -0.701337 0.232420
0 0.736555 0.342329 -0.694483 0.232659
0 0.739938 0.337390 -0.688959 0.226399
0 0.739806 0.325580 -0.688687 0.220341
0 0.740022 0.320393 -0.687368 0.216633
0 0.736461 0.349592 -0.695891 0.233425
0 0.736349 0.350421 -0.696492 0.234619
0 0.736851 0.350451 -0.696154 0.234384
