0 0.665478 0.942290 -1.129948 -1.138435
0 0.665931 0.942075 -1.128158 -1.139169
0 0.667291 0.946856 -1.122817 -1.124745
0 0.666293 0.946535 -1.124977 -1.126853
0 0.664993 0.948886 -1.128674 -1.125011
0 0.664748 0.946540 -1.129276 -1.127628
0 0.665696 0.949195 -1.126440 -1.123451
0 0.666345 0.948109 -1.127062 -1.130352
0 0.666850 0.949420 -1.124857 -1.128275
0 0.665208 0.918833 -1.129263 -1.153606
0 0.665253 0.920613 -1.128613 -1.150341
0 0.665111 0.922105 -1.129692 -1.148328
0 0.385287 0.723776 -0.416515 -0.758403
0 0.386297 0.724217 -0.413897 -0.758231
