0 0.831068 0.606702 -0.233386 -0.250583
0 0.827777 0.605473 -0.237852 -0.252899
0 0.827483 0.605547 -0.238479 -0.251177
0 0.841783 0.600689 -0.233424 -0.262700
0 0.839701 0.600479 -0.231271 -0.263069
0 0.841313 0.601410 -0.228027 -0.259509
0 0.816315 0.585930 -0.220267 -0.261404
0 0.811638 0.585498 -0.229059 -0.261954
0 0.814207 0.586044 -0.224990 -0.260199
0 0.906733 0.654429 -0.182010 -0.229327
0 0.911850 0.654084 -0.167979 -0.228576
0 0.847784 0.653804 -0.205977 -0.223415
0 0.910218 0.652654 -0.171524 -0.232847
0 0.851661 0.654354 -0.196546 -0.220251
0 0.847436 0.652702 -0.203723 -0.225237
0 0.785222 0.596844 -0.306188 -0.262732
0 0.784765 0.624263 -0.387215 -0.240138
0 0.786490 0.623540 -0.305486 -0.237998
0 0.787890 0.599800 -0.378006 -0.258917
