0 0.722495 0.957297 -0.080712 -0.720958
0 0.724717 0.957603 -0.075886 -0.719957
0 0.724019 0.957300 -0.076628 -0.723339
0 0.724766 0.954972 -0.080022 -0.729024
0 0.726456 0.954688 -0.076642 -0.727872
0 0.724750 0.954066 -0.082308 -0.732826
0 0.171741 0.751131 0.116108 -1.073459
0 0.171624 0.751786 0.115638 -1.072744
0 0.264879 0.722430 -0.070253 -1.099427
0 0.264746 0.722593 -0.070881 -1.097953
0 0.261362 0.723701 -0.074333 -1.101384
0 0.260788 0.723093 -0.075067 -1.101700
0 0.203296 0.747485 0.139318 -1.073404
0 0.202696 0.747559 0.139853 -1.072819
0 0.263029 0.721699 -0.072135 -1.101759
0 0.165408 0.751221 0.110405 -1.074188
0 0.263004 0.721599 -0.072362 -1.102692
0 0.172442 0.746485 0.117476 -1.073349
0 0.166902 0.749293 0.110496 -1.072058
0 0.165785 0.751083 0.110321 -1.074574
0 0.172464 0.746727 0.117143 -1.072782
0 0.167041 0.749534 0.110407 -1.072529
0 0.262745 0.716768 -0.095346 -1.107472
0 0.261064 0.716758 -0.104116 -1.105938
0 0.261819 0.719777 -0.075814 -1.105536
0 0.259874 0.724166 -0.073851 -1.100750
0 0.261947 0.719181 -0.075848 -1.106472
0 0.168387 0.751559 0.112592 -1.073138
0 0.258956 0.721329 -0.082099 -1.103019
0 0.263852 0.725134 -0.053082 -1.097390
0 0.263587 0.724836 -0.053626 -1.098123
0 0.250814 0.743377 0.172390 -1.069947
0 0.196878 0.747656 0.135673 -1.073521
0 0.258717 0.719613 -0.082603 -1.105858
0 0.249582 0.744336 0.171330 -1.069952
0 0.197465 0.748771 0.136193 -1.073047
0 0.168283 0.745443 0.113210 -1.074363
0 0.260765 0.720002 -0.084734 -1.104872
0 0.266222 0.744337 0.174823 -1.068844
0 0.236307 0.711298 -0.223240 -1.119748
0 0.177854 0.745705 0.122307 -1.078888
0 0.265306 0.743651 0.173602 -1.070381
0 0.260021 0.726207 -0.050214 -1.098550
0 0.261731 0.746649 0.167873 -1.068572
0 0.254512 0.724349 -0.076115 -1.098621
0 0.171970 0.746733 0.120572 -1.082134
0 0.261360 0.746052 0.167784 -1.067216
0 0.294615 0.732177 0.146059 -1.082771
0 0.293793 0.732417 0.142003 -1.082905
0 0.725593 0.952643 -0.073978 -0.726463
0 0.724574 0.951625 -0.075533 -0.727604
0 0.725603 0.951561 -0.071743 -0.727174
