0 0.452735 1.238227 0.198128 0.524895
0 0.450455 0.515008 -0.328653 -0.011962
0 0.450820 0.516842 -0.326670 -0.008811
0 0.450503 0.515931 -0.328677 -0.011001
0 0.450763 0.514072 -0.332377 -0.012289
0 0.451536 0.516592 -0.331317 -0.007444
0 0.451133 0.515617 -0.331005 -0.009911
0 0.208121 0.626937 0.139993 0.024154
0 0.203822 0.596760 0.139029 0.002330
0 0.461013 0.516670 -0.300640 0.007281
0 0.454905 0.521880 -0.329547 -0.006777
0 0.454523 0.517596 -0.328197 -0.012633
0 0.454662 0.519428 -0.329120 -0.009158
0 0.201919 0.623612 0.135208 0.007454
0 0.202662 0.619414 0.139344 -0.001431
0 0.460615 0.510119 -0.303751 0.006943
0 0.200786 0.595246 0.139020 0.000437
0 0.766598 0.966439 -0.434795 -1.068916
0 0.765174 0.966172 -0.437782 -1.069089
0 0.366919 0.914983 0.217140 -1.340521
0 0.768546 0.966421 -0.432344 -1.064718
0 0.366986 0.914105 0.216572 -1.339869
0 0.367545 0.914982 0.217594 -1.341988
0 0.775179 0.959622 -0.395101 -1.073538
0 0.775642 0.960553 -0.394178 -1.073015
0 0.777649 0.959289 -0.391854 -1.070671
0 0.683419 1.220044 -0.361317 0.416014
0 0.685164 1.226098 -0.357393 0.427918
0 0.463269 0.508703 -0.323412 -0.005232
0 0.465116 0.511286 -0.324617 0.000349
0 0.364788 0.915537 0.218651 -1.338165
0 0.465554 0.509313 -0.321885 -0.003807
0 0.767582 0.963467 -0.436249 -1.080900
0 0.767491 0.963353 -0.433618 -1.081350
0 0.365295 0.915391 0.219002 -1.338686
0 0.364903 0.915534 0.219336 -1.338758
0 0.766153 0.963601 -0.437079 -1.081199
