0 0.158029 0.615677 -0.128775 -0.796687
0 0.156718 0.613992 -0.131678 -0.794661
0 0.309613 0.601553 -0.430784 -0.830439
0 0.309618 0.601576 -0.431793 -0.828633
0 0.309198 0.599578 -0.430537 -0.829582
0 0.309602 0.601840 -0.431753 -0.827885
0 0.309865 0.601973 -0.431324 -0.827792
0 0.158222 0.614687 -0.130298 -0.796008
0 0.157786 0.614680 -0.130386 -0.796022
0 0.157719 0.613897 -0.130812 -0.797723
0 0.309993 0.602009 -0.430955 -0.824548
0 0.158689 0.616029 -0.126610 -0.795763
0 0.310025 0.601109 -0.430699 -0.825155
0 0.309821 0.601983 -0.430988 -0.824406
0 0.309993 0.600542 -0.428076 -0.827787
0 0.441631 0.598215 -0.725554 -0.856150
0 0.310245 0.602029 -0.428484 -0.829626
0 0.157372 0.615019 -0.129842 -0.791678
0 0.158058 0.614649 -0.128299 -0.795330
0 0.158225 0.614822 -0.128441 -0.795383
0 0.158170 0.614046 -0.128742 -0.796461
0 0.441772 0.597868 -0.724766 -0.859733
0 0.441806 0.598264 -0.724830 -0.858583
0 0.309413 0.598835 -0.431359 -0.831448
0 0.441840 0.598405 -0.724358 -0.858463
0 0.309545 0.597419 -0.432286 -0.833718
0 0.443278 0.595844 -0.725458 -0.864806
0 0.308777 0.597671 -0.433961 -0.832901
0 0.309867 0.599333 -0.430624 -0.830606
0 0.443325 0.599214 -0.723133 -0.853076
0 0.443014 0.598819 -0.722925 -0.852796
0 0.443300 0.598649 -0.723262 -0.853253
0 0.159918 0.614139 -0.126644 -0.794801
0 0.160391 0.614394 -0.126979 -0.796427
0 0.442004 0.598807 -0.722996 -0.858448
0 0.442570 0.598828 -0.722093 -0.858136
0 0.309595 0.601489 -0.428660 -0.826025
0 0.159315 0.613368 -0.127756 -0.797948
0 0.158595 0.613782 -0.130648 -0.798842
0 0.309678 0.601383 -0.428770 -0.825264
0 0.441382 0.598367 -0.721989 -0.859147
0 0.310064 0.601820 -0.428181 -0.825341
0 0.441375 0.597824 -0.722194 -0.860250
0 0.440772 0.598044 -0.723882 -0.859934
0 0.309675 0.598531 -0.429836 -0.831946
0 0.439730 0.599925 -0.726136 -0.860114
0 0.309712 0.598854 -0.429773 -0.831142
0 0.442715 0.599051 -0.722646 -0.854053
0 0.438904 0.600088 -0.727116 -0.859569
0 0.442942 0.598947 -0.722340 -0.854248
0 0.157609 0.613977 -0.127502 -0.798370
0 0.445415 0.599624 -0.719094 -0.858963
0 0.445301 0.596601 -0.721024 -0.862284
0 0.158207 0.614681 -0.126481 -0.796448
0 0.444602 0.598503 -0.719738 -0.856428
0 0.158276 0.615222 -0.126531 -0.796435
0 0.158459 0.614791 -0.126052 -0.797260
0 0.158613 0.615260 -0.125000 -0.796471
0 0.442726 0.597244 -0.720030 -0.851272
0 0.442085 0.596852 -0.721122 -0.850979
0 0.442859 0.597781 -0.719523 -0.850054
0 0.158228 0.615557 -0.130769 -0.796000
0 0.157812 0.615633 -0.131635 -0.795679
0 0.157859 0.615541 -0.131811 -0.796360
0 0.560443 0.611641 -0.944873 -0.879619
0 0.440093 0.597501 -0.724873 -0.854697
0 0.158075 0.611481 -0.135812 -0.795362
0 0.558126 0.612484 -0.947566 -0.880337
0 0.565902 0.609197 -0.940694 -0.883131
0 0.446536 0.599952 -0.717694 -0.859572
0 0.439271 0.597642 -0.725739 -0.854282
0 0.562190 0.612004 -0.941506 -0.880264
0 0.310172 0.603666 -0.427702 -0.829621
0 0.558383 0.609666 -0.947152 -0.879194
0 0.558898 0.609658 -0.946677 -0.878743
0 0.159738 0.612639 -0.132772 -0.794514
0 0.309576 0.602985 -0.428784 -0.830939
