0 0.477913 1.343401 0.186712 0.792789
0 0.693963 1.384137 -0.342588 0.813989
0 0.694240 1.403322 -0.344422 0.854109
0 1.031170 1.449575 -0.720560 0.910148
0 1.032169 1.443476 -0.720885 0.893273
0 1.038631 1.390416 -0.700225 0.851117
0 0.707295 1.419526 -0.310238 0.854697
0 1.041335 1.405107 -0.695786 0.878472
0 0.724219 1.432161 -0.355256 0.872016
0 0.709419 1.433980 -0.311831 0.880927
0 0.722245 1.413946 -0.356846 0.842148
0 0.703511 1.381869 -0.374169 0.816540
0 0.705353 1.408002 -0.369229 0.866733
0 1.060604 1.445592 -0.517434 0.891521
0 1.060919 1.432167 -0.523117 0.870253
0 1.022788 1.379086 -0.779641 0.865424
0 1.023231 1.388174 -0.779216 0.888890
