0 0.436957 0.937152 0.030564 -0.272258
0 0.437864 0.929737 0.032144 -0.289332
0 0.437428 0.937583 0.029999 -0.269281
0 0.686073 0.384747 -0.312642 0.249425
0 0.686768 0.383009 -0.310170 0.245440
0 0.685511 0.385579 -0.311727 0.252304
0 0.434911 0.942679 0.030793 -0.322221
0 0.434693 0.942931 0.029883 -0.322321
0 0.435194 0.939939 0.031117 -0.329101
0 0.693357 0.372398 -0.301623 0.236731
0 0.695134 0.371710 -0.300244 0.235353
0 0.697300 0.370684 -0.295831 0.234591
0 0.690143 0.388346 -0.307113 0.252099
0 0.689525 0.388857 -0.308066 0.253279
0 0.689031 0.388727 -0.310639 0.252614
0 0.435539 0.894985 0.022936 -0.283313
0 0.436715 0.898304 0.023849 -0.276926
0 0.693071 0.354475 -0.297052 0.227090
0 0.437424 0.936260 0.025872 -0.256085
0 0.436037 0.892142 0.024123 -0.288900
0 0.695147 0.354394 -0.292307 0.228794
0 0.693492 0.354748 -0.295995 0.227866
0 0.437786 0.935083 0.027176 -0.257149
0 0.438736 0.931021 0.028600 -0.268889
0 0.625753 0.777773 -1.033335 -0.962975
0 0.625185 0.779203 -1.033725 -0.961076
0 0.626182 0.775415 -1.030690 -0.962453
0 0.625447 0.776988 -1.033270 -0.963179
0 0.626072 0.774840 -1.031361 -0.962784
0 0.624596 0.774186 -1.036500 -0.968264
0 0.623069 0.775496 -1.039356 -0.966135
0 0.622760 0.775169 -1.035543 -0.969112
0 0.415305 0.868993 -0.005760 -0.375742
0 0.623907 0.775525 -1.034008 -0.968911
0 0.421932 0.897209 0.019780 -0.395121
0 0.418171 0.896932 0.006247 -0.377944
0 0.625529 0.783125 -1.032211 -0.956445
0 0.623895 0.783975 -1.034896 -0.954871
