0 0.099994 1.132363 0.068484 -0.957851
0 0.100128 1.131351 0.068301 -0.960861
0 0.099277 1.133155 0.066239 -0.952837
0 0.099109 1.129717 0.066483 -0.960974
0 0.098657 1.124054 0.066970 -0.988846
0 0.098885 1.123229 0.067077 -0.987219
0 0.099778 1.122272 0.065941 -0.984324
0 0.099233 1.125888 0.065508 -0.979579
0 0.416163 0.974366 -0.641608 -0.607037
0 0.901316 1.346446 0.335521 0.696867
0 0.416998 0.976721 -0.638858 -0.608756
0 0.102357 1.116634 0.068121 -1.012614
0 0.102062 1.114994 0.068068 -1.015194
0 0.417558 0.919442 -0.635791 -0.623070
0 0.417292 0.937270 -0.635562 -0.592774
