0 0.889897 0.554471 -0.976433 -0.471324
0 0.889655 0.554078 -0.977798 -0.471453
0 0.891804 0.556259 -0.970844 -0.466912
0 0.891767 0.556662 -0.970608 -0.465882
0 0.891513 0.554379 -0.976011 -0.470754
0 0.891440 0.557348 -0.970536 -0.464364
0 0.299966 0.429957 0.200470 -0.382610
0 0.299542 0.429136 0.200384 -0.383195
0 0.891878 0.550278 -0.982350 -0.476714
0 0.299152 0.429471 0.200287 -0.381616
0 0.507154 0.610743 -0.215037 -0.836907
0 0.296729 0.425973 0.199181 -0.388411
0 0.297195 0.427537 0.198751 -0.385443
0 0.891411 0.550776 -0.982444 -0.473898
0 0.507037 0.610762 -0.215719 -0.835955
0 0.296923 0.427255 0.198651 -0.386699
0 0.307583 0.426686 0.211053 -0.387292
0 0.508905 0.612818 -0.208738 -0.832340
0 0.305997 0.426358 0.206997 -0.387934
0 0.307512 0.427857 0.211784 -0.385597
0 0.507841 0.612487 -0.210654 -0.831781
0 0.508994 0.610809 -0.212441 -0.834339
0 0.310857 0.428580 0.212548 -0.381999
0 0.310963 0.429051 0.211578 -0.380706
0 0.510033 0.612563 -0.206654 -0.831643
0 0.889650 0.554216 -0.979493 -0.468134
0 0.889270 0.553734 -0.981028 -0.469640
0 0.889904 0.553300 -0.979950 -0.469656
0 0.504048 0.564107 -0.605782 -0.505066
0 0.504023 0.564052 -0.609485 -0.508363
0 0.504108 0.563856 -0.607995 -0.508459
0 0.504122 0.563203 -0.606471 -0.506286
0 0.503146 0.564138 -0.606305 -0.504597
0 0.503355 0.564216 -0.606431 -0.506467
0 0.503427 0.565887 -0.606076 -0.501905
0 0.511521 0.611102 -0.209940 -0.836641
0 0.511655 0.611320 -0.208490 -0.837816
0 0.306902 0.429220 0.198217 -0.380748
0 0.305533 0.430274 0.196438 -0.377849
0 0.503872 0.564296 -0.599711 -0.503691
0 0.504359 0.564055 -0.598970 -0.506883
0 0.509523 0.610612 -0.214413 -0.836717
0 0.504205 0.565753 -0.598504 -0.501912
0 0.515176 0.607331 -0.188089 -0.842438
0 0.515184 0.608235 -0.188060 -0.841145
0 0.884904 0.552777 -0.969811 -0.470950
0 0.881184 0.548006 -1.034265 -0.479598
0 0.502873 0.564708 -0.600194 -0.501912
0 0.884834 0.552256 -0.970447 -0.470869
0 0.308687 0.430341 0.215254 -0.371946
0 0.309060 0.432915 0.214429 -0.365900
0 0.880389 0.547908 -1.035472 -0.477939
0 0.519789 0.608153 -0.182562 -0.838825
0 0.504059 0.563831 -0.597895 -0.503352
0 0.520337 0.608572 -0.181842 -0.837640
0 0.887676 0.553676 -0.992140 -0.472684
0 0.886711 0.554599 -0.993394 -0.470655
0 0.505798 0.609973 -0.198611 -0.840017
0 0.506293 0.610958 -0.198730 -0.838702
