0 0.519200 0.639527 -0.727478 -0.678561
0 0.519090 0.640016 -0.728436 -0.678636
0 0.372445 0.543906 -0.012451 -0.189484
0 0.371474 0.543732 -0.013922 -0.189708
0 0.521611 0.635208 -0.727070 -0.685891
0 0.370997 0.544534 -0.013422 -0.187025
0 0.521439 0.634430 -0.726932 -0.686576
0 0.518267 0.627072 -0.728021 -0.698121
0 0.517647 0.627061 -0.729201 -0.698439
0 0.517678 0.628226 -0.729132 -0.695581
0 0.519332 0.632527 -0.725291 -0.698547
0 0.518961 0.632744 -0.725895 -0.697318
0 0.518956 0.632853 -0.725850 -0.697149
0 0.366759 0.545144 -0.020609 -0.184869
0 0.365814 0.543840 -0.022546 -0.187227
0 0.365772 0.545482 -0.022975 -0.182820
0 0.285577 0.606464 -0.409031 -0.798620
0 0.285576 0.606949 -0.409151 -0.797992
0 0.285418 0.606230 -0.409190 -0.798645
0 0.288271 0.616135 -0.404139 -0.775424
0 0.340901 0.556607 -0.030537 -0.180818
0 0.289617 0.613596 -0.403806 -0.783834
0 0.373333 0.537813 -0.022161 -0.192387
0 0.373623 0.538628 -0.021047 -0.191275
0 0.374075 0.540233 -0.020683 -0.188982
0 0.292406 0.620342 -0.402622 -0.771805
0 0.285674 0.606252 -0.408616 -0.820108
0 0.285645 0.606181 -0.408587 -0.820282
0 0.340625 0.551967 -0.030850 -0.193822
0 0.285526 0.605876 -0.408698 -0.820357
0 0.520209 0.886943 -0.699714 -0.851703
0 0.520237 0.883199 -0.699072 -0.858902
0 0.359863 0.552226 -0.023237 -0.171406
0 0.519961 0.883756 -0.684603 -0.854559
0 0.520191 0.880888 -0.684566 -0.860666
0 0.287686 0.616672 -0.406839 -0.773497
0 0.292146 0.612455 -0.399240 -0.786405
0 0.287805 0.616244 -0.406507 -0.774699
0 0.285346 0.598187 -0.412411 -0.832902
0 0.287636 0.616152 -0.407155 -0.774371
0 0.285197 0.598432 -0.413455 -0.832251
0 0.516264 0.895738 -0.711245 -0.867307
0 0.048318 0.678717 0.032030 -1.070828
0 0.360349 0.546311 -0.023936 -0.187670
0 0.293607 0.620528 -0.399675 -0.768984
0 0.048378 0.678897 0.031970 -1.070784
0 0.290276 0.613325 -0.398653 -0.782876
0 0.516265 0.898386 -0.711980 -0.860426
0 0.048064 0.678575 0.031515 -1.070604
0 0.451644 0.708896 -0.527940 0.110879
0 0.515395 0.642205 -0.727632 -0.688456
0 0.046659 0.678806 0.030889 -1.070699
0 0.452330 0.708316 -0.527113 0.110888
0 0.334608 0.541709 -0.027171 -0.236402
0 0.046819 0.678914 0.032027 -1.070416
0 0.046723 0.679509 0.031099 -1.070355
0 0.515524 0.641717 -0.727845 -0.690338
0 0.333955 0.538430 -0.029381 -0.244558
0 0.516044 0.625559 -0.728005 -0.686970
0 0.515883 0.626741 -0.728312 -0.684795
0 0.520515 0.907228 -0.682427 -0.847720
0 0.045474 0.679067 0.031428 -1.068262
0 0.520602 0.906809 -0.682438 -0.848067
0 0.424183 0.799359 -0.392428 -0.655296
0 0.045197 0.679820 0.030100 -1.067554
0 0.424743 0.800269 -0.391746 -0.653622
0 0.364707 0.556963 -0.024306 -0.142572
0 0.365993 0.548133 -0.081606 -0.173976
0 0.286304 0.596810 -0.409346 -0.852609
0 0.516508 0.619206 -0.721353 -0.696524
0 0.366784 0.544951 -0.080858 -0.185311
