0 0.160981 0.283994 0.108284 -0.084955
0 0.160975 0.283980 0.107620 -0.084586
0 0.160905 0.283328 0.107756 -0.086046
0 0.162284 0.284472 0.108902 -0.083327
0 0.163024 0.284315 0.109786 -0.084235
0 0.160121 0.286080 0.109725 -0.084452
0 0.161021 0.287001 0.110807 -0.082036
0 0.169912 0.285984 0.113461 -0.082956
0 0.170274 0.286574 0.113892 -0.082572
0 1.438438 0.875219 0.884335 0.187265
0 0.164713 0.286199 0.111002 -0.083897
0 0.164676 0.286964 0.111107 -0.082103
0 0.164789 0.286477 0.110996 -0.083117
0 0.155814 0.284144 0.102677 -0.085330
0 0.157042 0.284469 0.104450 -0.083943
0 0.156904 0.283668 0.104084 -0.086462
0 0.837688 0.336313 0.478644 -0.133763
0 0.838853 0.337366 0.483107 -0.133680
0 0.844955 0.336374 0.493019 -0.132550
0 0.807154 0.325435 0.407023 -0.135014
0 0.812765 0.326054 0.418153 -0.134196
0 0.885792 0.340877 0.436341 -0.137449
0 0.811288 0.325152 0.415159 -0.136347
0 0.890470 0.340111 0.445845 -0.136186
0 0.408539 0.197461 -0.544797 -0.159615
0 1.425453 0.837651 0.862684 0.007205
0 0.727968 0.195492 -1.063120 -0.126973
0 0.724021 0.198543 -1.051275 -0.136385
0 0.904470 0.340327 0.475989 -0.134142
0 0.728961 0.195671 -1.061183 -0.127389
0 0.405368 0.198891 -0.561978 -0.159277
0 0.405405 0.199895 -0.561910 -0.158355
0 0.405840 0.199836 -0.560332 -0.158266
0 0.724696 0.198994 -1.050682 -0.136820
0 0.418525 0.196901 -0.540797 -0.164743
0 0.840883 0.282915 -1.155261 -0.247806
0 0.805463 0.345635 0.498448 -0.119883
0 0.847564 0.279830 -1.147123 -0.251719
0 0.800696 0.344311 0.488310 -0.121136
0 0.802251 0.343478 0.495473 -0.122203
0 0.848468 0.280456 -1.144686 -0.249855
0 0.847015 0.280414 -1.149197 -0.251847
0 0.404398 0.194954 -0.574288 -0.166436
0 0.839662 0.282060 -1.156680 -0.249082
0 0.845318 0.282012 -1.146863 -0.248736
0 0.849293 0.280338 -1.144330 -0.250234
0 0.846981 0.281444 -1.144958 -0.251305
0 0.404570 0.196613 -0.573579 -0.162153
0 0.840662 0.281841 -1.156099 -0.249946
0 0.412706 0.196998 -0.554347 -0.164131
0 0.405365 0.195222 -0.572856 -0.165189
0 0.740833 0.197158 -1.055297 -0.119303
0 0.532710 0.195092 -0.809340 -0.166363
0 0.739736 0.196748 -1.057650 -0.119484
0 0.726294 0.197218 -1.063715 -0.130339
0 0.727510 0.197414 -1.061627 -0.129924
0 0.726007 0.197076 -1.064216 -0.130945
