0 0.520731 0.899868 0.353972 -1.435131
0 0.520674 0.900193 0.354728 -1.433715
0 0.517395 0.899000 0.351317 -1.437270
0 0.517511 0.897766 0.351427 -1.437922
0 0.730173 0.879366 -0.745406 -1.549798
0 0.498347 0.900087 0.342367 -1.425301
0 0.499190 0.900752 0.342943 -1.424907
0 0.742190 0.879599 -0.704855 -1.547048
0 0.726950 0.878852 -0.769928 -1.552153
0 0.740978 0.879924 -0.727261 -1.550951
0 0.545622 0.900512 0.336767 -1.424569
0 0.740565 0.879476 -0.727346 -1.551917
0 0.546543 0.900686 0.336974 -1.425348
0 0.483757 0.898382 0.335087 -1.436377
