0 0.310515 0.674117 -0.267650 -0.709247
0 0.312270 0.676057 -0.263718 -0.705960
0 0.312222 0.671964 -0.263691 -0.713315
0 0.309563 0.675784 -0.267840 -0.695476
0 0.310536 0.674298 -0.266179 -0.702548
0 0.310148 0.675819 -0.266576 -0.695831
0 0.311195 0.674691 -0.264953 -0.701772
0 0.309602 0.671335 -0.265785 -0.713795
0 0.310470 0.673371 -0.264266 -0.709944
0 0.310374 0.670867 -0.264332 -0.714525
0 0.149654 0.882087 -0.023583 -1.171922
0 0.149709 0.882194 -0.023890 -1.172109
0 0.146031 0.883224 -0.023837 -1.173391
0 0.145397 0.883546 -0.024360 -1.173365
0 0.205856 0.765519 -0.184007 -0.967236
0 0.145421 0.883055 -0.024498 -1.175468
0 0.148918 0.878910 -0.022747 -1.177023
0 0.205932 0.765296 -0.183361 -0.965867
0 0.148955 0.879863 -0.022612 -1.175547
0 0.149010 0.880783 -0.020162 -1.169862
0 0.206202 0.765116 -0.187116 -0.980711
0 0.205859 0.766204 -0.188092 -0.980760
0 0.149155 0.880777 -0.019861 -1.169134
0 0.148960 0.879036 -0.022659 -1.177580
0 0.369814 0.554261 -0.525103 -0.577755
0 0.309675 0.677303 -0.265997 -0.691243
0 0.309981 0.676601 -0.264362 -0.691940
0 0.371032 0.553920 -0.525393 -0.574968
0 0.370351 0.554174 -0.524690 -0.577682
0 0.204336 0.764074 -0.189676 -0.980429
0 0.203962 0.762428 -0.190413 -0.983481
0 0.371433 0.554085 -0.524618 -0.575229
0 0.204419 0.762472 -0.189705 -0.982263
0 0.206846 0.750034 -0.185725 -0.984501
0 0.458725 0.468160 -0.648692 -0.300475
0 0.455334 0.463503 -0.650726 -0.308295
0 0.206623 0.748842 -0.186056 -0.985422
0 0.456633 0.468910 -0.648770 -0.305141
0 0.456827 0.468850 -0.647888 -0.304904
0 0.370660 0.555796 -0.526664 -0.585276
0 0.458999 0.468617 -0.648114 -0.300293
0 0.371017 0.555282 -0.526016 -0.584937
0 0.454137 0.465562 -0.653161 -0.304851
0 0.310939 0.660960 -0.265041 -0.708316
0 0.449644 0.462357 -0.659594 -0.323133
0 0.207009 0.748873 -0.185640 -0.986550
0 0.454247 0.463205 -0.653263 -0.310669
0 0.312025 0.662236 -0.262371 -0.707727
0 0.312481 0.661514 -0.261706 -0.707511
0 0.449270 0.464163 -0.660512 -0.319153
0 0.369695 0.549394 -0.527347 -0.586284
0 0.449470 0.462751 -0.660322 -0.322641
0 0.369459 0.549567 -0.527474 -0.586668
0 0.370191 0.548752 -0.525823 -0.590618
0 0.369708 0.549650 -0.527036 -0.589595
0 0.369533 0.550342 -0.527548 -0.586330
0 0.369706 0.548749 -0.527143 -0.591406
0 0.151134 0.882088 -0.027205 -1.168087
0 0.151376 0.881805 -0.027297 -1.168677
0 0.207741 0.772991 -0.184354 -0.975806
0 0.207139 0.773703 -0.185174 -0.975352
0 0.205928 0.745438 -0.186022 -0.980669
0 0.206711 0.743828 -0.184652 -0.982552
0 0.206106 0.743400 -0.185580 -0.983657
0 0.205168 0.742945 -0.190313 -0.975598
0 0.466538 0.470257 -0.635715 -0.284676
0 0.143874 0.889529 -0.024750 -1.175608
0 0.144040 0.890102 -0.024324 -1.174219
0 0.466526 0.470581 -0.635658 -0.284562
0 0.144230 0.890223 -0.024477 -1.173880
0 0.206450 0.743774 -0.188906 -0.974178
0 0.144545 0.887035 -0.023357 -1.156880
0 0.147018 0.884854 -0.031879 -1.181426
0 0.147140 0.885999 -0.031443 -1.179361
0 0.147191 0.855029 -0.026175 -1.201575
0 0.147330 0.885782 -0.031054 -1.178806
0 0.147353 0.855871 -0.022149 -1.201849
0 0.147229 0.888849 -0.019026 -1.152558
0 0.369098 0.557276 -0.528682 -0.595069
0 0.369145 0.556601 -0.528442 -0.597334
0 0.205979 0.736465 -0.187174 -1.003274
0 0.369618 0.556233 -0.527421 -0.597760
0 0.311711 0.638875 -0.270649 -0.747029
0 0.033865 1.032242 0.023330 -1.331373
