0 0.489078 0.300357 -0.717957 -0.154067
0 0.489929 0.304554 -0.717055 -0.149594
0 0.489024 0.300283 -0.718469 -0.154847
0 0.489125 0.300905 -0.718300 -0.153408
0 0.489695 0.304305 -0.718010 -0.150211
0 0.489304 0.299662 -0.717548 -0.150804
0 0.489609 0.303721 -0.718059 -0.150323
0 0.489278 0.298915 -0.718284 -0.152732
0 0.489806 0.301025 -0.718920 -0.158471
0 0.490494 0.300883 -0.717993 -0.158661
0 0.457217 1.343297 0.311894 0.315999
0 0.355711 0.539061 -0.258031 -0.070723
0 0.348766 0.538363 -0.262032 -0.052355
0 0.355764 0.539413 -0.257700 -0.070487
0 0.348326 0.539703 -0.262815 -0.050237
0 0.355192 0.539692 -0.256911 -0.068374
0 0.702296 0.479583 -0.572494 -0.266840
0 0.701842 0.480290 -0.573491 -0.267285
0 0.348485 0.538390 -0.261079 -0.050368
0 0.701129 0.480320 -0.575528 -0.266062
0 0.488526 0.297374 -0.719762 -0.152598
0 0.488988 0.296882 -0.718905 -0.153910
0 0.492474 0.298017 -0.716841 -0.158088
0 0.379255 0.477305 -0.469309 -0.100359
0 0.379532 0.477154 -0.467499 -0.100109
0 0.287827 0.420752 0.194429 -0.230978
0 0.288382 0.420824 0.195130 -0.229642
0 0.280349 0.413411 0.189352 -0.232109
0 0.280622 0.413714 0.188827 -0.234261
0 0.487865 0.300028 -0.718048 -0.154893
0 0.288621 0.434831 0.197348 -0.219689
0 0.359265 0.549275 -0.261352 -0.095381
0 0.281790 0.424203 0.190557 -0.226266
0 0.501131 0.298752 -0.707267 -0.152106
0 0.498623 0.298477 -0.711648 -0.152510
0 0.646558 0.467092 -0.884625 -0.290623
0 0.352423 0.542039 -0.262660 -0.043470
0 0.353445 0.555001 -0.260687 -0.079201
0 0.648727 0.466539 -0.879451 -0.291359
0 0.648495 0.467482 -0.880180 -0.290517
0 0.499057 0.299219 -0.711040 -0.150931
0 0.896672 1.374410 0.618938 0.399374
0 0.346964 0.535444 -0.264269 -0.040402
0 0.670267 0.465393 -0.757394 -0.287603
0 0.374393 0.526890 -0.465688 -0.057839
0 0.671185 0.466072 -0.748014 -0.286693
0 0.648994 0.462030 -0.887260 -0.292017
0 0.819345 1.370018 -0.258158 0.470130
0 0.344526 0.527952 -0.267272 -0.050553
0 0.374482 0.527968 -0.464477 -0.055275
0 0.649380 0.461526 -0.886937 -0.291635
0 0.354818 0.540646 -0.268040 -0.110071
0 0.820127 1.385673 -0.254297 0.499706
0 0.696993 0.477953 -0.602789 -0.265816
0 0.359043 0.539753 -0.261866 -0.113250
0 0.349480 0.536674 -0.265212 -0.053259
0 0.697734 0.477686 -0.601378 -0.266635
0 0.488907 0.298651 -0.711600 -0.148031
0 0.488957 0.308285 -0.714759 -0.149134
0 0.696494 0.476893 -0.603790 -0.268564
0 0.495672 0.304779 -0.713187 -0.152967
0 0.350633 0.543995 -0.264609 -0.094892
0 0.301132 0.492207 0.204500 -0.292923
0 0.487683 0.299367 -0.713953 -0.147033
0 0.701083 0.494816 -0.547260 -0.256688
0 0.488021 0.298415 -0.713180 -0.146705
0 0.346682 0.523547 -0.264813 -0.054437
0 0.352259 0.529490 -0.263190 -0.064473
0 0.701381 0.495121 -0.547844 -0.257065
0 0.301387 0.493167 0.204494 -0.292473
0 0.701125 0.483620 -0.601722 -0.263537
0 0.673150 0.467685 -0.721283 -0.283604
0 0.699857 0.494744 -0.549859 -0.256079
0 0.291818 0.473253 0.199698 -0.207971
0 0.358900 0.527766 -0.264326 -0.171425
0 0.357981 0.529127 -0.266237 -0.169119
0 0.291943 0.473364 0.198873 -0.211188
0 0.270753 0.380641 0.184855 -0.264001
0 0.700142 0.484547 -0.603285 -0.260915
0 0.361642 0.549404 -0.262477 -0.142923
0 0.301023 0.505155 0.207032 -0.262266
0 0.264073 0.287667 -0.315077 -0.210772
0 0.270973 0.383766 0.185290 -0.259953
0 0.265168 0.281059 -0.317669 -0.220251
0 0.343683 0.485995 -0.260109 -0.078816
0 0.268213 0.290010 -0.311751 -0.206985
0 0.353854 0.541528 -0.259898 -0.096914
0 0.343348 0.485788 -0.262060 -0.077547
0 0.291932 0.485791 0.198832 -0.202539
0 0.359900 0.534304 -0.263272 -0.141535
0 0.377034 0.531553 -0.465250 -0.055350
0 0.376792 0.528300 -0.464191 -0.060330
0 0.268083 0.291646 -0.312466 -0.205247
0 0.268497 0.290990 -0.311825 -0.206246
0 0.649278 0.462438 -0.879214 -0.290709
