0 0.130057 0.723170 -0.013967 -0.897111
0 0.130271 0.723428 -0.013947 -0.895913
0 0.130286 0.723197 -0.014067 -0.897001
0 0.129895 0.725603 -0.016264 -0.892079
0 0.129688 0.725552 -0.016725 -0.891994
0 0.129542 0.728828 -0.016870 -0.893401
0 0.129528 0.730127 -0.017149 -0.890375
0 0.129776 0.731899 -0.014359 -0.882515
0 0.129701 0.731611 -0.014380 -0.883523
0 0.130347 0.719118 -0.016397 -0.900049
0 0.130461 0.719574 -0.016281 -0.898563
0 0.130289 0.719447 -0.016424 -0.899014
0 0.036071 0.767172 0.024925 -0.844862
0 0.036012 0.766239 0.024970 -0.846405
0 0.035878 0.767724 0.024666 -0.843749
0 0.131403 0.722879 -0.014713 -0.896630
0 0.131575 0.723241 -0.014428 -0.897367
0 0.131570 0.722984 -0.014579 -0.898047
0 0.128706 0.719618 -0.021220 -0.902581
0 0.036539 0.763850 0.026849 -0.845491
0 0.035548 0.771791 0.024611 -0.848212
0 0.036190 0.763227 0.025812 -0.846512
0 0.036731 0.762724 0.027024 -0.846822
0 0.035556 0.770753 0.024690 -0.850528
0 0.035453 0.771810 0.024469 -0.847984
0 0.034252 0.755289 0.022681 -0.870772
0 0.132196 0.714061 -0.016309 -0.910043
0 0.576132 1.272807 -0.338225 -0.021379
0 0.581026 1.268652 -0.330422 -0.023306
0 0.132065 0.714642 -0.014858 -0.917873
0 0.128724 0.720030 -0.019683 -0.907836
0 0.582106 1.263911 -0.318330 -0.002795
0 0.035521 0.765851 0.024946 -0.874986
0 0.578437 1.265820 -0.324430 0.002564
0 0.033791 0.735915 0.022274 -0.871672
0 0.128813 0.718144 -0.022957 -0.901945
0 0.629454 1.266727 -0.267756 -0.014543
0 0.635326 1.271708 -0.257805 -0.011294
