0 0.312010 0.873473 -0.387081 -0.516667
0 0.313267 0.869020 -0.384172 -0.525227
0 0.318822 0.876096 -0.378938 -0.518106
0 0.319026 0.880351 -0.378519 -0.511609
0 0.315194 0.889528 -0.381660 -0.470088
0 0.314315 0.860129 -0.383065 -0.483779
0 0.313980 0.836264 -0.380638 -0.541570
0 0.312607 0.840806 -0.383427 -0.530541
0 0.314852 0.848448 -0.382480 -0.504823
0 0.723310 0.456488 -0.737555 -0.307463
0 0.723727 0.456518 -0.736178 -0.305316
0 0.723798 0.459571 -0.737928 -0.304669
0 0.723212 0.457347 -0.727754 -0.305052
0 0.722932 0.456764 -0.727359 -0.304562
0 0.318600 0.896466 -0.377180 -0.457554
0 0.316808 0.821797 -0.380978 -0.547786
0 0.317215 0.826343 -0.380759 -0.540519
0 0.721199 0.447476 -0.727064 -0.305206
0 0.722572 0.461311 -0.729154 -0.302279
0 0.721338 0.446022 -0.726355 -0.307532
0 0.315645 0.863747 -0.382082 -0.472909
0 0.315866 0.870303 -0.381003 -0.507729
0 0.721533 0.448845 -0.726669 -0.305442
0 0.726013 0.451866 -0.732491 -0.300091
0 0.726543 0.452279 -0.731957 -0.298949
0 0.727376 0.452946 -0.731703 -0.299970
0 0.706459 0.451334 -0.745550 -0.317097
0 0.315603 0.845461 -0.382372 -0.507963
0 0.707312 0.450158 -0.743530 -0.319016
