0 0.551681 1.141166 -0.277963 -0.024708
0 0.552855 1.138942 -0.276539 -0.029838
0 0.741831 1.083522 -0.617115 0.149363
0 0.742162 1.085359 -0.618206 0.150099
0 0.544134 1.138322 -0.312510 -0.030129
0 0.543632 1.136897 -0.313486 -0.031527
0 0.737626 1.137726 -0.627760 0.187863
0 0.737893 1.140637 -0.627640 0.192803
0 0.491548 1.188881 0.305559 0.278427
0 0.542768 1.154962 -0.327533 0.022276
0 0.534215 1.148930 -0.319771 0.015785
0 0.543588 1.124498 -0.289414 -0.025076
0 0.542865 1.125947 -0.291393 -0.020624
0 0.734862 1.067387 -0.610303 0.137953
0 0.734524 1.067187 -0.610973 0.135913
0 0.554307 1.126342 -0.317315 -0.016804
0 0.554230 1.126489 -0.317711 -0.014870
0 0.540985 1.151657 -0.325452 -0.020713
0 0.734048 1.145097 -0.612846 0.176508
0 0.664950 0.674740 -1.131749 0.119438
0 0.733905 1.147584 -0.613455 0.181430
