0 0.509633 0.940305 -0.534055 -0.802844
0 0.510305 0.941108 -0.530300 -0.805498
0 0.511059 0.939431 -0.529825 -0.805423
0 0.513545 0.936903 -0.524921 -0.808294
0 0.514179 0.937807 -0.524493 -0.808524
0 0.514013 0.938608 -0.523765 -0.804628
0 0.508309 0.915448 -0.535612 -0.793770
0 0.513295 0.942952 -0.536533 -0.805228
0 0.512749 0.945741 -0.538958 -0.799481
0 0.514201 0.943918 -0.535023 -0.803093
0 0.510179 0.944707 -0.535351 -0.760487
0 0.501829 0.908758 -0.551294 -0.806789
0 0.510547 0.919804 -0.527364 -0.771280
0 0.310801 1.016742 0.144055 -0.655665
0 0.312385 1.016853 0.145905 -0.655244
0 0.310034 1.017368 0.142647 -0.654864
0 0.349003 1.010031 0.163197 -0.685680
0 0.347866 1.009455 0.161396 -0.686296
0 0.575463 0.812815 -0.820689 -0.743769
0 0.347167 1.008353 0.161122 -0.687014
0 0.576828 0.809556 -0.817747 -0.736013
0 0.577206 0.810429 -0.816526 -0.736409
