0 0.517321 1.065456 -0.421883 -0.042850
0 0.517204 1.066373 -0.422515 -0.041442
0 0.374279 1.142024 -0.249371 0.110585
0 0.375127 1.138069 -0.249447 0.103093
0 0.609686 1.070523 -0.666768 -0.373425
0 0.609983 1.068518 -0.665199 -0.375309
0 0.609919 1.066950 -0.665848 -0.381204
0 0.700722 1.107817 -0.917859 -0.171827
0 0.700042 1.109123 -0.920216 -0.170641
0 0.616824 1.066163 -0.679982 -0.377712
0 0.386412 1.151067 -0.244218 0.101776
0 0.386096 1.154882 -0.245481 0.111382
0 0.617344 1.065360 -0.677110 -0.377326
0 0.616725 1.068070 -0.681114 -0.375290
0 0.700161 1.117383 -0.912507 -0.158534
0 0.091273 0.468035 -0.013115 -0.739137
0 0.701227 1.117950 -0.910695 -0.155839
0 0.520705 1.078442 -0.416293 -0.050533
0 0.602004 1.068895 -0.682743 -0.388938
0 0.518988 1.079396 -0.419536 -0.049597
0 0.602461 1.070470 -0.682816 -0.385827
0 0.136517 0.880196 0.091123 -0.768360
0 0.369186 1.146163 -0.249727 0.083682
0 0.701490 1.114567 -0.914924 -0.163792
0 0.370618 1.143350 -0.247346 0.077043
0 0.136143 0.878401 0.090627 -0.771460
0 0.602573 1.068004 -0.680948 -0.389540
0 0.700120 1.116371 -0.917689 -0.160167
0 0.701809 1.104788 -0.907816 -0.195965
0 0.701022 1.104008 -0.909180 -0.197722
0 0.092426 0.467190 -0.012189 -0.736723
0 0.091647 0.467886 -0.012568 -0.734500
0 0.092275 0.468158 -0.011409 -0.734304
0 0.092338 0.467693 -0.012914 -0.735966
0 0.136261 0.903564 0.092153 -0.742901
0 0.091768 0.465898 -0.013222 -0.737185
0 0.135954 0.895197 0.090707 -0.762285
0 0.512565 1.090591 -0.417614 -0.019737
0 0.513422 1.092356 -0.415938 -0.013306
0 0.092256 0.468713 -0.010998 -0.734120
0 0.089292 0.465037 -0.021065 -0.745519
0 0.089212 0.464694 -0.020811 -0.745742
0 0.092477 0.467756 -0.012535 -0.736087
0 0.618669 1.076628 -0.699942 -0.377281
0 0.619723 1.070670 -0.699189 -0.391144
0 0.135956 0.880286 0.090032 -0.782023
0 0.619964 1.075009 -0.697764 -0.380162
0 0.091770 0.465375 -0.010386 -0.745962
0 0.135788 0.880738 0.089819 -0.780515
0 0.701372 1.071406 -0.909238 -0.348203
0 0.384610 1.146579 -0.237338 0.061331
0 0.387080 1.144930 -0.233388 0.060944
0 0.704206 1.130436 -0.897445 -0.177256
0 0.090683 0.465201 -0.011772 -0.745681
0 0.704880 1.102533 -0.892702 -0.295088
0 0.699304 1.128676 -0.916314 -0.180908
0 0.515948 0.576669 -0.822651 -0.468551
0 0.516654 0.579516 -0.820818 -0.464043
0 0.138221 0.878166 0.094412 -0.762446
0 0.134411 0.908378 0.085279 -0.722551
0 0.133386 0.897112 0.083415 -0.745907
0 0.137679 0.878761 0.092435 -0.760749
0 0.092263 0.464049 -0.014539 -0.735769
0 0.607836 1.059030 -0.674385 -0.388616
0 0.524225 1.052694 -0.395740 -0.078365
0 0.535231 1.122888 -0.333405 0.026577
