0 0.727326 1.045972 -0.758282 -0.532956
0 0.727069 1.049670 -0.758865 -0.524943
0 0.725192 1.050789 -0.762409 -0.521844
0 0.727105 1.037760 -0.762836 -0.529981
0 0.725494 1.037172 -0.764351 -0.530635
0 0.727414 1.032257 -0.761977 -0.541156
0 0.724817 1.039546 -0.765006 -0.557993
0 0.723798 1.042683 -0.767164 -0.552219
0 0.723404 1.044361 -0.768687 -0.548068
0 0.729546 1.030889 -0.752811 -0.599951
0 0.726743 1.041634 -0.763090 -0.519728
0 0.723437 1.011898 -0.768812 -0.524615
0 0.722861 0.944619 -0.767120 -0.587693
