0 0.662465 1.002023 -0.686309 -0.279772
0 0.663004 1.001371 -0.685650 -0.280189
0 0.662672 1.001184 -0.684615 -0.278651
0 0.386940 1.074804 -0.028815 -0.331077
0 0.386004 1.074302 -0.029232 -0.331234
0 0.362020 0.373693 -0.270827 -0.519825
0 0.547431 1.042356 -0.361938 -0.428026
0 0.362095 0.373191 -0.271149 -0.519711
0 0.546599 1.041768 -0.362028 -0.424640
0 0.546411 1.041779 -0.361136 -0.423885
0 0.386598 1.073422 -0.030725 -0.338662
0 0.359262 0.372965 -0.276161 -0.520818
0 0.362173 0.374698 -0.269591 -0.517818
0 0.383348 1.078680 -0.026388 -0.312980
0 0.362511 0.374674 -0.269297 -0.517842
0 0.379947 1.079671 -0.030367 -0.311730
0 0.363806 0.376657 -0.263835 -0.512599
0 0.234795 0.937697 0.141993 -0.241376
0 0.360074 0.374492 -0.274691 -0.519112
0 0.234781 0.938478 0.141745 -0.238954
0 0.365946 0.377051 -0.259125 -0.512436
0 0.234916 0.938323 0.143771 -0.238230
0 0.660424 0.989155 -0.694526 -0.241042
0 0.536083 1.058846 -0.377042 -0.406037
0 0.536510 1.056283 -0.375475 -0.410486
0 0.660141 0.986970 -0.693382 -0.244598
0 0.659541 0.984752 -0.694098 -0.246589
0 0.382629 1.074915 -0.029100 -0.326342
0 0.536358 1.056224 -0.377348 -0.409452
0 0.360475 0.373628 -0.270209 -0.517687
0 0.233357 0.894005 0.134675 -0.247365
0 0.233194 0.890401 0.135592 -0.257544
0 0.233551 0.892801 0.135893 -0.251146
0 0.385652 1.072081 -0.043422 -0.371767
0 0.383873 1.072466 -0.047912 -0.370592
0 0.384404 1.071144 -0.045841 -0.374843
0 0.486575 0.383606 -0.485321 -0.496930
0 0.485645 0.380666 -0.491937 -0.503280
0 0.485689 0.381344 -0.492151 -0.502823
0 0.534059 1.045277 -0.372856 -0.418490
0 0.535141 1.047324 -0.370250 -0.418393
0 0.385978 1.058193 -0.014917 -0.349888
0 0.535702 1.046289 -0.368551 -0.417780
0 0.486065 0.381234 -0.478275 -0.499179
0 0.247004 0.945293 0.149286 -0.233750
0 0.475082 0.380157 -0.497789 -0.504318
0 0.245988 0.941477 0.145369 -0.237796
0 0.356814 0.373535 -0.286129 -0.519750
0 0.247348 0.941125 0.149311 -0.240317
0 0.384157 1.057006 -0.020357 -0.381223
0 0.480463 0.382009 -0.500478 -0.506508
0 0.480686 0.381257 -0.500102 -0.506646
0 0.674291 0.974218 -0.669092 -0.322336
0 0.384130 1.044452 -0.031309 -0.336892
0 0.384170 1.047519 -0.031966 -0.329898
0 0.536913 1.051894 -0.365862 -0.395066
0 0.655883 1.001723 -0.709938 -0.281337
0 0.655806 1.002258 -0.712330 -0.277657
0 0.363918 0.372561 -0.273754 -0.518788
0 0.486530 0.384427 -0.484043 -0.494926
0 0.351841 0.373571 -0.282958 -0.518491
0 0.654973 0.999247 -0.710631 -0.285879
0 0.363989 0.373863 -0.273476 -0.516554
0 0.533060 1.037901 -0.372503 -0.385937
0 0.360169 0.372882 -0.280380 -0.517957
0 0.384041 1.037357 -0.031775 -0.353141
0 0.662132 1.009020 -0.673951 -0.324080
0 0.661110 1.004334 -0.675245 -0.331203
0 0.482502 0.382818 -0.503169 -0.499897
0 0.661627 1.012215 -0.676188 -0.317718
0 0.482304 0.383968 -0.503796 -0.498399
0 0.606241 1.042378 -0.311974 -0.377273
0 0.551952 1.029478 -0.368274 -0.366808
0 0.600720 1.041709 -0.324251 -0.376711
0 0.552650 1.030763 -0.366788 -0.362348
0 0.477145 0.381559 -0.505882 -0.506903
0 0.397407 1.062242 0.023389 -0.336446
0 0.486749 0.382304 -0.477158 -0.494793
0 0.606611 1.041621 -0.308237 -0.382284
0 0.554350 1.019858 -0.363687 -0.388949
0 0.471780 0.380867 -0.517011 -0.505537
0 0.240978 0.872686 0.134393 -0.268417
0 0.241724 0.870167 0.139657 -0.273541
0 0.478454 0.380481 -0.503757 -0.504569
0 0.129081 0.069547 0.054554 0.045927
0 0.655559 0.975719 -0.720225 -0.242240
0 0.576067 1.036683 -0.330191 -0.382439
0 0.656146 0.975923 -0.717795 -0.242910
0 0.478206 0.383217 -0.511910 -0.499914
0 0.242385 0.871370 0.139341 -0.269715
