0 1.050297 0.622390 -0.583057 -0.542446
0 1.051277 0.622589 -0.581605 -0.543013
0 1.048211 0.623303 -0.584094 -0.540251
0 1.048686 0.622520 -0.583546 -0.542437
0 1.050056 0.622464 -0.583584 -0.542229
0 1.051077 0.623876 -0.578544 -0.539057
0 0.270529 0.609563 -0.054430 -0.481721
0 0.270892 0.609074 -0.054202 -0.482028
0 0.270037 0.610779 -0.052483 -0.493157
0 0.267834 0.613032 -0.058169 -0.487312
0 0.272166 0.618383 -0.051389 -0.470969
0 0.272061 0.617903 -0.052363 -0.471739
0 0.357210 0.532775 -0.305263 -0.541318
0 0.358287 0.531715 -0.305681 -0.541376
0 0.358358 0.532053 -0.305584 -0.540905
0 0.356846 0.532174 -0.306167 -0.542226
0 0.271101 0.607979 -0.051880 -0.493979
0 0.270181 0.609257 -0.054730 -0.491165
0 0.353919 0.533315 -0.306571 -0.534915
0 0.353205 0.533953 -0.307842 -0.534396
0 0.499075 0.384950 -0.622667 -0.641817
0 0.354013 0.533870 -0.306267 -0.535393
0 0.498584 0.385394 -0.619040 -0.641067
0 0.502123 0.385042 -0.615473 -0.641773
0 0.498277 0.385621 -0.619053 -0.640511
0 0.358640 0.532201 -0.306419 -0.539518
0 0.358589 0.533171 -0.306963 -0.538144
0 0.358417 0.533412 -0.306489 -0.538492
0 0.269476 0.609756 -0.062776 -0.495551
0 0.499043 0.386052 -0.628489 -0.642543
0 0.268719 0.611917 -0.065760 -0.491178
0 0.499613 0.385329 -0.627528 -0.639281
0 0.499009 0.386389 -0.628387 -0.641587
0 0.500073 0.385997 -0.626292 -0.638466
0 0.497613 0.385071 -0.635275 -0.644342
0 1.045279 0.623355 -0.587511 -0.534063
0 0.356739 0.534343 -0.298376 -0.541979
0 0.356330 0.535474 -0.297779 -0.539052
0 1.043597 0.623200 -0.590194 -0.533891
0 0.356710 0.535820 -0.298795 -0.538375
0 0.266109 0.615336 -0.059186 -0.487752
0 0.495502 0.385085 -0.625989 -0.639398
0 0.268705 0.613368 -0.048689 -0.478552
0 0.267527 0.614462 -0.055791 -0.489838
0 1.044343 0.623767 -0.586765 -0.532735
0 0.269607 0.613262 -0.046469 -0.478180
0 0.500581 0.386092 -0.624638 -0.638868
0 0.496946 0.385361 -0.617276 -0.635553
0 0.278919 0.618535 -0.044005 -0.469800
0 0.499358 0.386645 -0.617157 -0.638617
0 0.493843 0.386790 -0.626665 -0.636344
0 0.275799 0.608743 -0.059231 -0.487725
0 0.366682 0.532271 -0.299319 -0.544382
0 0.366365 0.531765 -0.300003 -0.546332
0 0.366426 0.532947 -0.299943 -0.543267
0 0.275304 0.608342 -0.059432 -0.488075
0 0.497645 0.386150 -0.616625 -0.634573
0 0.499963 0.386968 -0.626216 -0.640369
0 0.498200 0.385847 -0.615905 -0.635292
0 0.268546 0.602455 -0.055476 -0.503675
0 0.498189 0.385376 -0.633325 -0.641853
0 0.269930 0.601336 -0.054430 -0.503960
0 0.278866 0.610471 -0.046731 -0.479165
0 0.362950 0.362880 -0.581163 -0.658133
0 0.346930 0.529915 -0.313098 -0.546645
0 0.347256 0.530530 -0.312699 -0.545280
0 0.362869 0.363175 -0.581303 -0.657883
0 0.361301 0.364655 -0.584023 -0.655934
0 1.042623 0.625923 -0.595953 -0.542514
0 0.363023 0.362897 -0.581689 -0.658526
0 1.040394 0.625869 -0.600462 -0.542600
0 0.360950 0.532646 -0.318007 -0.543152
0 0.361348 0.533317 -0.316875 -0.541777
0 0.359543 0.362357 -0.584472 -0.659456
