0 0.613629 1.037585 0.064742 0.128953
0 0.190458 0.811391 0.066205 -0.868773
0 0.669630 0.748714 -1.098859 -0.887687
0 0.190515 0.810524 0.065713 -0.870573
0 0.669803 0.748225 -1.098834 -0.886427
0 0.188985 0.808227 0.059635 -0.870790
0 0.189741 0.807655 0.061222 -0.870942
0 0.670315 0.753048 -1.096309 -0.872211
0 0.670526 0.752628 -1.095897 -0.870261
0 0.192075 0.813354 0.073106 -0.868344
0 0.190808 0.808539 0.070886 -0.868910
0 0.671120 0.754943 -1.096334 -0.864105
0 0.670660 0.754878 -1.096396 -0.863160
0 0.671072 0.755818 -1.096509 -0.861624
0 0.670497 0.750584 -1.091964 -0.876602
0 0.670539 0.751955 -1.091897 -0.873586
0 0.670455 0.751751 -1.092941 -0.873218
0 0.670191 0.747689 -1.096476 -0.895802
0 0.670772 0.748144 -1.096284 -0.894219
0 0.198784 0.818391 0.103249 -0.867518
0 0.199020 0.820688 0.104607 -0.863056
0 0.184650 0.810711 0.035704 -0.878549
0 0.086451 1.174135 0.056091 -0.616340
0 0.184967 0.808741 0.035403 -0.882507
0 0.670781 0.748008 -1.096378 -0.894968
0 0.183629 0.810627 0.027397 -0.879259
0 0.087330 1.173428 0.057125 -0.620202
0 0.082228 1.179569 0.056241 -0.612116
0 0.182914 0.802803 0.022739 -0.879911
0 0.669394 0.745517 -1.093849 -0.903523
0 0.669355 0.746490 -1.094414 -0.902395
0 0.669498 0.759314 -1.101342 -0.837278
0 0.182591 0.803309 0.017995 -0.878602
0 0.669811 0.757641 -1.100235 -0.838179
0 0.669433 0.746275 -1.094097 -0.903789
0 0.182944 0.803006 0.022146 -0.879981
0 0.083955 1.176425 0.057608 -0.618268
0 0.668730 0.759854 -1.099847 -0.893317
0 0.199095 0.805352 0.098145 -0.867548
0 0.199214 0.805494 0.099376 -0.866276
0 0.076748 1.177503 0.051160 -0.586002
0 0.615784 1.015033 0.069371 0.059152
0 0.190351 0.844978 0.106372 -0.844830
