0 0.587931 0.350456 0.395581 0.042332
0 1.041975 0.173760 -1.387010 0.007459
0 1.041910 0.173681 -1.385856 0.006600
0 0.884890 0.397316 -0.176950 0.164529
0 0.885075 0.396616 -0.171605 0.162511
0 1.041710 0.174786 -1.390478 0.010410
0 0.884558 0.406782 -0.132762 0.168009
0 0.883499 0.406522 -0.135123 0.167474
0 1.043905 0.173641 -1.377741 0.008760
0 0.886351 0.406740 -0.130822 0.167816
0 0.891326 0.395328 -0.163168 0.163876
0 0.886451 0.395185 -0.175261 0.160265
0 1.041945 0.174333 -1.390264 0.008828
0 0.893269 0.395814 -0.167383 0.166412
0 0.892443 0.395458 -0.170632 0.165784
0 1.043076 0.174372 -1.378808 0.009417
0 1.039852 0.174459 -1.395493 0.001458
0 1.039744 0.174391 -1.396101 0.001101
0 1.044528 0.175818 -1.375279 0.013179
0 1.039833 0.174674 -1.394969 0.013556
0 1.044520 0.176346 -1.383749 0.012302
0 1.035742 0.174006 -1.405654 0.008537
0 1.040024 0.173873 -1.394352 0.011661
0 0.883517 0.391359 -0.143468 0.155160
0 0.883540 0.390867 -0.142285 0.152397
0 0.884275 0.391552 -0.141527 0.155250
0 1.025259 0.581684 -1.477979 -0.783417
0 1.048845 0.176278 -1.360068 0.011580
0 1.034838 0.173457 -1.409884 0.011283
0 1.024900 0.580633 -1.478457 -0.784335
0 1.023023 0.580928 -1.481982 -0.784371
0 1.048839 0.176728 -1.359981 0.012140
