0 0.403524 0.672207 -0.462592 -0.753030
0 0.403346 0.671799 -0.462729 -0.753636
0 0.403244 0.675080 -0.462640 -0.751499
0 0.403081 0.674703 -0.462658 -0.750548
0 0.403745 0.672088 -0.465110 -0.753925
0 0.403446 0.672888 -0.464885 -0.752591
0 0.403638 0.674901 -0.464589 -0.747830
0 0.403629 0.672602 -0.464454 -0.753962
0 0.403653 0.674904 -0.463756 -0.747492
0 0.404131 0.676813 -0.462916 -0.745887
0 0.870334 1.039083 0.492260 -1.429282
0 0.404606 0.673734 -0.460163 -0.747744
0 0.403506 0.672579 -0.461866 -0.749215
0 0.868829 1.038206 0.494278 -1.426684
0 0.404586 0.673702 -0.460282 -0.748141
0 0.246304 1.113995 0.165723 -0.963535
0 0.402950 0.669150 -0.466031 -0.755913
0 0.246907 1.115150 0.167120 -0.963084
0 0.244509 1.112815 0.163256 -0.964383
0 0.403246 0.669241 -0.465935 -0.755600
0 0.860302 1.054524 0.471642 -1.363129
0 0.859315 1.053563 0.467202 -1.365461
0 0.232909 1.114753 0.153189 -0.941776
0 0.236213 1.106208 0.162121 -0.977714
0 0.237404 1.106259 0.162968 -0.978441
0 0.237889 1.107070 0.162544 -0.976980
0 0.233409 1.112553 0.157087 -0.929373
0 0.858706 1.042709 0.415123 -1.399675
0 0.250922 1.116082 0.167494 -0.915636
0 0.862527 1.042757 0.432022 -1.396668
0 0.842756 1.060867 0.375945 -1.308171
0 0.849221 1.061208 0.392695 -1.307355
0 0.248959 1.114447 0.156145 -0.946381
0 0.405395 0.678760 -0.464034 -0.747670
0 0.405025 0.679020 -0.464439 -0.748986
0 0.404371 0.675858 -0.463324 -0.749063
0 0.404151 0.676356 -0.463651 -0.749050
