0 0.475571 0.939594 -0.337467 0.093932
0 0.475987 0.941793 -0.336699 0.098297
0 0.475274 0.940071 -0.336862 0.097101
0 0.474054 0.943074 -0.336965 0.104407
0 0.496209 0.969089 -0.265268 -0.370119
0 0.494993 0.967747 -0.266912 -0.372258
0 0.496981 0.965059 -0.263372 -0.379858
0 0.504631 0.967658 -0.261835 -0.379023
0 0.506629 0.969130 -0.258413 -0.376157
0 0.506817 0.966708 -0.257924 -0.384486
0 0.482497 0.918552 -0.326564 0.079843
0 0.496748 0.944765 -0.262120 -0.350678
0 0.497354 0.944923 -0.260564 -0.350479
0 0.497680 0.934559 -0.259528 -0.373415
0 0.473127 0.931485 -0.339652 0.111274
0 0.473561 0.929704 -0.339680 0.106711
0 0.482579 0.914704 -0.318695 0.072625
0 0.479464 0.920622 -0.336772 0.050338
0 0.519978 0.939866 -0.243108 -0.323907
0 0.519962 0.942574 -0.243020 -0.317780
0 0.519046 0.930768 -0.244169 -0.341623
0 0.475401 0.928208 -0.316956 0.114569
0 0.475759 0.926739 -0.315709 0.111372
0 0.478683 0.915130 -0.316096 0.040275
