0 0.578318 0.698331 -0.550062 -0.560382
0 0.578151 0.696999 -0.550716 -0.562153
0 0.577790 0.696993 -0.551246 -0.562045
0 0.579550 0.695179 -0.545845 -0.561205
0 0.579046 0.695999 -0.546985 -0.561085
0 0.579726 0.696186 -0.545471 -0.560807
0 0.413900 1.227562 0.043594 0.476285
0 0.584041 0.704513 -0.549645 -0.541559
0 0.583149 0.704127 -0.550601 -0.544291
0 0.579950 0.693166 -0.546923 -0.561594
0 0.580684 0.693704 -0.545626 -0.560466
0 0.580913 0.693320 -0.545902 -0.561005
0 0.583458 0.696451 -0.549818 -0.555718
0 0.584014 0.696830 -0.549540 -0.554565
0 0.578599 0.700119 -0.554578 -0.550115
0 0.578235 0.698729 -0.554056 -0.549826
0 0.342834 0.437613 -0.529194 -0.766219
0 0.343522 0.438463 -0.530469 -0.765982
0 0.343883 0.438238 -0.526576 -0.765213
0 0.343987 0.439554 -0.529269 -0.765013
0 0.343805 0.439700 -0.527896 -0.764364
0 0.344365 0.439805 -0.526420 -0.763786
0 0.343551 0.439051 -0.527573 -0.760445
