0 0.430762 1.129049 -0.231624 -0.096077
0 0.429455 1.126547 -0.233332 -0.099703
0 0.590291 1.137810 -0.709220 -0.009290
0 0.314291 1.143900 0.008291 0.004959
0 0.590534 1.136301 -0.710149 -0.010622
0 0.308757 1.149053 0.006315 0.036888
0 0.435436 1.123883 -0.217303 -0.092772
0 0.678112 1.149948 -1.056456 0.206173
0 0.435037 1.121497 -0.218445 -0.098733
0 0.591380 1.125390 -0.706328 -0.040247
0 0.590895 1.123893 -0.705858 -0.041370
0 0.589968 1.122215 -0.707266 -0.022173
0 0.589526 1.123795 -0.707135 -0.018089
0 0.588074 1.135005 -0.708961 -0.001042
0 0.438896 1.172028 -0.202376 -0.009434
0 0.437443 1.164798 -0.226753 -0.015148
0 0.314730 1.164009 0.015866 0.088097
0 0.675042 1.166387 -1.068701 0.233809
0 0.675886 1.161340 -1.066315 0.277826
0 0.304857 1.134223 0.016928 -0.052330
0 0.676270 1.133319 -1.060404 0.067044
0 0.596606 0.592204 -1.011497 -0.667935
0 0.596544 0.592728 -1.011647 -0.667967
0 0.596214 0.591616 -1.012146 -0.669478
0 0.310846 1.159668 0.021171 0.040335
0 0.598721 0.598872 -1.009207 -0.652950
0 0.597860 0.596296 -1.010489 -0.652774
0 0.587930 1.122655 -0.708257 -0.057011
0 0.427322 1.116065 -0.250716 -0.108099
0 0.429426 1.119393 -0.247586 -0.102863
0 0.677418 1.136648 -1.061083 0.084301
0 0.598572 0.593977 -1.007843 -0.659290
0 0.680115 1.137814 -1.044603 0.037235
0 0.593053 1.131855 -0.717235 0.000401
0 0.674931 1.152614 -1.069711 0.278449
0 0.431044 1.112052 -0.246880 -0.074077
0 0.595582 0.586039 -1.014838 -0.664896
0 0.600062 0.597613 -1.007290 -0.656294
0 0.600692 0.593283 -1.001725 -0.670330
0 0.597116 0.584986 -1.010897 -0.668875
0 0.434312 1.117650 -0.205650 -0.092927
0 0.290417 1.154985 -0.000318 0.041813
0 0.611645 1.121647 -0.971575 -0.001064
0 0.291253 1.138696 -0.000393 -0.043854
0 0.433328 1.119396 -0.207261 -0.088356
0 0.589680 1.091082 -0.707001 -0.049454
0 0.614024 1.059085 -0.981174 -0.124029
