0 0.739850 0.449666 0.502793 -0.297636
0 0.741650 0.449917 0.506174 -0.296316
0 0.739588 0.449221 0.504129 -0.295769
0 0.753523 0.442799 0.482598 -0.308311
0 0.756058 0.442835 0.484114 -0.306923
0 0.764025 0.442858 0.498924 -0.305862
0 0.128737 0.269810 0.090516 -0.386665
0 0.124396 0.272387 0.085969 -0.386115
0 0.129081 0.270004 0.090282 -0.386371
0 0.123984 0.272488 0.085059 -0.386177
0 0.129447 0.269760 0.091176 -0.386059
0 0.124132 0.272829 0.084961 -0.385600
0 0.125429 0.271111 0.084810 -0.381043
0 0.121613 0.274727 0.083947 -0.384761
0 1.013077 0.538789 -0.740749 -0.139296
0 1.012044 0.541072 -0.742014 -0.133986
0 1.013118 0.541835 -0.740666 -0.131072
0 1.033949 0.515612 -0.618484 -0.175690
0 1.035235 0.516557 -0.616632 -0.172935
0 1.039189 0.515360 -0.610408 -0.173458
0 0.732266 0.451771 0.504716 -0.284672
0 0.732468 0.451488 0.505849 -0.285276
0 0.731497 0.451242 0.504056 -0.285553
0 0.133657 0.266391 0.096156 -0.389261
0 1.151507 0.711355 0.364411 -0.161267
0 1.149205 0.710364 0.363339 -0.164886
0 0.113961 0.275173 0.078502 -0.389222
0 0.585390 0.288981 -0.227020 -0.357395
0 0.123489 0.268142 0.084523 -0.391790
0 1.013311 0.502861 -0.754917 -0.165364
0 1.011590 0.504308 -0.756091 -0.162500
0 0.758929 0.439330 0.478236 -0.300725
0 0.762584 0.439083 0.489224 -0.301332
0 0.767845 0.438450 0.494651 -0.302508
0 1.011861 0.506009 -0.754601 -0.159150
0 0.116880 0.282049 0.080687 -0.379415
0 0.567005 0.291691 -0.223684 -0.354336
0 0.115355 0.282407 0.078550 -0.379353
0 0.115966 0.283596 0.079129 -0.377761
0 0.123333 0.272797 0.084299 -0.388493
