0 0.555890 0.844538 0.252607 0.182599
0 1.060354 0.609524 -0.246233 -0.680402
0 1.058568 0.609987 -0.249626 -0.681094
0 1.057541 0.610573 -0.250220 -0.678707
0 1.060747 0.607980 -0.270387 -0.685639
0 1.057283 0.608196 -0.275543 -0.686611
0 1.051584 0.608094 -0.280520 -0.685697
0 1.020285 0.606178 -0.280430 -0.674188
0 1.014816 0.607409 -0.289560 -0.670818
0 1.017247 0.608059 -0.286714 -0.669226
0 1.118350 0.613029 -0.241205 -0.641562
0 1.113984 0.614197 -0.249758 -0.638180
0 1.117727 0.614492 -0.241755 -0.636333
