0 0.753567 1.108401 -0.356793 0.546548
0 0.752045 1.107308 -0.357657 0.543885
0 0.717034 1.063114 -0.405852 0.506568
0 0.715813 1.063730 -0.408031 0.517138
0 0.717852 1.060933 -0.405903 0.511784
0 0.752624 1.101741 -0.357639 0.546059
0 0.866935 1.347779 -0.166515 0.088710
0 0.866827 1.348010 -0.162387 0.092933
0 0.868247 1.335538 -0.160026 0.063651
0 0.701601 1.044592 -0.405090 0.501918
0 0.701731 1.043275 -0.406137 0.506544
0 0.705626 1.042554 -0.398849 0.508487
0 0.736101 1.130271 -0.337063 0.576030
0 0.740461 1.129714 -0.328297 0.576949
0 0.736803 1.119644 -0.336426 0.566653
0 0.863042 1.385725 -0.073718 0.159506
0 0.863334 1.388475 -0.069351 0.169981
0 0.702365 1.018997 -0.460411 0.455187
0 0.717542 1.069452 -0.417441 0.468584
