0 0.577208 0.816199 -0.181653 -0.602312
0 0.577034 0.820204 -0.182400 -0.593800
0 0.576431 0.820172 -0.185021 -0.595442
0 0.076277 0.708950 0.051806 -0.817824
0 0.076208 0.719623 0.048891 -0.799840
0 0.077317 0.719686 0.051988 -0.803365
0 0.076057 0.708971 0.051272 -0.818607
0 0.077185 0.722750 0.050423 -0.793886
0 0.076404 0.709699 0.052113 -0.816801
0 0.078105 0.720902 0.052318 -0.802139
0 0.076247 0.704776 0.051552 -0.813826
0 0.076358 0.704303 0.051950 -0.814896
0 0.076198 0.705960 0.051372 -0.812232
0 0.078625 0.717349 0.052632 -0.809201
0 0.078779 0.718803 0.053038 -0.806439
0 0.076920 0.696576 0.053104 -0.831042
0 0.577120 0.817940 -0.181819 -0.629646
0 0.575786 0.821413 -0.185171 -0.623143
0 0.575683 0.822784 -0.185292 -0.619473
