0 0.522709 1.286073 -0.379027 0.044993
0 0.523035 1.283132 -0.378446 0.039986
0 0.529759 1.286537 -0.369267 0.066099
0 0.527889 1.289314 -0.371635 0.072532
0 0.521790 1.287611 -0.367593 0.036554
0 0.524578 1.285182 -0.364327 0.033651
0 0.437865 1.318107 0.030389 0.162623
0 0.527507 1.302019 -0.371881 0.081559
0 0.527551 1.300843 -0.346349 0.084339
0 0.530170 1.289008 -0.350426 0.075447
0 0.527656 1.293594 -0.353408 0.085871
0 0.450673 1.293310 0.046196 0.090096
0 0.494096 1.307692 0.078235 0.143994
0 0.497474 1.279522 0.082104 0.055099
