0 0.512543 0.688240 -0.342383 -0.612080
0 0.512446 0.687041 -0.343301 -0.614141
0 0.513840 0.688600 -0.340069 -0.614894
0 0.511966 0.688437 -0.343558 -0.615180
0 0.512784 0.688750 -0.343352 -0.615356
0 0.511865 0.687712 -0.344083 -0.612625
0 0.515498 0.689157 -0.341540 -0.611365
0 0.515443 0.688054 -0.338314 -0.612566
0 0.515828 0.687894 -0.337496 -0.613040
0 0.514537 0.686831 -0.340070 -0.614461
0 0.515411 0.689243 -0.341958 -0.609259
0 0.515049 0.691163 -0.348449 -0.609678
0 0.514743 0.691480 -0.349862 -0.609405
0 0.511563 0.684959 -0.337436 -0.617198
0 0.512159 0.685825 -0.337035 -0.614012
