0 0.799767 0.735735 -0.035598 -0.678783
0 0.801319 0.734885 -0.033447 -0.679768
0 0.799580 0.736439 -0.035304 -0.677038
0 0.776929 0.727822 -0.110568 -0.685428
0 0.777021 0.726787 -0.110466 -0.687745
0 0.776655 0.726972 -0.110871 -0.687560
0 0.795932 0.735612 -0.030772 -0.680779
0 0.796702 0.735668 -0.028582 -0.679918
0 0.795574 0.735343 -0.030831 -0.681907
0 0.461201 0.514755 -0.784012 -0.900201
0 0.463832 0.516814 -0.781186 -0.897400
0 0.461495 0.514085 -0.783295 -0.901645
0 0.460734 0.515422 -0.784221 -0.897554
0 0.463298 0.515764 -0.778141 -0.896519
0 0.464014 0.515886 -0.776283 -0.896337
0 0.464111 0.515929 -0.779617 -0.898483
0 0.462396 0.514936 -0.780313 -0.898084
0 0.461379 0.515421 -0.782852 -0.896963
0 0.467241 0.514550 -0.767475 -0.897490
0 0.461720 0.516439 -0.782778 -0.896470
