0 0.304197 0.829613 0.091550 -0.590652
0 0.302587 0.829685 0.088331 -0.591932
0 0.302417 0.831254 0.086368 -0.590451
0 0.301111 0.833431 0.085132 -0.585927
0 0.301101 0.833337 0.083870 -0.587450
0 0.300616 0.834612 0.083349 -0.587708
0 0.306461 0.839433 0.085355 -0.593252
0 0.295784 0.840635 0.088831 -0.587372
0 0.305205 0.847770 0.076519 -0.595407
0 0.303396 0.826387 0.086469 -0.602241
0 0.303016 0.827031 0.084391 -0.601781
0 0.304504 0.826039 0.088418 -0.603102
0 0.297518 0.851723 0.094047 -0.593659
0 0.305466 0.820942 0.083171 -0.615035
0 0.576663 0.701386 -0.782412 -0.561375
0 0.575941 0.700576 -0.782966 -0.561388
0 0.293668 0.821800 0.085553 -0.612651
0 0.572698 0.690334 -0.793419 -0.575885
0 0.572144 0.688474 -0.794571 -0.578557
0 0.572868 0.687350 -0.793382 -0.580254
0 0.575746 0.702069 -0.778069 -0.561947
0 0.576077 0.702130 -0.778153 -0.560566
0 0.577813 0.689216 -0.783688 -0.570472
0 0.574244 0.699494 -0.783960 -0.567065
0 0.577943 0.691618 -0.782041 -0.566518
0 0.574229 0.698684 -0.783548 -0.567314
0 0.574708 0.698327 -0.783094 -0.568725
