0 0.384178 1.200952 0.079620 0.330161
0 0.718855 1.185431 -0.461448 0.306216
0 0.717350 1.187955 -0.463731 0.310081
0 0.714077 1.157076 -0.463154 0.286613
0 0.713351 1.158117 -0.462658 0.288846
0 0.286826 1.052284 0.095361 -0.480087
0 0.287350 1.051485 0.096185 -0.483217
0 0.649590 1.159400 -0.460348 0.303088
0 0.648313 1.162040 -0.464529 0.305556
0 0.287064 1.052729 0.095821 -0.484116
0 0.427926 1.189600 0.093063 0.296121
0 0.726248 1.182246 -0.488364 0.295722
0 0.724962 1.184392 -0.491159 0.297065
0 0.306854 1.061998 0.142826 -0.406013
0 0.306673 1.061191 0.141751 -0.407819
0 0.305961 1.060016 0.142112 -0.413538
0 0.722161 1.144452 -0.489374 0.283246
0 0.720829 1.145505 -0.490492 0.282310
0 0.632847 1.081320 0.061681 -0.304957
0 0.630800 1.079201 0.060394 -0.309996
