0 0.332748 0.666623 -0.002380 -0.245844
0 0.332969 0.665662 -0.003087 -0.248923
0 0.333347 0.666318 -0.002731 -0.248187
0 0.331438 0.662734 -0.007472 -0.249687
0 0.685140 0.716983 -0.853529 -0.315430
0 0.330992 0.662540 -0.007256 -0.252193
0 0.686976 0.718611 -0.849248 -0.323112
0 0.684924 0.791932 -0.849291 -0.285413
0 0.331864 0.663293 -0.005786 -0.251662
0 0.320399 0.698380 -0.029096 -0.255535
0 0.320811 0.698261 -0.029023 -0.254434
0 0.321506 0.696241 -0.028573 -0.256785
0 0.684708 0.720498 -0.854381 -0.308788
0 0.685626 0.796367 -0.852884 -0.284871
0 0.687419 0.720284 -0.852429 -0.305176
0 0.688361 0.716013 -0.855859 -0.315086
0 0.683036 0.788420 -0.851472 -0.287801
0 0.682499 0.458615 -0.857763 0.063967
0 0.688162 0.796006 -0.848344 -0.279241
0 0.688754 0.795511 -0.847620 -0.284971
0 0.705577 0.461267 -0.846566 0.065670
0 0.680594 0.460590 -0.858638 0.065900
0 0.705088 0.463698 -0.845591 0.068085
0 0.689546 0.717542 -0.852206 -0.309167
0 0.343740 0.653416 0.010875 -0.277498
0 0.685644 0.791269 -0.852882 -0.293003
0 0.688446 0.716318 -0.856528 -0.315694
0 0.689400 0.705698 -0.852130 -0.313739
0 0.728248 0.463072 -0.835495 0.010724
0 0.340006 0.649986 0.013223 -0.261260
0 0.727638 0.464855 -0.834894 0.017425
0 0.714577 0.461459 -0.837612 0.066217
0 0.728609 0.466237 -0.835169 0.016097
0 0.338592 0.651066 0.011419 -0.259031
0 0.690183 0.713265 -0.851263 -0.332753
0 0.339179 0.648922 0.012262 -0.261020
0 0.680543 0.736821 -0.847046 -0.330705
0 0.693276 0.459623 -0.849778 0.066858
0 0.729982 0.416341 -0.834485 -0.237719
0 0.692092 0.742049 -0.852491 -0.172291
