0 0.584192 0.620475 0.211210 -0.806045
0 0.583908 0.620888 0.209624 -0.804852
0 0.580661 0.620620 0.201756 -0.804928
0 0.583663 0.619509 0.219967 -0.806545
0 0.584241 0.619421 0.210620 -0.807703
0 0.581545 0.619802 0.217693 -0.805900
0 0.583057 0.619450 0.206997 -0.807642
0 0.583183 0.620053 0.218188 -0.805215
0 0.582116 0.619083 0.216695 -0.807945
0 0.580493 0.619990 0.214124 -0.806502
0 0.580309 0.619067 0.199776 -0.807612
0 0.580863 0.619917 0.213791 -0.807432
0 0.578918 0.618847 0.169594 -0.810351
0 0.584217 0.616985 0.174338 -0.808925
0 0.571689 0.618326 0.157975 -0.810331
0 0.574863 0.616794 0.157447 -0.809195
0 0.568781 0.619907 0.183955 -0.804233
0 0.562412 0.618640 0.170861 -0.805166
0 0.573522 0.616854 0.193608 -0.807913
0 0.565099 0.617236 0.175845 -0.807923
