0 0.646478 1.201339 0.067621 0.436448
0 0.706352 1.065816 -0.878411 -0.203768
0 0.667137 1.209020 0.196551 0.448624
0 0.707157 1.068861 -0.876940 -0.197934
0 0.712791 1.038177 -0.857273 -0.544591
0 0.713278 1.037221 -0.856874 -0.548603
0 0.712525 1.037943 -0.857803 -0.543067
0 0.710343 1.051852 -0.867451 -0.413356
0 0.710276 1.050642 -0.867670 -0.413292
0 0.710744 1.046717 -0.866514 -0.450245
0 0.712752 1.032050 -0.865492 -0.524242
0 0.705825 1.076504 -0.885520 -0.181424
0 0.707201 1.079341 -0.883407 -0.177275
0 0.710070 1.039120 -0.867935 -0.559405
0 0.709972 1.039504 -0.867935 -0.559263
0 0.714279 1.021907 -0.869246 -0.485537
0 0.709635 1.038987 -0.868469 -0.557671
