0 0.978867 0.806935 0.570949 -0.080207
0 0.995284 0.841309 0.585793 -0.092495
0 0.962661 0.854724 0.664688 -0.070500
0 0.886539 0.860019 0.677193 -0.068893
0 0.978904 0.840184 0.521593 -0.099899
0 0.922649 0.967013 0.611297 0.010176
0 0.807946 0.839812 0.602710 -0.108505
0 0.631061 0.835585 0.388815 -0.132128
0 0.781449 0.838914 0.549843 -0.108784
0 0.626247 0.834492 0.380220 -0.130649
0 0.968753 0.789411 0.529553 -0.072902
0 0.948328 0.809088 0.520079 -0.076546
0 0.964060 0.953648 0.534112 -0.025801
0 0.956098 0.816666 0.652712 -0.075896
0 0.957945 0.841220 0.473772 -0.096858
0 0.859085 0.950231 0.625059 -0.011735
