0 0.482961 0.959756 -0.278432 -1.072416
0 0.483106 0.959537 -0.278300 -1.074051
0 0.482741 0.958228 -0.278099 -1.074205
0 0.483567 0.958168 -0.276261 -1.082326
0 0.484377 0.957526 -0.276745 -1.082987
0 0.484223 0.959677 -0.275518 -1.078354
0 0.433811 0.703997 -0.573463 -0.626830
0 0.434146 0.703101 -0.574999 -0.628278
0 0.432113 0.717363 -0.581938 -0.617738
0 0.432549 0.715479 -0.582387 -0.619384
0 0.437808 0.697492 -0.542597 -0.626506
0 0.437282 0.696291 -0.546924 -0.627088
0 0.481401 0.952851 -0.286195 -1.100540
0 0.433876 0.701157 -0.579027 -0.630740
0 0.433763 0.701834 -0.579686 -0.630448
0 0.481543 0.953813 -0.286666 -1.099169
0 0.482034 0.953150 -0.285362 -1.100676
0 0.484878 0.966509 -0.277815 -1.056993
0 0.482219 0.965497 -0.281700 -1.046752
0 0.433545 0.698096 -0.580479 -0.636708
