0 0.626351 0.352792 -0.299542 -0.046737
0 0.625195 0.352709 -0.301064 -0.048333
0 0.629346 0.353319 -0.318683 -0.050693
0 0.628619 0.353713 -0.321777 -0.050346
0 0.632017 0.353794 -0.314011 -0.048302
0 0.613947 0.350381 -0.328837 -0.049179
0 0.636061 0.354410 -0.284792 -0.043846
0 0.613140 0.351983 -0.330170 -0.046886
0 0.624198 0.350046 -0.287287 -0.049317
0 0.630018 0.356441 -0.324966 -0.040110
0 0.630370 0.354931 -0.324492 -0.041472
0 0.600307 0.350227 -0.351984 -0.049880
0 0.624519 0.351601 -0.285699 -0.047875
0 1.527728 1.121914 1.060645 0.524840
0 0.632063 0.348099 -0.273861 -0.053016
