0 0.644655 0.384641 -0.621490 -0.018716
0 0.644812 0.384215 -0.621702 -0.019318
0 0.644697 0.384858 -0.621674 -0.018157
0 0.644929 0.385058 -0.618311 -0.020451
0 0.643422 0.384750 -0.621097 -0.020934
0 0.646220 0.384521 -0.617896 -0.019051
0 0.936293 1.199833 0.656040 0.302131
0 0.640293 0.375572 -0.616643 -0.029074
0 0.639877 0.376840 -0.618003 -0.026501
0 0.282893 0.525886 0.004149 -0.089434
0 0.282083 0.526148 0.003079 -0.091271
0 0.282329 0.528733 0.002723 -0.089270
0 0.644434 0.371686 -0.615143 -0.023500
0 0.645543 0.385424 -0.617496 -0.018162
0 0.644420 0.370189 -0.614017 -0.027582
0 0.646005 0.381745 -0.623491 -0.025123
0 0.644717 0.383657 -0.619449 -0.021763
0 0.644672 0.385295 -0.619907 -0.019923
0 0.646712 0.380103 -0.622954 -0.029538
0 0.285794 0.530886 0.007694 -0.084158
0 0.285752 0.530113 0.008478 -0.085305
0 0.286034 0.533528 0.008607 -0.078125
0 0.646990 0.375657 -0.624941 -0.020908
0 0.277076 0.529393 -0.003092 -0.087034
0 0.647738 0.372580 -0.624258 -0.028344
0 0.277281 0.529066 -0.002958 -0.088364
0 0.278080 0.532360 -0.001320 -0.084951
0 0.283827 0.525024 0.003635 -0.070552
0 0.281523 0.503279 -0.000882 -0.105229
0 0.281414 0.494437 -0.000797 -0.119124
