0 0.531922 1.186093 -0.567342 0.342555
0 0.531827 1.187729 -0.568525 0.344658
0 0.404003 1.194053 -0.255754 0.352109
0 0.550717 1.022927 -0.135404 -0.709572
0 0.551784 1.023594 -0.133376 -0.706835
0 0.548153 1.022177 -0.138521 -0.711838
0 0.404300 1.199733 -0.255308 0.359145
0 0.539486 1.184215 -0.573032 0.346321
0 0.537335 1.211020 -0.539283 0.413848
0 0.538710 1.189088 -0.572092 0.352666
0 0.553439 1.036640 -0.130264 -0.675957
0 0.538604 1.206515 -0.540122 0.400502
0 0.552909 1.036672 -0.130719 -0.677410
0 0.550954 1.038089 -0.133814 -0.675046
0 0.425480 1.213022 -0.220970 0.406592
0 0.425120 1.213088 -0.223624 0.403929
0 0.374409 1.184070 -0.274474 0.337090
0 0.483150 1.020712 -0.186552 -0.722551
0 0.482966 1.019647 -0.187919 -0.725350
0 0.378571 1.194051 -0.272223 0.351428
0 0.483930 1.018398 -0.186570 -0.728257
0 0.572744 1.026009 -0.118400 -0.691947
0 0.570985 1.026817 -0.121548 -0.692751
0 0.569085 1.026795 -0.124063 -0.692472
0 0.439927 1.199893 -0.321759 0.360974
0 0.432048 1.195017 -0.427968 0.365126
0 0.581129 1.037878 -0.108563 -0.641871
0 0.578880 1.040904 -0.112968 -0.637715
0 0.472207 1.034938 -0.192171 -0.685852
0 0.579757 1.038942 -0.111329 -0.640955
0 0.471410 1.035578 -0.194423 -0.685497
0 0.471734 1.036610 -0.193983 -0.684033
0 0.388810 1.212794 -0.237502 0.401054
0 0.394502 1.210946 -0.233079 0.393531
0 0.453589 1.211669 -0.263015 0.378734
