0 0.370535 1.079839 -0.471261 -0.960022
0 0.370852 1.081225 -0.470768 -0.958338
0 0.368950 1.072401 -0.473366 -0.964857
0 0.372658 1.078496 -0.470038 -0.961853
0 0.459823 1.026590 -0.591309 -0.892022
0 0.300789 0.959117 -0.203958 -0.990435
0 0.460010 1.027446 -0.592367 -0.890183
0 0.371816 1.079382 -0.471206 -0.959529
0 0.301446 0.958799 -0.202561 -0.990950
0 0.459429 1.030307 -0.587244 -0.891977
0 0.368917 1.071992 -0.473783 -0.965641
0 0.459415 1.031089 -0.586377 -0.889717
0 0.300322 0.962013 -0.197085 -0.992673
0 0.299829 0.962186 -0.197561 -0.991149
0 0.369439 1.075652 -0.474213 -0.962298
0 0.368597 1.073184 -0.475514 -0.967103
0 0.303240 0.950326 -0.198802 -0.994022
0 0.303427 0.950902 -0.198623 -0.995042
0 0.303633 0.951914 -0.197539 -0.991648
0 0.300608 0.960212 -0.186037 -1.019682
0 0.303287 0.961197 -0.193007 -0.988402
0 0.459439 1.036134 -0.580906 -0.909168
0 0.300722 0.960822 -0.186117 -1.015365
0 0.459606 1.038859 -0.580031 -0.904013
0 0.301737 0.962093 -0.189526 -0.992957
0 0.303408 0.943696 -0.205435 -1.004490
0 0.303649 0.950272 -0.205136 -0.992166
0 0.458943 1.037913 -0.585018 -0.894924
0 0.305574 0.948614 -0.200544 -0.995262
0 0.459463 1.041006 -0.583567 -0.891200
0 0.302080 0.960728 -0.186497 -1.012905
0 0.369578 1.080868 -0.467294 -0.966967
0 0.368659 1.079470 -0.469012 -0.970383
0 0.459231 1.041631 -0.588469 -0.871329
0 0.459377 1.041743 -0.588611 -0.871669
0 0.369215 1.053295 -0.471497 -0.978498
0 0.368984 1.051783 -0.472245 -0.977424
0 0.298405 0.953412 -0.223834 -0.994634
0 0.298428 0.955449 -0.224269 -0.992195
0 0.297541 0.955958 -0.225845 -0.990981
0 0.371809 1.082382 -0.483749 -0.932252
0 0.285920 0.933207 -0.186702 -1.210109
0 0.285429 0.932764 -0.187003 -1.209380
0 0.372688 1.080186 -0.482237 -0.937320
0 0.370239 1.049502 -0.475359 -0.979307
0 0.287040 0.937886 -0.189317 -1.168431
0 0.370746 1.054412 -0.474246 -0.972849
0 0.456553 1.031371 -0.617848 -0.921881
0 0.456222 1.045931 -0.567855 -0.894807
0 0.458200 1.034410 -0.613016 -0.915139
0 0.286346 0.936969 -0.189579 -1.169831
0 0.455467 1.046748 -0.568988 -0.893552
0 0.455344 1.035106 -0.618695 -0.897139
0 0.286462 0.935835 -0.190760 -1.172616
0 0.455952 1.040622 -0.616922 -0.889591
0 0.298909 0.943512 -0.225334 -0.999620
0 0.298909 0.939892 -0.225843 -1.004277
0 0.299285 0.942967 -0.224684 -0.999568
0 0.290802 0.933891 -0.194872 -1.215830
0 0.285809 0.931644 -0.188758 -1.214914
0 0.291204 0.935173 -0.193817 -1.211533
0 0.285233 0.931925 -0.190057 -1.214797
0 0.285660 0.931312 -0.189420 -1.215075
