0 0.163979 0.443790 0.010311 0.096512
0 0.372637 0.300688 -0.438015 0.007800
0 0.372271 0.296689 -0.438645 0.002081
0 0.372766 0.301188 -0.438379 0.009101
0 0.373612 0.300189 -0.435929 0.005536
0 0.373628 0.301892 -0.435449 0.008203
0 0.370428 0.296086 -0.441717 0.001214
0 0.370720 0.296895 -0.440833 0.002881
0 0.372762 0.294776 -0.435716 -0.003208
0 0.371501 0.294177 -0.437851 -0.004830
0 0.371265 0.294877 -0.439139 -0.002671
0 0.404605 0.749072 -0.299861 -0.031720
0 0.404381 0.749116 -0.300606 -0.031986
0 0.405021 0.749676 -0.301723 -0.029141
0 0.404633 0.778355 -0.303723 0.009700
0 0.404364 0.780843 -0.304561 0.016204
0 0.405066 0.781119 -0.304345 0.016474
0 0.376216 0.303189 -0.430835 0.005756
0 0.376154 0.303432 -0.430946 0.004248
0 0.161520 0.448714 0.004236 0.113445
0 0.276280 0.403182 -0.236498 0.025492
0 0.276228 0.401630 -0.236094 0.022555
0 0.275114 0.397615 -0.235418 0.015045
0 0.159382 0.445946 0.001239 0.115310
0 0.275650 0.395888 -0.234483 0.011872
0 0.275051 0.393329 -0.236163 0.008842
0 0.274599 0.388601 -0.237625 0.012915
0 0.270243 0.376705 -0.243397 0.002711
0 0.274676 0.389935 -0.237945 0.014621
0 0.270269 0.376008 -0.243522 0.001474
0 0.270463 0.375310 -0.243906 0.000879
0 0.160234 0.443239 0.002463 0.108820
0 0.404057 0.786024 -0.310237 0.054720
0 0.405183 0.794244 -0.306419 0.050948
0 0.276287 0.429184 -0.227194 0.045494
0 0.276155 0.428570 -0.227743 0.045864
0 0.402250 0.764706 -0.313386 -0.024560
0 0.403130 0.764997 -0.312423 -0.023898
0 0.402574 0.764461 -0.313703 -0.025759
0 0.372416 0.296575 -0.445899 0.000274
0 0.372182 0.297264 -0.446604 0.002120
0 0.178625 0.458704 0.074557 0.119546
0 0.372380 0.301696 -0.433467 0.005683
0 0.372208 0.296909 -0.446606 0.000171
0 0.371686 0.300872 -0.434827 0.003604
0 0.372250 0.301322 -0.433655 0.004690
0 0.269566 0.383513 -0.237473 0.019329
0 0.404428 0.766656 -0.312120 0.017636
0 0.269599 0.384913 -0.236718 0.020750
0 0.404304 0.765922 -0.313420 0.015626
0 0.404668 0.763829 -0.312462 0.009768
0 0.272793 0.378131 -0.237042 0.006737
0 0.272989 0.380702 -0.236453 0.009103
0 0.271628 0.380034 -0.239443 0.009129
0 0.276256 0.424843 -0.232635 0.029944
0 0.275968 0.420957 -0.233305 0.030094
0 0.276437 0.425171 -0.232302 0.032572
0 0.076660 0.447090 0.052049 0.106261
