0 0.641906 1.092506 -0.069827 -0.198490
0 0.640630 1.096420 -0.070865 -0.193959
0 0.636561 1.098525 -0.078469 -0.183642
0 0.635908 1.099566 -0.078456 -0.184396
0 0.718927 1.218796 -0.813238 0.600732
0 0.720437 1.233145 -0.811495 0.627479
0 0.717081 1.227637 -0.829411 0.582823
0 0.717540 1.236933 -0.828857 0.595235
0 0.165986 1.178360 0.110164 0.216111
0 0.647593 1.102379 -0.092693 -0.183902
0 0.648358 1.102779 -0.090513 -0.184013
0 0.166698 1.142936 0.110454 0.017964
0 0.652178 1.096594 -0.091004 -0.188330
0 0.652282 1.098665 -0.091171 -0.187009
0 0.170054 1.094131 0.112653 -0.276393
0 0.171284 1.094543 0.112404 -0.275382
