0 0.481817 0.877220 -0.288156 0.130903
0 0.483169 0.878472 -0.284682 0.137752
0 0.479752 0.983544 -0.283471 0.198769
0 0.342418 1.172043 0.111017 0.655788
0 0.481962 0.847542 -0.287108 0.074910
0 0.480923 0.986830 -0.280809 0.197555
0 0.578878 0.834194 -0.735707 -0.897094
0 0.484592 0.844401 -0.292337 0.090055
0 0.486165 0.845592 -0.289852 0.093455
0 0.578786 0.829082 -0.736428 -0.905725
0 0.577400 0.833472 -0.737900 -0.899040
0 0.579913 0.842166 -0.732892 -0.884358
0 0.579572 0.841529 -0.732219 -0.884219
0 0.579846 0.836562 -0.733716 -0.892190
0 0.578236 0.831193 -0.736893 -0.896525
0 0.485586 1.091209 -0.274167 0.248479
0 0.484376 0.830021 -0.293230 0.063992
0 0.399705 1.206837 0.147252 0.747251
0 0.487390 1.099051 -0.271102 0.252887
0 0.579251 0.832348 -0.732456 -0.889197
