0 0.655244 0.732129 -0.078500 0.174166
0 0.658050 0.728463 -0.073649 0.163137
0 0.656608 0.732015 -0.076998 0.173662
0 0.659327 0.774622 -0.074879 0.169296
0 0.659735 0.774744 -0.075585 0.168985
0 0.661677 0.765713 -0.071229 0.157348
0 0.642705 0.801158 -0.140029 0.197879
0 0.641768 0.801622 -0.141143 0.201036
0 0.575410 0.983890 0.175875 -0.570931
0 0.575053 0.984360 0.176353 -0.571679
0 0.575748 0.983385 0.177420 -0.574863
0 0.584942 1.001292 0.171415 -0.581720
0 0.585766 1.001801 0.174157 -0.582266
0 0.597481 1.010042 0.165878 -0.566618
0 0.597257 1.009490 0.167269 -0.566476
0 0.597608 1.008537 0.165869 -0.568590
0 0.585634 1.000349 0.173016 -0.584146
0 0.643230 0.781255 -0.139287 0.168745
0 0.650893 0.770865 -0.106157 0.216166
0 0.651790 0.772388 -0.108866 0.217341
0 0.608353 0.999037 0.176522 -0.564921
0 0.606728 1.001185 0.171515 -0.561642
0 0.722061 0.600330 -0.801301 0.397682
0 0.606262 0.998854 0.170250 -0.567220
0 0.722293 0.603931 -0.800714 0.409040
0 0.722376 0.603777 -0.799791 0.407925
0 0.652529 0.763228 -0.108888 0.202402
0 0.722512 0.644061 -0.794292 0.437278
0 0.721237 0.644543 -0.795646 0.438361
0 0.625551 0.872840 -0.197673 0.214885
0 0.626826 0.873239 -0.196218 0.216471
0 0.722089 0.633668 -0.794772 0.423816
