0 0.490088 1.066532 -0.483348 -0.379004
0 0.490329 1.066635 -0.482302 -0.382853
0 0.490259 1.065577 -0.483750 -0.381934
0 0.489177 1.056498 -0.487487 -0.399526
0 0.489395 1.056166 -0.487427 -0.399923
0 0.488258 1.054941 -0.488691 -0.403102
0 0.264581 1.119396 -0.052708 -0.123941
0 0.257370 1.121245 -0.060522 -0.130963
0 0.265438 1.117206 -0.049754 -0.131352
0 0.265291 1.123214 -0.052291 -0.128954
0 0.492019 1.058622 -0.470901 -0.391986
0 0.494018 1.060722 -0.456482 -0.389312
0 0.395142 0.843340 -0.479866 -0.552583
0 0.493408 1.063727 -0.455071 -0.383216
0 0.394877 0.844516 -0.480050 -0.551273
0 0.568342 1.051789 -0.825286 -0.367440
0 0.496542 1.060962 -0.454651 -0.390657
0 0.568105 1.053540 -0.826129 -0.364982
0 0.484921 1.056748 -0.506033 -0.396608
0 0.393757 0.831850 -0.483874 -0.587309
0 0.394328 0.839630 -0.482722 -0.577761
0 0.395272 0.829063 -0.477205 -0.561478
0 0.395018 0.830354 -0.476980 -0.557562
0 0.238290 1.071195 -0.069707 -0.196499
0 0.562718 0.975064 -0.835563 -0.426848
0 0.583224 1.054300 -0.739530 -0.376962
0 0.230723 1.049933 -0.074734 -0.201799
0 0.562372 0.971840 -0.835749 -0.426098
0 0.396752 0.867142 -0.479780 -0.537769
0 0.396962 0.863358 -0.479762 -0.542273
0 0.490397 0.867560 -0.792975 -0.546707
0 0.286125 1.126638 -0.046982 -0.103174
0 0.287447 1.124945 -0.045969 -0.107775
0 0.579514 1.052747 -0.741166 -0.377448
0 0.393760 0.805413 -0.480141 -0.595321
0 0.568604 0.990754 -0.831748 -0.435078
0 0.499145 1.036311 -0.782523 -0.430083
0 0.489111 1.060419 -0.507699 -0.388821
0 0.394171 0.809449 -0.479124 -0.592730
0 0.643598 1.142441 -0.946550 0.016144
0 0.499481 1.028016 -0.781908 -0.447103
0 0.632012 1.050190 -0.967007 -0.491925
0 0.489597 1.059407 -0.507861 -0.390352
0 0.491499 0.863641 -0.790912 -0.555022
0 0.488510 1.059637 -0.504887 -0.390601
0 0.234105 1.109521 -0.066949 -0.114468
0 0.396620 0.819855 -0.479631 -0.558292
0 0.396420 0.816693 -0.480589 -0.564898
0 0.514383 1.000565 -0.774488 -0.431066
0 0.488926 0.839213 -0.792999 -0.589033
0 0.489918 0.832520 -0.791583 -0.596040
0 0.585546 1.068044 -0.791623 -0.373364
0 0.557660 0.906428 -0.757841 -0.485469
0 0.491529 1.047349 -0.463106 -0.393582
0 0.632784 1.037666 -0.973160 -0.516326
