0 0.549186 0.480281 -0.921634 0.163798
0 0.547803 0.473931 -0.924009 0.155121
0 0.686127 0.428749 -0.995114 -0.082629
0 0.686738 0.429023 -0.994245 -0.082480
0 0.684885 0.426267 -1.003385 -0.077595
0 0.553738 0.487123 -0.910903 0.174953
0 0.546066 0.478599 -0.927742 0.165834
0 0.685449 0.426230 -1.002510 -0.077662
0 0.686011 0.424522 -1.001514 -0.074298
0 0.683705 0.429477 -0.998800 -0.075138
0 0.683171 0.430267 -0.999228 -0.072177
0 0.683668 0.430926 -0.999005 -0.070684
0 0.685693 0.424356 -1.002155 -0.075380
0 0.545009 0.472710 -0.929126 0.154906
0 0.686156 0.423605 -1.001634 -0.078271
0 0.555529 0.487974 -0.908989 0.175938
0 0.582198 0.479882 -0.972056 0.186691
0 0.551368 0.480608 -0.917071 0.168648
0 0.580333 0.478586 -0.975444 0.185229
0 0.586291 0.489966 -0.908416 0.191995
0 0.586980 0.490748 -0.908329 0.194484
0 0.584026 0.484894 -0.948456 0.192704
0 0.575248 0.481307 -0.916981 0.171722
0 0.576428 0.478460 -0.915689 0.170218
0 0.340637 0.468277 -0.446000 -0.137944
0 0.584750 0.485989 -0.945961 0.194638
0 0.342830 0.469251 -0.444546 -0.135975
0 0.358007 0.470795 -0.433415 -0.140987
0 0.357493 0.471642 -0.434242 -0.138736
0 0.553909 0.481860 -0.913556 0.169683
0 0.265918 0.486304 -0.149961 -0.157643
0 0.265952 0.484974 -0.149941 -0.162182
0 0.602538 0.330963 -0.486275 0.129084
0 0.272463 0.477384 -0.133580 -0.196555
0 0.272242 0.477382 -0.133970 -0.197102
0 0.602890 0.330759 -0.485518 0.129828
0 0.263778 0.486160 -0.153016 -0.157938
0 0.276907 0.484097 -0.141454 -0.162234
0 0.611916 1.127019 0.076287 -0.153320
0 0.690288 0.429292 -0.982962 -0.082682
0 0.277561 0.482858 -0.140616 -0.163291
0 0.604172 0.331935 -0.482871 0.131929
0 0.613950 1.125613 0.079173 -0.158103
0 0.616623 1.122711 0.073504 -0.181872
0 0.684483 0.423341 -1.021929 -0.076485
0 0.684817 0.422666 -1.018877 -0.077685
0 0.336808 0.468619 -0.446152 -0.135316
0 0.337254 0.467082 -0.445870 -0.137546
0 0.582947 0.483433 -0.952154 0.188701
0 0.616667 1.119580 0.074534 -0.188218
0 0.389112 0.364007 -0.580941 0.115809
0 0.337473 0.468754 -0.445908 -0.135222
0 0.581710 0.483391 -0.953778 0.190733
0 0.389207 0.370530 -0.580960 0.123406
0 0.256309 0.482882 -0.278689 -0.137076
0 0.389663 0.368457 -0.580118 0.120854
0 0.271904 0.486891 -0.178342 -0.138153
0 0.248538 0.482386 -0.137200 -0.190291
0 0.235813 0.474902 -0.131514 -0.249252
0 0.257788 0.483735 -0.269898 -0.134599
0 0.386126 0.361094 -0.580099 0.115035
0 0.611413 0.331763 -0.480831 0.132592
0 0.228946 0.473006 -0.136334 -0.255411
0 0.612101 0.330525 -0.479974 0.129619
0 0.590930 0.327623 -0.488891 0.123871
0 0.591531 0.327464 -0.489087 0.125292
0 0.271837 0.486293 -0.179062 -0.141151
0 0.245530 0.482154 -0.140286 -0.190111
0 0.270235 0.487035 -0.181907 -0.138524
0 0.613023 1.154570 0.056759 0.060724
0 0.251345 0.488496 -0.301975 -0.116764
0 0.593767 0.328208 -0.485967 0.127075
0 0.387836 0.362027 -0.577608 0.114394
0 0.678888 0.422817 -0.996267 -0.092378
0 0.682609 0.424116 -0.990284 -0.090024
0 0.252078 0.487314 -0.301563 -0.119294
0 0.252223 0.488363 -0.300532 -0.117018
0 0.608286 0.353339 -0.480438 0.150854
0 0.686068 0.426615 -1.001668 -0.098616
0 0.685894 0.424712 -1.002082 -0.103191
0 0.267485 0.477899 -0.138676 -0.209669
0 0.608618 0.353442 -0.480800 0.150927
0 0.683017 0.429145 -0.996777 -0.100622
0 0.267478 0.476221 -0.138786 -0.213163
0 0.685533 0.425821 -1.002515 -0.101060
0 0.683249 0.430994 -0.996762 -0.096802
0 0.681948 0.430058 -0.998397 -0.098755
0 0.227386 0.482699 -0.171122 -0.177418
0 0.228192 0.482785 -0.170921 -0.177052
0 0.235051 0.476774 -0.140964 -0.234387
0 0.615690 1.072702 0.083493 -0.291428
0 0.227957 0.481094 -0.171207 -0.181304
0 0.728898 0.325248 -0.401230 0.142237
0 0.609870 0.361371 -0.479603 0.157975
0 0.274748 0.478752 -0.120307 -0.195450
0 0.265581 0.477245 -0.142337 -0.211294
0 0.233922 0.476734 -0.142041 -0.234369
0 0.235088 0.476117 -0.140921 -0.235666
0 0.329250 0.462982 -0.450794 -0.142251
0 0.617840 1.067010 0.076347 -0.316717
0 0.728806 0.327517 -0.404531 0.145862
0 0.328879 0.462035 -0.451477 -0.145455
0 0.387953 0.352082 -0.581443 0.104214
0 0.329163 0.463289 -0.451535 -0.141794
0 0.688505 0.427551 -0.990129 -0.073972
0 0.282775 0.485154 -0.118164 -0.160294
0 0.726636 0.328036 -0.407529 0.144623
0 0.604464 1.138688 0.018713 0.219051
0 0.659922 0.377699 -1.159039 0.119013
0 0.252386 0.481931 -0.309712 -0.153431
0 0.557726 1.142205 -0.263810 0.427080
0 0.389194 0.352658 -0.578855 0.107698
0 0.558302 1.143120 -0.262288 0.422130
0 0.728680 0.439022 -0.360405 0.221978
0 0.547129 0.463333 -0.924988 0.131298
0 0.388516 0.365521 -0.577166 0.119965
0 0.388769 0.373723 -0.576593 0.126505
