0 0.430418 0.513958 -0.564784 -0.723842
0 0.425940 0.521590 -0.569278 -0.719570
0 0.425683 0.521712 -0.569466 -0.719959
0 0.425511 0.522654 -0.569931 -0.718547
0 0.426268 0.528852 -0.570607 -0.706589
0 0.427140 0.530732 -0.568365 -0.707291
0 0.427011 0.531803 -0.568511 -0.707057
0 0.428935 0.929696 -0.577339 -0.461952
0 0.428628 0.530787 -0.565847 -0.708659
0 0.426154 0.524367 -0.573643 -0.704916
0 0.425060 0.512792 -0.572183 -0.725012
0 0.429071 0.922613 -0.578458 -0.475365
0 0.425556 0.511358 -0.570904 -0.725946
0 0.427629 0.893250 -0.578152 -0.474557
0 0.427837 0.885185 -0.578236 -0.491380
0 0.425817 0.531636 -0.569970 -0.702690
0 0.424883 0.511574 -0.572675 -0.725430
0 0.425842 0.535340 -0.565466 -0.704879
0 0.425868 0.536605 -0.565386 -0.703600
0 0.425763 0.880735 -0.574015 -0.504895
0 0.427157 0.530519 -0.570039 -0.696198
0 0.425686 0.888296 -0.573440 -0.490620
0 0.431430 0.944292 -0.551654 -0.464202
0 0.431464 0.951078 -0.550056 -0.451446
0 0.426686 0.504309 -0.572834 -0.736827
