0 0.958715 0.361539 -1.599644 -0.571561
0 0.958986 0.362062 -1.598408 -0.570595
0 0.959098 0.361947 -1.598198 -0.571665
0 0.960018 0.360967 -1.595519 -0.573736
0 0.959040 0.361185 -1.599059 -0.573455
0 0.960302 0.361710 -1.596012 -0.572035
0 0.959408 0.361366 -1.597175 -0.573212
0 0.959240 0.361939 -1.597541 -0.572057
0 0.957870 0.359621 -1.599584 -0.575330
0 0.960125 0.361584 -1.594781 -0.573115
0 0.958454 0.361124 -1.601321 -0.573318
0 0.958041 0.360962 -1.601745 -0.573902
0 0.959614 0.361621 -1.595492 -0.573017
0 0.958174 0.361618 -1.593526 -0.572201
0 0.958631 0.361109 -1.592812 -0.572318
0 0.958728 0.360978 -1.592798 -0.572840
0 0.961524 0.361232 -1.602270 -0.573603
0 0.959611 0.361341 -1.606672 -0.573104
