0 0.694599 0.842333 -0.959048 -0.616252
0 0.694582 0.842885 -0.959545 -0.616737
0 0.418505 0.923705 -0.401706 -0.719560
0 0.694821 0.842443 -0.959657 -0.621765
0 0.694763 0.842013 -0.958817 -0.621562
0 0.418928 0.923842 -0.401133 -0.719908
0 0.692469 0.843554 -0.962160 -0.615578
0 0.585394 0.886669 -0.547662 -0.611702
0 0.418519 0.925138 -0.403563 -0.716664
0 0.585569 0.885144 -0.547358 -0.614904
0 0.692959 0.842821 -0.962235 -0.620616
0 0.585352 0.885378 -0.546547 -0.614593
0 0.451570 0.588777 -0.614702 -0.504615
0 0.453338 0.592233 -0.613545 -0.493461
0 0.451292 0.588269 -0.614426 -0.505006
0 0.682251 0.551461 -1.018465 -0.503139
0 0.453868 0.592216 -0.612815 -0.494624
0 0.451389 0.589003 -0.614169 -0.503260
0 0.453098 0.593517 -0.612636 -0.491267
0 0.453245 0.593083 -0.612496 -0.492740
0 0.681516 0.550666 -1.020013 -0.504607
0 0.681467 0.550633 -1.020008 -0.503779
0 0.681580 0.553157 -1.019855 -0.503420
0 0.680295 0.553974 -1.020969 -0.502334
0 0.681691 0.552174 -1.019806 -0.504940
0 0.680658 0.554123 -1.020265 -0.503957
0 0.450851 0.590576 -0.613787 -0.495318
0 0.419615 0.933586 -0.396839 -0.707763
0 0.680406 0.549168 -1.021848 -0.512101
0 0.697011 0.837080 -0.953849 -0.629821
0 0.450349 0.590677 -0.614255 -0.496282
0 0.450471 0.590024 -0.613902 -0.497152
0 0.681181 0.549336 -1.020523 -0.511455
0 0.697363 0.845713 -0.954918 -0.621552
0 0.695952 0.837705 -0.957180 -0.627397
0 0.418552 0.937184 -0.399814 -0.702685
0 0.419122 0.936151 -0.397812 -0.703212
0 0.696931 0.831498 -0.954425 -0.639298
0 0.422162 0.929228 -0.393812 -0.715870
0 0.680327 0.554292 -1.021274 -0.496324
0 0.421775 0.931239 -0.394427 -0.712429
0 0.697379 0.841527 -0.955102 -0.631933
0 0.572657 0.668703 -0.752650 -0.563849
0 0.573849 0.880069 -0.562290 -0.607477
0 0.572732 0.669774 -0.751664 -0.559252
0 0.696911 0.844154 -0.956965 -0.624959
0 0.571531 0.669260 -0.754875 -0.562837
0 0.421597 0.930028 -0.395279 -0.714629
0 0.571152 0.661119 -0.753412 -0.566786
0 0.681565 0.554296 -1.018786 -0.495790
0 0.570249 0.660389 -0.752475 -0.568088
0 0.569962 0.662205 -0.753008 -0.566037
0 0.681459 0.553787 -1.018922 -0.496645
0 0.571553 0.661750 -0.752582 -0.566339
0 0.419661 0.945495 -0.397088 -0.684108
0 0.584648 0.892837 -0.547372 -0.591535
0 0.584458 0.889666 -0.547777 -0.598310
0 0.585479 0.889486 -0.545207 -0.598670
0 0.418628 0.944337 -0.399344 -0.684112
0 0.579876 0.887930 -0.547991 -0.606971
0 0.586022 0.869785 -0.558942 -0.621008
0 0.579856 0.887830 -0.548782 -0.607069
0 0.580091 0.887921 -0.548813 -0.605071
0 0.681335 0.547555 -1.020707 -0.504448
0 0.680889 0.546884 -1.021764 -0.506438
0 0.680890 0.548168 -1.022134 -0.503291
0 0.372009 1.017259 -0.086952 -0.835390
0 0.372231 1.018713 -0.085509 -0.834070
0 0.569242 0.643744 -0.755355 -0.575574
0 0.694695 0.841907 -0.959363 -0.634361
0 0.455611 0.599032 -0.609058 -0.490388
0 0.570405 0.643001 -0.752914 -0.580226
0 0.371765 1.018258 -0.086439 -0.827723
0 0.694830 0.842964 -0.959029 -0.633792
0 0.570668 0.643620 -0.752212 -0.576286
0 0.694866 0.843127 -0.958574 -0.634184
0 0.455731 0.598633 -0.609267 -0.493066
0 0.586233 0.861220 -0.558339 -0.639830
0 0.343190 0.987470 -0.104337 -0.974202
0 0.454219 0.592094 -0.612112 -0.502074
0 0.454551 0.591879 -0.611752 -0.502050
0 0.342910 0.988068 -0.104839 -0.973695
0 0.321536 0.987371 -0.118461 -0.987458
0 0.573638 0.868885 -0.561913 -0.630282
0 0.321413 0.988260 -0.118408 -0.987140
0 0.572423 0.666292 -0.747466 -0.561825
0 0.571657 0.662682 -0.748916 -0.564919
0 0.454709 0.593052 -0.611388 -0.501093
0 0.342997 0.988648 -0.103637 -0.971528
0 0.573703 0.680756 -0.752848 -0.552025
0 0.574277 0.681832 -0.751167 -0.549241
0 0.323132 0.988859 -0.117337 -0.984846
0 0.421270 0.944544 -0.392156 -0.687183
0 0.417143 0.945898 -0.400819 -0.710673
0 0.677130 0.544602 -1.027080 -0.517728
0 0.573931 0.896944 -0.556406 -0.591644
0 0.320716 0.993395 -0.117465 -0.950438
0 0.419326 0.939519 -0.396196 -0.693476
0 0.416036 0.941783 -0.404710 -0.719252
0 0.320035 0.993214 -0.117791 -0.949244
0 0.366786 1.006520 -0.146160 -0.709233
0 0.574904 0.683418 -0.748100 -0.546557
0 0.362381 1.001833 -0.087928 -0.892793
0 0.368229 1.018213 -0.164231 -0.697975
0 0.321084 0.992729 -0.118850 -0.951661
0 0.367539 1.006868 -0.144268 -0.706800
0 0.693257 0.853249 -0.964200 -0.615558
0 0.368539 1.019563 -0.165495 -0.694786
0 0.351407 0.966100 -0.242071 -0.739532
0 0.368237 1.006828 -0.142456 -0.708932
0 0.693484 0.853143 -0.962844 -0.616698
0 0.351700 0.966365 -0.243021 -0.738662
0 0.677981 0.544630 -1.028669 -0.527614
0 0.367509 1.019616 -0.160607 -0.696416
0 0.574446 0.672074 -0.754364 -0.570681
0 0.693138 0.848615 -0.964603 -0.627546
0 0.570450 0.637817 -0.758454 -0.580422
0 0.575812 0.672712 -0.750722 -0.569673
0 0.376501 1.023102 -0.095751 -0.722350
0 0.571555 0.640179 -0.756797 -0.579506
0 0.353578 0.969587 -0.227515 -0.737346
0 0.574695 0.674028 -0.753736 -0.566111
0 0.571683 0.635948 -0.756462 -0.582744
0 0.361032 0.990665 -0.211966 -0.711636
0 0.691857 0.831048 -0.962100 -0.623641
0 0.421628 0.906131 -0.393829 -0.718967
0 0.693839 0.837269 -0.962713 -0.607166
0 0.691980 0.830447 -0.961061 -0.624511
0 0.694010 0.839381 -0.961617 -0.603992
0 0.692119 0.829497 -0.960368 -0.629159
0 0.453772 0.585489 -0.611296 -0.495497
0 0.348500 0.999627 -0.093159 -0.935928
0 0.454385 0.585059 -0.609976 -0.492004
0 0.378133 1.020722 -0.082188 -0.804859
0 0.347835 0.993762 -0.094053 -0.947316
0 0.572192 0.633318 -0.753166 -0.577004
0 0.454118 0.587893 -0.610841 -0.496224
0 0.361914 0.994343 -0.088069 -0.917419
0 0.571770 0.633224 -0.754051 -0.577147
0 0.454472 0.586538 -0.610051 -0.494465
0 0.454425 0.585849 -0.609728 -0.491744
0 0.419582 0.902725 -0.397565 -0.722298
0 0.693735 0.834063 -0.963309 -0.617426
0 0.418661 0.924173 -0.399123 -0.711955
0 0.318070 0.988858 -0.124575 -0.963237
0 0.366294 1.036285 -0.091133 -0.727619
0 0.421142 0.894851 -0.395037 -0.732941
0 0.595555 0.881100 -0.548600 -0.612385
0 0.595225 0.881790 -0.548666 -0.610746
0 0.595291 0.883866 -0.548911 -0.607037
0 0.596209 0.889475 -0.547975 -0.608630
0 0.566230 0.601437 -0.757942 -0.600562
0 0.566544 0.601485 -0.757417 -0.600562
0 0.372322 1.001105 -0.129845 -0.701689
0 0.318488 0.990320 -0.124748 -0.959860
0 0.566363 0.601903 -0.757625 -0.600807
