0 0.549760 0.597435 -0.417445 0.142882
0 0.549548 0.603219 -0.418427 0.147529
0 0.553394 0.596497 -0.409892 0.144168
0 0.682764 1.241451 -0.135861 0.537000
0 0.684816 1.247250 -0.132811 0.548956
0 0.559653 0.602942 -0.399653 0.158710
0 0.560387 0.602177 -0.397969 0.154386
0 0.560158 0.603714 -0.399644 0.157045
0 0.520211 0.618629 -0.451956 0.136795
0 0.542902 0.586961 -0.399469 0.128327
0 0.542527 0.583881 -0.400430 0.124786
0 0.545386 0.583938 -0.394554 0.127184
0 0.526213 0.573043 -0.455270 0.096906
0 0.506454 0.611616 -0.445839 0.132315
0 0.657233 1.250564 -0.139345 0.558938
0 0.657945 1.251801 -0.137848 0.559890
