0 0.468954 1.030981 -0.249701 -0.669394
0 0.468949 1.032426 -0.249673 -0.666619
0 0.467523 1.028159 -0.250308 -0.664539
0 0.467502 1.028683 -0.249581 -0.665958
0 0.693224 1.015223 -0.959699 -0.744948
0 0.468801 1.030725 -0.250526 -0.671445
0 0.693355 1.014534 -0.960355 -0.747821
0 0.468068 1.028834 -0.248414 -0.668294
0 0.286042 0.973078 0.081150 -0.988273
0 0.285742 0.973118 0.080424 -0.988441
0 0.284755 0.973924 0.078735 -0.988736
0 0.694148 1.015001 -0.955018 -0.744982
0 0.293303 0.900272 -0.149718 -0.771505
0 0.285197 0.971649 0.086057 -1.015645
0 0.293580 0.899793 -0.148919 -0.772233
0 0.294257 0.901050 -0.149045 -0.767622
0 0.516518 0.922599 -0.913854 -1.263220
0 0.289342 0.973997 0.070991 -0.982302
0 0.289267 0.973916 0.071072 -0.982170
0 0.291760 0.897769 -0.149766 -0.763899
0 0.292091 0.896839 -0.148839 -0.765536
0 0.515873 0.922116 -0.915293 -1.265098
0 0.467021 1.034818 -0.259698 -0.661407
0 0.246430 0.402925 0.005078 -0.455586
0 0.289621 0.974524 0.071446 -0.981158
0 0.246753 0.403492 0.005901 -0.453750
0 0.292472 0.898639 -0.147941 -0.763053
0 0.515726 0.922114 -0.915480 -1.264649
0 0.694354 1.009808 -0.957809 -0.780976
0 0.247098 0.401120 0.006993 -0.457321
0 0.247190 0.401020 0.006945 -0.457927
0 0.693250 1.031891 -0.958742 -0.706425
0 0.693222 1.031867 -0.958005 -0.705603
0 0.694126 1.013832 -0.945208 -0.745788
0 0.693271 1.015887 -0.948231 -0.739636
0 0.286405 0.975086 0.098234 -0.983015
0 0.286669 0.975885 0.098993 -0.980774
0 0.694285 1.014049 -0.943982 -0.744341
0 0.460749 1.029236 -0.274237 -0.668635
0 0.694209 1.032228 -0.955891 -0.706144
0 0.246434 0.398150 0.008133 -0.461533
0 0.246531 0.399006 0.008058 -0.459656
0 0.285168 0.975910 0.095752 -0.981294
0 0.244964 0.400364 0.008057 -0.459328
0 0.424273 0.437959 -0.490304 -0.520757
0 0.245009 0.399697 0.007095 -0.459675
0 0.423900 0.438439 -0.490829 -0.519309
0 0.425057 0.439059 -0.486959 -0.523839
0 0.423211 0.438623 -0.490763 -0.525108
0 0.440539 0.799453 -0.650694 -0.971806
0 0.424825 0.438432 -0.487520 -0.523944
0 0.282164 0.974735 0.058192 -1.014428
0 0.440795 0.799990 -0.650376 -0.972070
0 0.298261 0.904668 -0.143524 -0.754149
0 0.280199 0.960504 0.069626 -1.047931
0 0.425221 0.437173 -0.491242 -0.530769
0 0.471610 1.041174 -0.269433 -0.655102
0 0.515487 0.915797 -0.912615 -1.295328
0 0.426576 0.437476 -0.487467 -0.529475
0 0.426634 0.436892 -0.487509 -0.529760
0 0.473376 1.034470 -0.271624 -0.658875
0 0.425027 0.439149 -0.489011 -0.525755
0 0.515209 0.913311 -0.920791 -1.272086
0 0.294949 0.905554 -0.149924 -0.767356
0 0.424490 0.438583 -0.490459 -0.527746
0 0.280618 0.963541 0.069636 -1.043004
0 0.440797 0.803545 -0.657164 -0.972226
0 0.441253 0.804161 -0.656436 -0.971612
0 0.294663 0.906875 -0.150234 -0.764167
0 0.692828 1.007119 -0.960234 -0.800097
0 0.514927 0.914094 -0.921139 -1.270339
0 0.514904 0.912176 -0.921375 -1.273827
0 0.487887 0.898347 -0.873109 -1.294961
0 0.487941 0.899008 -0.872463 -1.292750
0 0.487950 0.899851 -0.872737 -1.292113
0 0.296974 0.885092 -0.143084 -0.771215
0 0.693329 1.005745 -0.959527 -0.787369
0 0.295015 0.906992 -0.145613 -0.763053
0 0.441648 0.784544 -0.645056 -0.981428
0 0.441738 0.783753 -0.645073 -0.982252
0 0.246427 0.403911 0.007761 -0.453847
0 0.246213 0.404631 0.007249 -0.450811
0 0.284360 0.973657 0.085127 -1.015305
0 0.294392 0.900789 -0.151098 -0.762015
0 0.692425 1.005282 -0.961727 -0.808392
0 0.442440 0.802056 -0.646839 -0.976738
0 0.442556 0.801821 -0.646388 -0.976596
0 0.442632 0.802098 -0.647024 -0.977044
0 0.471329 1.027623 -0.221968 -0.666710
0 0.488909 0.891835 -0.873394 -1.284687
0 0.470686 1.029967 -0.222528 -0.663303
0 0.136866 0.689927 0.091575 -0.885018
0 0.442296 0.780731 -0.651965 -0.991154
0 0.516804 0.919872 -0.914483 -1.287055
0 0.135889 0.690716 0.090394 -0.883637
0 0.471141 1.034429 -0.233772 -0.660627
0 0.488884 0.891227 -0.873761 -1.287232
0 0.442626 0.780255 -0.651576 -0.990797
0 0.472102 1.033227 -0.232941 -0.664618
0 0.442006 0.803570 -0.655445 -0.976227
0 0.488958 0.893602 -0.873383 -1.281499
0 0.442163 0.803737 -0.655284 -0.975970
0 0.442287 0.803933 -0.654968 -0.974692
0 0.471241 1.027430 -0.221375 -0.666443
0 0.294280 0.889601 -0.156134 -0.765669
0 0.285526 0.976139 0.119764 -0.999550
0 0.471433 1.033490 -0.234596 -0.663994
0 0.703435 0.894495 -0.885145 -1.465513
0 0.293081 0.882839 -0.150055 -0.775774
0 0.294605 0.889373 -0.155778 -0.766623
0 0.502786 0.910462 -0.873769 -1.285591
0 0.704215 0.894896 -0.884487 -1.464679
0 0.502985 0.910387 -0.873606 -1.285441
0 0.693339 1.005767 -0.970237 -0.793502
0 0.700913 0.893628 -0.929216 -1.465743
0 0.502053 0.911784 -0.874214 -1.281747
0 0.700803 0.893589 -0.929105 -1.466212
0 0.131387 1.023824 0.087562 -0.653928
0 0.489400 0.888794 -0.881959 -1.310350
0 0.131917 1.017414 0.088413 -0.661407
0 0.424187 0.430931 -0.482790 -0.527687
0 0.488776 0.895930 -0.881888 -1.281811
0 0.297452 0.901566 -0.164354 -0.770311
0 0.140115 0.686390 0.093427 -0.884548
0 0.489217 0.898938 -0.881134 -1.276835
0 0.489249 0.898406 -0.881306 -1.276619
0 0.425731 0.438751 -0.482767 -0.525941
0 0.139600 0.685552 0.091767 -0.885873
0 0.137376 0.684727 0.089785 -0.886346
0 0.426046 0.438418 -0.482466 -0.527417
0 0.442619 0.775649 -0.654351 -0.995874
0 0.442933 0.775238 -0.653720 -0.996233
0 0.295675 0.890500 -0.147982 -0.765653
0 0.138554 0.688487 0.090288 -0.885335
0 0.514903 0.919776 -0.915295 -1.293492
0 0.111009 1.022572 0.074013 -0.704944
0 0.489319 0.888619 -0.883665 -1.286843
0 0.443286 0.779059 -0.644617 -0.990251
0 0.442905 0.777044 -0.653922 -0.993679
0 0.514974 0.918663 -0.915350 -1.295825
0 0.443482 0.777702 -0.644319 -0.991581
0 0.137849 0.684423 0.090946 -0.887616
0 0.140326 0.685183 0.093535 -0.886266
0 0.136708 0.687278 0.086424 -0.887591
0 0.443687 0.778104 -0.644651 -0.991360
0 0.111260 1.021155 0.074254 -0.708421
0 0.524356 0.928737 -0.914859 -1.250090
0 0.524092 0.928049 -0.915069 -1.251431
0 0.513742 0.905804 -0.918133 -1.290581
0 0.514987 0.920484 -0.915265 -1.292283
0 0.466124 1.037594 -0.231404 -0.664039
0 0.485627 0.893959 -0.875297 -1.336710
0 0.074651 1.019945 0.051231 -0.735973
0 0.488284 0.889410 -0.874148 -1.307903
0 0.138554 0.686639 0.090022 -0.887964
0 0.700816 0.893854 -0.927259 -1.464384
0 0.700713 0.894018 -0.928274 -1.462944
0 0.690990 1.002669 -0.977151 -0.798823
0 0.291653 0.961952 0.072128 -1.051301
0 0.524133 0.929071 -0.915143 -1.251123
0 0.695138 1.016219 -0.953237 -0.705815
0 0.690705 1.003354 -0.982926 -0.814583
0 0.081158 1.016016 0.055799 -0.742912
0 0.281461 0.973867 0.056439 -1.018221
0 0.233652 0.396437 0.000198 -0.462473
0 0.291550 0.966135 0.072322 -1.044947
0 0.710753 0.893471 -0.873669 -1.465621
0 0.421130 0.425280 -0.495580 -0.534860
0 0.422370 0.425937 -0.493693 -0.533561
0 0.489525 0.897573 -0.876917 -1.332544
0 0.301542 0.978764 0.070104 -0.969387
0 0.698349 1.016780 -0.914785 -0.673568
0 0.698164 0.892473 -0.944103 -1.473120
0 0.698466 1.015309 -0.915222 -0.674102
0 0.422112 0.425307 -0.493845 -0.534802
