0 0.875606 0.482684 -1.191946 -0.352170
0 0.875581 0.480056 -1.192145 -0.357833
0 0.874332 0.482251 -1.193707 -0.353961
0 0.878254 0.483295 -1.189727 -0.356285
0 1.244590 0.807692 0.847780 -0.237206
0 0.878121 0.483137 -1.188900 -0.356721
0 0.879566 0.484992 -1.183747 -0.353030
0 0.879762 0.484805 -1.184424 -0.352778
0 0.877786 0.484204 -1.188138 -0.355715
0 1.254293 0.802279 0.738478 -0.262019
0 0.763448 0.525426 -0.223654 0.177432
0 0.763327 0.524857 -0.224169 0.177060
0 0.880390 0.485404 -1.183684 -0.352793
0 0.764650 0.520315 -0.222096 0.164104
0 0.875390 0.485068 -1.198354 -0.353579
0 0.875278 0.484957 -1.197960 -0.353756
0 1.252574 0.798430 0.858711 -0.315122
0 0.876549 0.485879 -1.197890 -0.352442
0 0.193815 0.487070 0.112102 -0.308617
0 0.878494 0.491944 -1.188283 -0.353129
0 0.193610 0.485333 0.112089 -0.311940
0 0.764609 0.548829 -0.237759 0.198190
0 0.191004 0.484410 0.108642 -0.305558
0 0.764939 0.548545 -0.236459 0.196057
0 0.878116 0.490242 -1.187582 -0.355802
0 0.134843 0.223197 0.091799 0.008426
0 0.189923 0.483359 0.106594 -0.307154
0 0.752471 0.516696 -0.163259 0.153404
0 0.749383 0.521957 -0.167312 0.166910
0 0.750736 0.521880 -0.165040 0.167101
0 0.877784 0.487911 -1.189285 -0.357454
0 1.254791 0.797750 0.745914 -0.319506
0 0.765239 0.542228 -0.236241 0.182472
0 1.220216 0.799197 0.669122 -0.268566
0 0.876059 0.480113 -1.177473 -0.356527
0 0.876109 0.482461 -1.177456 -0.351672
0 0.190316 0.479837 0.107670 -0.310090
0 0.132910 0.219327 0.088546 0.001429
0 0.892567 0.600342 -1.481700 -0.379104
0 0.190028 0.475779 0.106645 -0.315683
0 0.134600 0.220347 0.088660 0.002034
0 1.194205 0.841227 0.770875 -0.075754
0 0.187604 0.479429 0.104057 -0.310690
0 0.893970 0.600167 -1.474127 -0.379232
0 1.208552 0.804804 0.779287 -0.244823
0 0.874999 0.481054 -1.180582 -0.355376
0 0.201433 0.492225 0.115097 -0.298104
0 1.176350 0.813708 0.746191 -0.041239
0 0.739025 0.547326 -0.194736 0.183318
0 0.740084 0.546406 -0.193240 0.182358
0 0.889475 0.602116 -1.492471 -0.384599
0 0.873490 0.471756 -1.200182 -0.355172
0 0.891223 0.601429 -1.481930 -0.386639
0 0.200069 0.492730 0.115584 -0.296894
0 0.740753 0.543671 -0.192806 0.174252
0 0.873411 0.465262 -1.200644 -0.365586
0 0.874112 0.469177 -1.198316 -0.359383
