0 0.133008 1.197751 0.088533 0.437222
0 0.473439 1.181372 0.111690 0.370822
0 0.470562 1.171665 0.008234 0.257645
0 0.593824 1.171602 -0.585145 0.153554
0 0.718599 1.174506 -0.788739 0.191793
0 0.594817 1.171976 -0.584444 0.155039
0 0.717888 1.172113 -0.791937 0.185947
0 0.600748 1.169930 -0.588250 0.152037
0 0.602175 1.169346 -0.585781 0.150769
0 0.739147 1.173865 -0.671494 0.181122
0 0.738762 1.173279 -0.672821 0.177686
0 0.473017 1.171268 0.043879 0.301980
0 0.427588 0.790931 -0.422816 -0.013147
0 0.599363 1.158692 -0.561816 0.117012
0 0.428763 0.791549 -0.421719 -0.010677
0 0.719542 1.167354 -0.801559 0.154879
0 0.602152 1.155731 -0.559305 0.111260
0 0.427185 0.790787 -0.423823 -0.014502
0 0.718333 1.163200 -0.804145 0.147908
0 0.448073 1.208954 0.076193 0.537873
0 0.455830 1.173969 -0.111011 0.224378
0 0.455038 1.172074 -0.113154 0.224806
0 0.712627 1.255806 -0.834130 0.474043
0 0.432786 0.799083 -0.418580 -0.012598
0 0.784788 1.187419 -0.451259 0.188733
0 0.433250 0.799232 -0.415586 -0.013623
0 0.713221 1.248822 -0.832888 0.456565
0 0.713445 1.159907 -0.834711 0.119373
