0 0.165237 0.744201 0.112631 -0.218724
0 0.164752 0.743517 0.112788 -0.219272
0 0.164565 0.744563 0.111750 -0.216859
0 0.397226 0.989043 -0.243762 -0.894579
0 0.397295 0.977637 -0.232579 -0.924901
0 0.396426 0.978383 -0.234341 -0.923205
0 0.162616 0.748010 0.109251 -0.210939
0 0.395989 0.979095 -0.232816 -0.920839
0 0.397415 0.978385 -0.238307 -0.927356
0 0.397451 0.979324 -0.238056 -0.925550
0 0.162340 0.747244 0.109524 -0.210944
0 0.162330 0.746707 0.109146 -0.212910
0 0.166985 0.726323 0.116096 -0.238474
0 0.398652 0.980772 -0.239074 -0.921302
0 0.395895 0.987850 -0.232269 -0.896393
0 0.169947 0.752027 0.117442 -0.209240
0 0.401713 0.986512 -0.235910 -0.921010
0 0.401437 0.986695 -0.235947 -0.920027
0 0.401238 0.986795 -0.237470 -0.920157
0 0.165850 0.722578 0.114816 -0.241332
0 0.166369 0.764102 0.109310 -0.206522
0 0.166246 0.763680 0.109505 -0.207069
0 0.166417 0.763274 0.109756 -0.206844
0 0.163237 0.728544 0.107976 -0.218356
0 0.163383 0.728158 0.108612 -0.219372
0 0.163471 0.729615 0.108699 -0.214999
0 0.395907 0.986764 -0.229954 -0.920627
0 0.396632 0.986909 -0.228425 -0.920862
0 0.394725 0.987138 -0.229294 -0.920767
0 0.394787 0.992561 -0.221738 -0.903007
0 0.162532 0.727420 0.114662 -0.228709
0 0.405892 0.988952 -0.233882 -0.910126
