0 0.710171 0.538240 -0.305001 0.127626
0 0.711494 0.538185 -0.301488 0.128994
0 0.710223 0.538751 -0.304351 0.128446
0 0.706089 0.533342 -0.311710 0.120761
0 0.705180 0.530752 -0.313418 0.121142
0 0.705029 0.530093 -0.312424 0.120791
0 0.633014 0.521309 -0.412998 0.094135
0 0.759998 0.533022 -0.293650 0.114452
0 0.684373 0.548873 -0.278160 0.136329
0 0.757404 0.531204 -0.298692 0.111717
0 0.756242 0.530461 -0.303826 0.114107
0 0.687443 0.547772 -0.273827 0.135525
0 0.686657 0.548624 -0.275817 0.134944
0 0.828285 0.905604 0.060357 0.269062
0 0.777772 0.515590 -0.290511 0.114036
0 0.776345 0.515962 -0.290570 0.113061
0 0.777384 0.518673 -0.288686 0.112564
0 0.682154 0.530840 -0.376911 0.102912
0 0.613375 0.510002 -0.411442 0.080165
0 0.632252 0.514062 -0.421803 0.091091
