0 0.404773 0.693653 -0.560154 -1.053044
0 0.404349 0.693621 -0.561238 -1.052992
0 0.404435 0.693562 -0.560837 -1.053054
0 0.231183 0.707278 -0.280281 -1.088559
0 0.231818 0.707206 -0.279544 -1.088802
0 0.230586 0.708937 -0.281357 -1.086364
0 0.231210 0.707502 -0.280161 -1.088151
0 0.231190 0.708602 -0.280776 -1.086851
0 0.405414 0.695121 -0.562039 -1.050772
0 0.230774 0.708823 -0.281184 -1.087186
0 0.230811 0.710321 -0.278478 -1.082282
0 0.404804 0.696649 -0.560670 -1.046612
0 0.404147 0.694296 -0.561305 -1.050927
0 0.230831 0.708577 -0.278377 -1.085352
0 0.403655 0.696191 -0.562872 -1.048908
0 0.404756 0.696711 -0.560568 -1.045920
0 0.404836 0.695839 -0.563258 -1.048472
0 0.231391 0.705856 -0.280920 -1.090197
0 0.231576 0.711146 -0.276938 -1.080685
0 0.231820 0.705846 -0.279322 -1.089638
0 0.522079 0.700206 -0.829929 -1.087885
0 0.522158 0.700585 -0.829852 -1.087447
0 0.521950 0.700413 -0.830068 -1.087088
0 0.522186 0.702921 -0.827550 -1.084429
0 0.523090 0.704117 -0.827648 -1.079899
0 0.522185 0.703086 -0.829379 -1.082533
0 0.522111 0.702970 -0.828727 -1.087223
0 0.522770 0.703161 -0.827996 -1.082526
0 0.404918 0.695273 -0.559522 -1.050602
0 0.404844 0.694822 -0.559324 -1.051997
0 0.405301 0.695745 -0.558268 -1.049759
0 0.522298 0.703416 -0.829288 -1.082117
0 0.522321 0.703180 -0.827312 -1.084177
0 0.231451 0.708768 -0.281000 -1.088326
0 0.231520 0.709077 -0.277670 -1.085903
0 0.231553 0.708607 -0.280010 -1.088498
0 0.404497 0.693955 -0.557864 -1.052038
0 0.405101 0.694066 -0.556956 -1.051844
0 0.404586 0.694326 -0.557746 -1.050447
0 0.406526 0.696627 -0.564499 -1.054354
0 0.406152 0.695468 -0.559165 -1.052586
0 0.523508 0.704243 -0.826434 -1.077824
0 0.523771 0.701871 -0.827082 -1.077556
0 0.522965 0.702474 -0.828805 -1.083308
0 0.524514 0.702512 -0.825950 -1.083107
0 0.406324 0.692869 -0.568376 -1.059862
0 0.231089 0.709027 -0.281789 -1.089231
0 0.523086 0.702376 -0.828609 -1.083232
0 0.522322 0.704678 -0.828043 -1.085323
0 0.229574 0.707408 -0.279924 -1.089683
0 0.230692 0.708380 -0.277328 -1.085317
0 0.403914 0.693636 -0.561069 -1.055897
0 0.521037 0.699313 -0.829041 -1.091098
0 0.229873 0.708180 -0.278767 -1.085664
0 0.402965 0.696905 -0.572168 -1.053798
0 0.228741 0.707217 -0.281397 -1.089901
0 0.521552 0.699662 -0.827804 -1.090395
0 0.231877 0.707383 -0.280652 -1.091258
0 0.232885 0.707965 -0.278696 -1.091041
0 0.231850 0.708380 -0.280837 -1.090784
0 0.401090 0.695383 -0.566029 -1.052801
0 0.523275 0.703167 -0.828185 -1.072581
0 0.403157 0.693090 -0.574873 -1.059988
0 0.231836 0.709525 -0.279252 -1.087218
0 0.400105 0.693943 -0.566119 -1.055617
0 0.232976 0.706302 -0.277078 -1.078521
