0 0.521401 1.095300 0.102587 0.061671
0 0.037508 0.493338 0.025906 -0.436694
0 0.037579 0.493640 0.026305 -0.436186
0 0.037754 0.493176 0.026585 -0.436819
0 0.035445 0.494703 0.024046 -0.432686
0 0.513255 0.453453 -0.911173 -0.362083
0 0.095567 0.466205 -0.086622 -0.532697
0 0.513500 0.455232 -0.911976 -0.358813
0 0.513520 0.456049 -0.912084 -0.357860
0 0.513106 0.455649 -0.912760 -0.357977
0 0.039010 0.494311 0.026388 -0.438729
0 0.038846 0.494491 0.026080 -0.438165
0 0.095691 0.465919 -0.086524 -0.533560
0 0.038797 0.494600 0.026061 -0.438000
0 0.514163 0.453244 -0.911070 -0.360991
0 0.508753 0.522420 -0.607485 -0.215187
0 0.503429 0.517785 -0.634646 -0.226840
0 0.502881 0.518938 -0.632583 -0.226954
0 0.508370 0.521650 -0.607567 -0.213376
0 0.514241 0.452416 -0.911112 -0.363194
0 0.513772 0.452527 -0.911748 -0.362580
0 0.036383 0.491617 0.026149 -0.442529
0 0.513145 0.457221 -0.911708 -0.359918
0 0.513144 0.457001 -0.911453 -0.360322
0 0.094708 0.476927 -0.087291 -0.518877
0 0.035967 0.490801 0.025038 -0.444200
0 0.094784 0.474109 -0.087307 -0.525374
0 0.094769 0.475451 -0.086880 -0.522372
0 0.073369 0.479263 -0.036145 -0.507924
0 0.036652 0.490743 0.026387 -0.443874
0 0.513220 0.457219 -0.911729 -0.359953
0 0.073316 0.477441 -0.036048 -0.513131
0 0.073637 0.478441 -0.035548 -0.510900
0 0.347724 0.799443 -0.315693 0.059532
0 0.348393 0.797062 -0.316031 0.053031
0 0.346653 0.795493 -0.332388 0.089181
0 0.346361 0.797435 -0.331614 0.094326
0 0.344438 0.784064 -0.327789 0.068506
0 0.511384 0.522269 -0.603212 -0.213251
0 0.345231 0.784359 -0.327391 0.069530
0 0.510926 0.519394 -0.604565 -0.218741
0 0.510544 0.521330 -0.604710 -0.215630
0 0.095082 0.468333 -0.086969 -0.527450
0 0.095143 0.467219 -0.086295 -0.529506
0 0.095174 0.466513 -0.086915 -0.530717
0 0.073462 0.477042 -0.036708 -0.514130
0 0.511624 0.523686 -0.594888 -0.214372
0 0.359665 0.791363 -0.307804 0.050337
0 0.073198 0.478071 -0.037077 -0.512282
0 0.515765 0.465277 -0.905952 -0.342611
0 0.072754 0.473624 -0.037500 -0.509122
0 0.358472 0.794657 -0.308069 0.054792
0 0.072859 0.473789 -0.037253 -0.508719
0 0.072691 0.474214 -0.037482 -0.507619
0 0.513377 0.513276 -0.596409 -0.207605
0 0.513867 0.517009 -0.595563 -0.200023
0 0.036916 0.496357 0.025759 -0.442195
0 0.508901 0.525374 -0.604379 -0.223391
0 0.514626 0.454694 -0.913620 -0.363691
0 0.508860 0.523737 -0.604524 -0.226556
0 0.076414 0.476889 -0.038462 -0.513301
0 0.034395 0.486042 0.022221 -0.442951
0 0.434584 0.410507 -0.746265 -0.175951
0 0.076492 0.475878 -0.037920 -0.515122
0 0.434631 0.408850 -0.746344 -0.177067
0 0.434122 0.406047 -0.746683 -0.182939
0 0.512106 0.446735 -0.913493 -0.369556
0 0.513443 0.514495 -0.596219 -0.204423
0 0.516643 0.450053 -0.905780 -0.362252
0 0.436930 0.408355 -0.736779 -0.170180
0 0.435376 0.413225 -0.741823 -0.178122
0 0.513926 0.452056 -0.908326 -0.352726
0 0.435015 0.411182 -0.742832 -0.181672
0 0.435249 0.408118 -0.741776 -0.185598
0 0.442846 0.411701 -0.725549 -0.168963
0 0.485168 0.517436 -0.643375 -0.122715
0 0.095430 0.474956 -0.086953 -0.532048
0 0.095390 0.475427 -0.086718 -0.531452
0 0.497130 0.526373 -0.620002 -0.121790
0 0.524334 1.063174 0.108657 -0.018909
0 0.491101 0.508804 -0.710576 -0.270730
0 0.362392 0.798517 -0.292322 0.056772
0 0.098880 0.477230 -0.037112 -0.519570
0 0.098470 0.475068 -0.037998 -0.523439
0 0.096679 0.475854 -0.040053 -0.522085
0 0.490911 0.508854 -0.712457 -0.272274
0 0.510489 0.522480 -0.596725 -0.229165
0 0.490631 0.508060 -0.714609 -0.271472
0 0.342175 0.774589 -0.326906 0.043241
0 0.040113 0.493849 0.026977 -0.435683
0 0.096445 0.468159 -0.084238 -0.524410
