0 0.750979 0.881508 -0.623650 -0.622474
0 0.751255 0.875187 -0.623098 -0.629084
0 0.752345 0.881390 -0.621224 -0.623277
0 0.752992 0.875000 -0.619828 -0.629135
0 0.751027 0.881255 -0.624427 -0.623395
0 0.752643 0.876386 -0.620842 -0.625840
0 0.423800 1.071703 -0.398015 -0.419250
0 0.423425 1.074014 -0.398366 -0.413320
0 0.802519 0.994829 0.075804 0.359501
0 0.425975 1.071446 -0.390632 -0.423061
0 0.425678 1.071679 -0.391517 -0.428177
0 0.424887 1.071821 -0.395756 -0.417269
0 0.426739 1.070933 -0.389308 -0.422978
0 0.752209 0.874557 -0.629529 -0.650807
0 0.751434 0.881180 -0.631775 -0.632313
0 0.426736 1.067096 -0.384777 -0.441518
0 0.427550 1.070109 -0.399729 -0.422825
0 0.427865 1.072248 -0.398886 -0.418881
0 0.426556 1.061890 -0.382239 -0.432652
0 0.428845 1.071385 -0.395733 -0.419882
0 0.751630 0.875177 -0.622120 -0.656379
0 0.754454 0.880057 -0.618434 -0.612382
0 0.753782 0.879450 -0.619571 -0.612688
0 0.755885 0.880558 -0.615889 -0.612338
0 0.756497 0.891295 -0.614213 -0.618627
0 0.754221 0.889908 -0.618844 -0.622802
0 0.753662 0.889060 -0.620549 -0.625417
0 0.429280 1.069146 -0.394823 -0.409067
0 0.429628 1.069014 -0.391859 -0.406351
0 0.429518 1.074894 -0.394766 -0.405087
0 0.752276 0.870538 -0.623169 -0.643584
