0 0.521383 0.415751 -0.498334 -0.441799
0 0.521202 0.417353 -0.497815 -0.445071
0 0.521562 0.416831 -0.498100 -0.440303
0 0.512546 0.413072 -0.498299 -0.446514
0 0.517196 0.417259 -0.500061 -0.440295
0 0.517081 0.416386 -0.501860 -0.441084
0 0.520969 0.417564 -0.498003 -0.444654
0 0.512040 0.413472 -0.499256 -0.447364
0 0.519231 0.417252 -0.501000 -0.445650
0 0.521744 0.413873 -0.496554 -0.442219
0 0.512350 0.412491 -0.500010 -0.449063
0 0.521684 0.413921 -0.497422 -0.443043
0 0.524702 0.418332 -0.496335 -0.440031
0 0.522597 0.416787 -0.493981 -0.441418
0 0.521035 0.419328 -0.498681 -0.441994
0 0.519181 0.413482 -0.501211 -0.443264
0 0.524901 0.418963 -0.496201 -0.438971
0 0.521945 0.418712 -0.498403 -0.442256
0 0.517899 0.415598 -0.495257 -0.449777
0 0.517650 0.416134 -0.495626 -0.450016
0 0.518760 0.417169 -0.502025 -0.441324
