0 0.688058 0.332148 -0.992030 -0.089515
0 0.688920 0.332350 -0.990593 -0.091164
0 0.693257 0.330436 -0.981014 -0.090088
0 0.692659 0.331901 -0.982197 -0.087717
0 0.393460 0.343187 -0.412025 -0.028630
0 0.394038 0.342493 -0.411286 -0.037179
0 0.393570 0.342865 -0.411845 -0.029229
0 0.394064 0.342203 -0.410902 -0.038910
0 0.692928 0.330258 -0.981741 -0.090794
0 0.690000 0.331833 -0.984049 -0.088395
0 0.690079 0.330498 -0.983719 -0.090803
0 0.689978 0.330563 -0.984101 -0.090425
0 0.389611 0.347980 -0.412368 -0.020003
0 0.389737 0.348133 -0.411778 -0.021040
0 0.389887 0.347071 -0.411746 -0.021162
0 0.688136 0.332600 -0.992851 -0.087857
0 0.390410 0.342006 -0.410381 -0.042422
0 0.390143 0.341289 -0.411544 -0.044400
0 0.394817 0.346368 -0.408946 -0.003100
0 0.394522 0.345954 -0.409904 -0.002404
0 0.394888 0.348010 -0.408866 0.000318
0 0.693343 0.339165 -0.979047 -0.081340
0 0.693938 0.339565 -0.978310 -0.080409
0 0.693711 0.337915 -0.978437 -0.084017
0 0.688274 0.335782 -0.988889 -0.078366
0 0.941749 1.143481 0.532690 0.345548
0 0.689242 0.336855 -0.986199 -0.076831
0 0.405474 0.341936 -0.395847 -0.043015
0 0.404304 0.342313 -0.398747 -0.041990
0 0.401756 0.343909 -0.405021 -0.034705
0 0.694823 0.387344 -0.737351 -0.017014
0 0.400651 0.343963 -0.405603 -0.028042
0 0.403935 0.342782 -0.399705 -0.041930
0 0.695068 0.387154 -0.738664 -0.016784
0 0.689998 0.335135 -0.985536 -0.085687
0 0.690212 0.337166 -0.985070 -0.083037
0 0.694209 0.388022 -0.739515 -0.013752
0 0.690406 0.335434 -0.984738 -0.085668
0 0.688156 0.335685 -0.987450 -0.078696
0 0.684631 0.359212 -0.981392 -0.062815
0 0.682669 0.359520 -0.988765 -0.063716
0 0.690872 0.384247 -0.734822 -0.025135
0 0.691000 0.385573 -0.733623 -0.022726
0 0.691339 0.387709 -0.733110 -0.020424
0 0.403590 0.341919 -0.402147 -0.001464
0 0.404710 0.334882 -0.399657 -0.011386
0 0.387105 0.346104 -0.412115 -0.056914
