0 0.587402 1.092123 -0.001723 -0.725887
0 0.587823 1.092730 -0.000382 -0.724060
0 0.587850 1.092160 -0.001745 -0.727607
0 0.590599 1.093629 0.000319 -0.722147
0 0.590290 1.095327 0.000094 -0.717664
0 0.590114 1.092683 -0.000598 -0.725762
0 0.588431 1.098401 0.000108 -0.737115
0 0.588583 1.095978 -0.000341 -0.742618
0 0.589189 1.096205 -0.002099 -0.742361
0 0.664670 1.140681 -1.088909 -0.786010
0 0.665030 1.140509 -1.088686 -0.785704
0 0.081126 1.137752 0.054803 -0.725611
0 0.665109 1.143156 -1.087615 -0.802527
0 0.665615 1.141107 -1.087108 -0.805629
0 0.081155 1.134799 0.054924 -0.730625
0 0.080203 1.137512 0.050379 -0.731009
0 0.080757 1.134956 0.051207 -0.734011
0 0.078472 1.134857 0.053538 -0.743366
0 0.661674 1.127690 -1.094864 -0.827894
0 0.660307 1.121823 -1.099508 -0.812099
0 0.079832 1.112687 0.053130 -0.731232
0 0.079710 1.150721 0.053986 -0.720643
0 0.667343 1.131629 -1.090229 -0.784216
0 0.669505 1.134046 -1.087282 -0.791651
0 0.669960 1.133830 -1.086120 -0.791563
0 0.080388 1.150210 0.054146 -0.723955
0 0.669204 1.144007 -1.087755 -0.805266
0 0.670531 1.143120 -1.082072 -0.802115
0 0.671167 1.144521 -1.081436 -0.798727
0 0.660728 1.106122 -1.098983 -0.833849
0 0.662077 1.120177 -1.094318 -0.846621
0 0.082043 1.139720 0.053743 -0.747173
0 0.659647 1.085178 -1.096276 -0.810374
