0 0.646124 0.662465 -0.849714 -0.874017
0 0.647475 0.662296 -0.852034 -0.872513
0 0.645579 0.661704 -0.851639 -0.875125
0 0.647661 0.662594 -0.852528 -0.871290
0 0.645473 0.662921 -0.852360 -0.872893
0 0.646214 0.662191 -0.849992 -0.873527
0 0.646783 0.662054 -0.849609 -0.874799
0 0.645561 0.665238 -0.852842 -0.868319
0 0.645825 0.665662 -0.853699 -0.868246
0 0.161739 0.605819 -0.110816 -0.872253
0 0.161707 0.605435 -0.110166 -0.872974
0 0.161735 0.605800 -0.110000 -0.871827
0 0.161712 0.605073 -0.108857 -0.873365
0 0.161442 0.605031 -0.108625 -0.873672
0 0.161633 0.604570 -0.108952 -0.874263
0 0.163044 0.606259 -0.106060 -0.872084
0 0.648198 0.663265 -0.853832 -0.871591
0 0.649517 0.663700 -0.849521 -0.870473
0 0.648398 0.663171 -0.853756 -0.871454
0 0.166264 0.604806 -0.103754 -0.879045
0 0.640535 0.662474 -0.851841 -0.873186
0 0.653667 0.663214 -0.853966 -0.873931
0 0.654513 0.663689 -0.852855 -0.872424
0 0.641053 0.663206 -0.851201 -0.871133
0 0.160410 0.604122 -0.107007 -0.869538
0 0.162144 0.608355 -0.116483 -0.864123
0 0.162271 0.607540 -0.105867 -0.865615
0 0.640553 0.661593 -0.852281 -0.874365
0 0.160685 0.607297 -0.110101 -0.866192
0 0.653992 0.662147 -0.853923 -0.875688
0 0.160061 0.608078 -0.118620 -0.864155
0 0.167300 0.606730 -0.097138 -0.870837
0 0.159460 0.604935 -0.120216 -0.871225
0 0.160468 0.604642 -0.109299 -0.872344
0 0.161188 0.605073 -0.118351 -0.870954
0 0.161277 0.604565 -0.106735 -0.871909
0 0.170582 0.604011 -0.084085 -0.878766
0 0.163542 0.604904 -0.099591 -0.866490
