0 0.151104 0.438905 -0.126132 -0.460768
0 0.845980 1.271735 -0.054214 0.863735
0 0.150478 0.440327 -0.129969 -0.453464
0 0.150382 0.440826 -0.129850 -0.451126
0 0.150542 0.440130 -0.129229 -0.453373
0 0.043603 0.525574 -0.013924 -0.805045
0 0.842340 1.270601 -0.064062 0.857108
0 0.043836 0.525544 -0.013740 -0.805298
0 0.149056 0.437126 -0.134089 -0.458292
0 0.149099 0.437583 -0.134111 -0.456972
0 0.221396 0.533041 -0.294525 -0.729782
0 0.148384 0.437239 -0.135403 -0.457772
0 0.220546 0.530880 -0.295779 -0.736071
0 0.220617 0.532076 -0.295602 -0.733309
0 0.220631 0.531404 -0.294925 -0.735043
0 0.152460 0.439703 -0.130770 -0.458516
0 0.220077 0.531903 -0.296613 -0.728017
0 0.221460 0.532941 -0.290647 -0.727687
0 0.219929 0.531998 -0.296029 -0.727408
0 0.220183 0.533114 -0.296293 -0.725621
0 0.153330 0.439469 -0.120942 -0.460474
0 0.148619 0.438606 -0.136496 -0.456825
0 0.042873 0.526874 -0.017216 -0.805619
0 0.151050 0.436847 -0.127364 -0.468281
0 0.150831 0.435730 -0.127473 -0.469658
0 0.043022 0.526812 -0.016669 -0.806039
0 0.043440 0.524425 -0.014461 -0.806030
0 0.148652 0.438972 -0.135970 -0.456623
0 0.151051 0.436577 -0.126974 -0.468452
0 0.044617 0.524332 -0.013688 -0.805068
0 0.045290 0.525878 -0.012592 -0.802200
0 0.153752 0.435971 -0.119221 -0.467869
0 0.846493 1.272477 -0.075211 0.783079
0 0.043959 0.525429 -0.015592 -0.808564
0 0.219272 0.529169 -0.298437 -0.732593
0 0.842483 1.259878 -0.085431 0.752201
0 0.219174 0.529540 -0.298539 -0.731850
0 0.045449 0.524475 -0.012569 -0.805474
0 0.821647 1.285376 -0.178814 0.803686
0 0.819748 1.265070 -0.181673 0.758232
0 0.155905 0.440094 -0.119842 -0.457618
0 0.042883 0.526400 -0.015958 -0.806561
0 0.043272 0.527653 -0.015581 -0.805838
0 0.149528 0.438215 -0.133965 -0.448286
0 0.044658 0.525726 -0.014184 -0.807703
0 0.156057 0.435840 -0.110955 -0.461033
0 0.044851 0.525500 -0.014015 -0.808551
0 0.219052 0.530244 -0.297671 -0.726830
0 0.857212 1.279514 0.070526 0.875738
0 0.223253 0.527389 -0.289312 -0.748747
0 0.042873 0.525710 -0.017697 -0.807441
0 0.043396 0.527268 -0.015254 -0.805637
0 0.149513 0.437925 -0.133298 -0.449575
0 0.826598 1.272229 -0.137627 0.867315
0 0.823802 1.262186 -0.143455 0.844716
0 0.218367 0.530674 -0.298373 -0.725888
0 0.222024 0.543971 -0.286675 -0.690483
0 0.219573 0.528992 -0.297461 -0.735264
0 0.219488 0.528919 -0.297704 -0.735055
