0 0.549572 1.115825 -0.726667 -0.105886
0 0.447627 1.010245 -0.674910 -0.666370
0 0.448050 1.015238 -0.673622 -0.660332
0 0.210596 0.517123 -0.112956 -0.444671
0 0.551023 1.110118 -0.721960 -0.102185
0 0.211229 0.519624 -0.112657 -0.435992
0 0.210938 0.489898 -0.114221 -0.465585
0 0.210552 0.485730 -0.114409 -0.479267
0 0.456228 1.031037 -0.666970 -0.652625
0 0.211025 0.478062 -0.121752 -0.484138
0 0.376100 0.982477 -0.538812 -0.513431
0 0.456448 1.034725 -0.666087 -0.648190
0 0.211881 0.478474 -0.120451 -0.482874
0 0.210982 0.480353 -0.121933 -0.480346
0 0.377311 0.982395 -0.534871 -0.515736
0 0.218622 0.561825 -0.101009 -0.410616
0 0.218124 0.564503 -0.100750 -0.408789
0 0.445667 1.010413 -0.682265 -0.660709
0 0.375899 0.978601 -0.536371 -0.524767
0 0.958754 1.162014 0.341094 0.570480
0 0.443518 0.898971 -0.679546 -0.731614
0 0.443990 0.902328 -0.678241 -0.726983
0 0.212695 0.494283 -0.113237 -0.472996
0 0.213241 0.497373 -0.112667 -0.466956
0 0.445556 1.016018 -0.681293 -0.649879
0 0.212962 0.497770 -0.113294 -0.467312
0 0.768945 1.175768 -0.524257 0.392870
0 0.559482 1.127426 -0.716016 -0.089724
0 0.768582 1.182271 -0.524912 0.403430
0 0.376638 0.981360 -0.534516 -0.522042
0 0.551581 1.027608 -0.725874 -0.230655
0 0.210776 0.466138 -0.126208 -0.503549
0 0.556219 1.113392 -0.712759 -0.097744
0 0.549298 1.069326 -0.727264 -0.119574
0 0.752185 1.188651 -0.558711 0.379541
0 0.553807 1.113177 -0.723174 -0.127033
0 0.550216 1.069826 -0.726002 -0.190688
0 0.205496 0.466917 -0.127879 -0.502593
0 0.440658 0.867738 -0.681166 -0.760780
0 0.209583 0.472077 -0.123594 -0.470004
0 0.753215 1.151799 -0.556409 0.307274
0 0.550026 0.993312 -0.728782 -0.229321
0 0.738956 1.218271 0.510651 0.608686
0 0.440908 0.860091 -0.679574 -0.780311
0 0.448698 1.005730 -0.675547 -0.679145
0 0.208312 0.470834 -0.124633 -0.469971
