0 0.832862 0.438634 -1.128464 -0.692096
0 0.835381 0.437852 -1.124348 -0.688957
0 0.834166 0.438174 -1.130036 -0.692723
0 0.833931 0.438196 -1.130252 -0.692916
0 0.833986 0.438217 -1.130232 -0.692309
0 0.832541 0.437414 -1.130529 -0.693942
0 0.831924 0.437342 -1.131352 -0.694136
0 0.832046 0.437341 -1.131026 -0.693963
0 0.838516 0.439360 -1.124076 -0.690908
0 0.832194 0.437603 -1.131427 -0.693380
0 0.827600 0.436941 -1.135155 -0.694439
0 0.828992 0.436283 -1.130148 -0.694134
0 0.829262 0.437313 -1.128390 -0.693824
0 0.070815 0.439264 0.048542 -0.663190
0 0.070717 0.439357 0.048940 -0.662411
0 0.070982 0.439273 0.047137 -0.661464
0 0.068722 0.439074 0.046375 -0.662300
0 0.069100 0.438968 0.046104 -0.662129
0 0.072361 0.440415 0.048239 -0.657929
0 0.071555 0.437793 0.049842 -0.658674
0 0.068934 0.439128 0.045689 -0.662480
0 0.071201 0.439569 0.046660 -0.661020
0 0.071078 0.439584 0.046699 -0.661241
0 0.074290 0.439425 0.050259 -0.655056
0 0.072659 0.439586 0.049899 -0.659655
0 0.071610 0.437956 0.050707 -0.657777
0 0.073201 0.438731 0.049030 -0.660064
0 0.074444 0.439266 0.050185 -0.656137
0 0.076377 0.438827 0.049967 -0.661079
0 0.074060 0.439026 0.049504 -0.655538
0 0.073074 0.435518 0.050057 -0.658678
0 0.073458 0.434230 0.051614 -0.661439
0 0.070698 0.438124 0.047894 -0.658360
0 0.071290 0.438344 0.048701 -0.658173
0 0.071314 0.438662 0.048781 -0.658033
0 0.214150 0.428731 -0.141357 -0.689509
0 0.211658 0.426688 -0.147600 -0.693353
0 0.832637 0.437953 -1.138828 -0.688306
0 0.832901 0.437869 -1.138019 -0.688290
0 0.832714 0.439378 -1.137521 -0.684994
0 0.212313 0.426689 -0.146250 -0.692846
0 0.831871 0.438243 -1.140309 -0.696919
