0 0.607212 0.827139 -1.113308 -1.262958
0 0.607300 0.827099 -1.113007 -1.264122
0 0.606985 0.827214 -1.113360 -1.263570
0 0.605816 0.822982 -1.114879 -1.268207
0 0.605906 0.822652 -1.114442 -1.268960
0 0.607295 0.822529 -1.114317 -1.266066
0 0.607292 0.822015 -1.114327 -1.266816
0 0.607079 0.822021 -1.114033 -1.266899
0 0.607313 0.830913 -1.112717 -1.267039
0 0.607305 0.832530 -1.112950 -1.263871
0 0.651707 0.924922 -1.209990 -1.260206
0 0.651842 0.923551 -1.209921 -1.262796
0 0.607724 0.831429 -1.112337 -1.265816
0 0.651848 0.921334 -1.210014 -1.265678
0 0.605993 0.808440 -1.116167 -1.277706
0 0.653866 0.925997 -1.209836 -1.260524
0 0.606145 0.807716 -1.115544 -1.278271
0 0.607969 0.823909 -1.112167 -1.269759
0 0.653908 0.924400 -1.209512 -1.262755
0 0.607756 0.823324 -1.112487 -1.270733
0 0.654673 0.926224 -1.208455 -1.260023
0 0.651971 0.906093 -1.211844 -1.274947
0 0.651664 0.906237 -1.212264 -1.274369
0 0.651384 0.892074 -1.210894 -1.279864
0 0.651736 0.908903 -1.212440 -1.270505
0 0.608300 0.809092 -1.114659 -1.277259
