0 0.405517 1.378907 0.257698 0.758006
0 0.528006 1.364719 -0.402748 0.551234
0 0.529187 1.376369 -0.401415 0.565725
0 0.740069 1.345167 -0.529162 0.583549
0 0.742630 1.358544 -0.525038 0.606182
0 0.491017 1.294232 -0.412734 0.482036
0 0.766192 1.362475 -0.498802 0.549204
0 0.521169 1.307982 -0.407670 0.502230
0 0.521609 1.313407 -0.405612 0.515039
0 0.766845 1.371044 -0.497251 0.563240
0 0.495130 1.303393 -0.408186 0.498403
0 0.664901 1.330199 -0.566153 0.561907
0 0.672800 1.345178 -0.556153 0.583816
0 0.759867 1.358835 -0.558286 0.509604
0 0.760540 1.366209 -0.557543 0.517475
