0 0.411085 0.653417 -0.421468 -0.281558
0 0.411171 0.653605 -0.421821 -0.280405
0 0.955216 1.164180 0.539100 0.003327
0 0.416788 0.654457 -0.409169 -0.279723
0 0.894282 1.103667 0.374854 -0.251584
0 0.894807 1.107734 0.383323 -0.240580
0 0.414630 0.658542 -0.425640 -0.278413
0 0.414619 0.656961 -0.426425 -0.281754
0 0.407915 0.642736 -0.428077 -0.291169
0 0.409024 0.642845 -0.427096 -0.292039
0 0.939875 1.107598 0.497106 -0.249644
0 0.961112 1.178840 0.564715 0.169837
0 0.414731 0.653867 -0.419796 -0.272680
0 0.419793 0.658169 -0.415902 -0.278637
0 0.411545 0.648294 -0.424102 -0.279911
0 0.904370 1.155665 0.400837 -0.036516
0 0.902337 1.157012 0.406494 -0.030225
