0 0.438560 1.006707 0.101154 -0.288484
0 0.439040 1.003879 0.102123 -0.297160
0 0.439234 1.006297 0.102650 -0.288720
0 0.437945 1.014454 0.110225 -0.276969
0 0.438738 1.013660 0.109997 -0.276370
0 0.438000 1.010879 0.109956 -0.286121
0 0.627392 1.053360 -0.504656 -0.056066
0 0.626027 1.053406 -0.505906 -0.054119
0 0.658393 1.061251 -0.477437 -0.051071
0 0.657927 1.061359 -0.479837 -0.049667
0 0.790388 1.089616 -0.389030 -0.019847
0 0.791293 1.092922 -0.386899 -0.013132
0 0.784609 1.089387 -0.381091 -0.011912
0 0.785291 1.090593 -0.376540 -0.005249
0 0.632887 1.051835 -0.501751 -0.070726
0 0.624789 1.044413 -0.510269 -0.087609
0 0.626167 1.039802 -0.506491 -0.097945
0 0.649368 1.059855 -0.490794 -0.052960
0 0.431118 1.024011 0.044742 -0.234114
