0 0.430086 0.661707 -0.441088 -0.670275
0 0.430608 0.662173 -0.440312 -0.668508
0 0.433566 0.659042 -0.437078 -0.680515
0 0.433423 0.658976 -0.437639 -0.680319
0 0.433344 0.657370 -0.436637 -0.683414
0 0.430161 0.662484 -0.439816 -0.664162
0 0.433681 0.664517 -0.435169 -0.667590
0 0.433586 0.666601 -0.435628 -0.663007
0 0.430471 0.668766 -0.437298 -0.663880
0 0.431460 0.668363 -0.436532 -0.664769
0 0.433093 0.664546 -0.434695 -0.668518
0 0.420189 0.659770 -0.447238 -0.678758
0 0.420777 0.660710 -0.447030 -0.677119
0 0.420864 0.660862 -0.447215 -0.677686
0 0.434554 0.669155 -0.434314 -0.659447
0 0.771755 1.347707 -0.520702 0.767869
0 0.772579 1.361053 -0.515530 0.794781
0 0.774909 1.410391 -0.510443 0.722472
0 0.775931 1.431052 -0.504934 0.762408
0 0.769554 1.387557 -0.496220 0.697628
0 0.760929 1.313553 -0.530382 0.709651
0 0.771700 1.409299 -0.490406 0.739925
0 0.433880 0.654714 -0.438529 -0.677491
0 0.763077 1.315351 -0.524440 0.714421
0 0.434236 0.657136 -0.437904 -0.671879
0 0.434840 0.653499 -0.435841 -0.677813
0 0.790433 1.420578 -0.402888 0.618754
0 0.788610 1.423186 -0.405636 0.623624
