0 0.375665 0.747462 -0.384192 -0.640282
0 0.376736 0.749729 -0.383859 -0.636925
0 0.411493 1.056978 -0.340948 -1.335025
0 0.412124 1.057703 -0.340716 -1.333719
0 0.391837 0.753860 -0.378010 -0.634850
0 0.391884 0.752262 -0.378459 -0.638162
0 0.403346 1.054436 -0.335878 -1.340640
0 0.412641 1.056969 -0.337427 -1.331705
0 0.403692 1.054847 -0.335139 -1.340198
0 0.403323 1.056576 -0.351681 -1.341498
0 0.404282 1.054416 -0.335144 -1.339521
0 0.403086 1.057928 -0.352783 -1.338950
0 0.379918 0.542748 -0.544362 -0.688403
0 0.367393 0.736223 -0.391535 -0.668164
0 0.367956 0.734218 -0.390392 -0.669583
0 0.406722 1.053638 -0.343561 -1.349145
0 0.401430 1.061759 -0.339981 -1.327087
0 0.366833 0.735829 -0.391178 -0.666438
0 0.401812 1.057809 -0.337897 -1.335384
0 0.401673 1.061734 -0.339832 -1.328160
0 0.409090 1.056131 -0.346661 -1.342922
0 0.380342 0.547334 -0.542961 -0.682816
0 0.407132 1.053572 -0.343235 -1.347192
0 0.409750 1.057126 -0.345613 -1.341595
0 0.401738 1.058286 -0.338198 -1.337916
0 0.378680 0.541144 -0.548108 -0.688110
0 0.399297 0.753849 -0.369442 -0.632168
0 0.378973 0.532916 -0.549491 -0.697818
0 0.379112 0.533218 -0.549145 -0.697732
0 0.379086 0.532235 -0.549233 -0.698858
0 0.378397 0.535128 -0.548237 -0.705025
0 0.378268 0.533319 -0.548605 -0.704646
0 0.401448 1.057504 -0.337903 -1.335670
0 0.401605 1.057529 -0.338096 -1.336170
0 0.411061 1.056811 -0.343207 -1.340241
0 0.402278 1.057271 -0.337528 -1.334513
0 0.397727 0.740493 -0.370654 -0.664196
0 0.379669 0.542774 -0.546022 -0.686153
0 0.397902 0.738413 -0.370135 -0.665487
0 0.397582 1.056615 -0.360490 -1.340939
0 0.379464 0.535041 -0.546026 -0.704044
0 0.377602 0.533584 -0.549786 -0.704227
0 0.366340 0.745468 -0.391001 -0.620528
0 0.407459 0.749208 -0.365147 -0.614142
0 0.365383 0.744951 -0.391223 -0.622161
0 0.357346 0.733717 -0.400834 -0.626003
0 0.407441 0.748002 -0.365794 -0.613813
0 0.357469 0.732807 -0.400387 -0.625918
0 0.356679 0.732315 -0.400805 -0.626177
0 0.397759 0.739433 -0.367285 -0.664065
0 0.375805 0.533763 -0.555394 -0.695046
0 0.397742 1.060713 -0.344603 -1.328915
0 0.375893 0.533482 -0.554896 -0.695066
0 0.399648 0.739300 -0.371140 -0.620537
0 0.399858 0.740043 -0.371409 -0.618807
0 0.398839 0.749255 -0.365525 -0.636447
0 0.410295 0.752511 -0.359486 -0.607458
0 0.376357 0.536621 -0.549738 -0.696977
0 0.399375 1.054206 -0.353509 -1.346714
0 0.376357 0.537649 -0.549599 -0.694842
0 0.375468 0.533682 -0.556188 -0.694753
0 0.376521 0.536812 -0.549706 -0.696675
0 0.380330 0.543376 -0.546810 -0.698146
0 0.379693 0.533806 -0.551409 -0.699799
0 0.398209 1.057373 -0.342314 -1.337901
