0 0.571449 0.859620 -0.103421 0.159000
0 0.573161 0.851819 -0.100447 0.142298
0 0.572930 0.859570 -0.103463 0.157182
0 0.565663 0.857660 -0.109262 0.143215
0 0.564579 0.856073 -0.109054 0.140198
0 0.565978 0.855330 -0.106184 0.131883
0 0.571299 0.874569 -0.106643 0.182359
0 0.571856 0.875541 -0.105208 0.186886
0 0.698479 1.324386 -0.931517 0.482344
0 0.697356 1.243747 -0.938589 0.417150
0 0.574313 0.869543 -0.100149 0.175913
0 0.698889 1.336789 -0.935637 0.498660
0 0.700978 1.342452 -0.910913 0.502171
0 0.701001 1.354328 -0.913453 0.515515
0 0.695589 1.247172 -0.946331 0.418138
0 0.117132 0.862454 0.078317 0.399232
0 0.695524 1.253506 -0.940046 0.429954
0 0.696504 1.250009 -0.935586 0.430669
0 0.145006 1.243278 0.092854 0.634941
