0 0.763733 1.330218 -0.315058 0.317621
0 0.763244 1.332443 -0.314877 0.319525
0 0.484911 1.374987 0.318121 0.502648
0 0.760768 1.321940 -0.319716 0.322981
0 0.762037 1.322735 -0.314566 0.323273
0 0.754952 1.341108 -0.321672 0.316246
0 0.679415 0.674270 -1.042381 -0.595405
0 0.678667 0.683620 -1.043042 -0.585779
0 0.755117 1.344136 -0.322612 0.319359
0 0.364474 1.026552 -0.074419 -1.527089
0 0.363054 1.026491 -0.078842 -1.526522
0 0.679562 0.658715 -1.038981 -0.590810
0 0.678340 0.647914 -1.042439 -0.608043
0 0.680100 0.658558 -1.038476 -0.591518
0 0.678822 0.646911 -1.041714 -0.609829
0 0.678450 0.643406 -1.042686 -0.616831
0 0.365705 1.026690 -0.071355 -1.528043
0 0.677652 0.662185 -1.042861 -0.611108
0 0.676995 0.663025 -1.043648 -0.608525
0 0.363540 1.030550 -0.082678 -1.523746
0 0.676977 0.658873 -1.044243 -0.617341
0 0.362034 1.028094 -0.086343 -1.529536
0 0.362807 1.029729 -0.084143 -1.522832
0 0.358668 1.028010 -0.065433 -1.527708
0 0.355236 1.027517 -0.100026 -1.533486
0 0.358699 1.027103 -0.065079 -1.528225
0 0.355243 1.028003 -0.100439 -1.532689
0 0.358323 1.028962 -0.065889 -1.528331
0 0.679541 0.737349 -1.041676 -0.545565
0 0.679575 0.731796 -1.041799 -0.551915
