0 0.628349 0.506150 -0.515166 -0.539269
0 0.627737 0.507103 -0.515118 -0.535065
0 0.628448 0.507396 -0.513748 -0.535196
0 0.628562 0.505564 -0.514094 -0.539702
0 0.627801 0.507208 -0.514488 -0.536391
0 0.628563 0.506609 -0.512721 -0.538389
0 0.629789 0.508025 -0.518342 -0.537560
0 0.629368 0.508100 -0.519964 -0.537354
0 0.625129 0.508131 -0.516114 -0.537786
0 0.624982 0.508280 -0.514977 -0.537872
0 0.623615 0.508757 -0.519140 -0.537055
0 0.627254 0.505343 -0.523117 -0.538429
0 0.627568 0.505776 -0.523698 -0.537005
0 0.603386 0.507181 -0.528688 -0.542961
0 0.602428 0.506592 -0.530865 -0.543321
