0 0.724342 1.046820 -0.776667 -0.564937
0 0.724236 1.046357 -0.776881 -0.568475
0 0.724667 1.048101 -0.776844 -0.565648
0 0.728629 1.057079 -0.755238 -0.572447
0 0.484076 1.207524 0.004455 0.746264
0 0.486670 1.205488 0.002959 0.740282
0 0.726818 1.041134 -0.755011 -0.580911
0 0.726227 1.042989 -0.753184 -0.580197
0 0.723668 1.045311 -0.756592 -0.576928
0 0.727655 1.038931 -0.755863 -0.549112
0 0.723517 1.044103 -0.782065 -0.596647
0 0.723329 1.042422 -0.782535 -0.599627
0 0.723432 1.178070 -0.779925 0.145312
0 0.722939 1.169121 -0.780146 0.121711
0 0.723554 1.044696 -0.783248 -0.595437
0 0.723287 1.132108 -0.785846 -0.014178
0 0.454704 1.212029 -0.131420 0.755078
0 0.723268 1.133381 -0.786079 -0.010380
0 0.708529 1.059423 -0.840627 -0.562226
0 0.448768 1.198431 -0.143772 0.734628
0 0.307921 1.242576 0.206227 0.789450
0 0.722299 1.084378 -0.788894 -0.388259
