0 0.744120 1.149833 0.027973 -0.182427
0 0.745369 1.153631 0.029398 -0.175964
0 0.747907 1.152447 0.044250 -0.193519
0 0.748738 1.153893 0.043916 -0.189940
0 0.747015 1.137905 0.041608 -0.231075
0 0.458735 0.883219 -0.589969 0.001568
0 0.748289 1.146351 0.081878 -0.178179
0 0.458603 0.882839 -0.590919 0.006734
0 0.749552 1.149016 0.084809 -0.175474
0 0.742475 1.136706 0.022910 -0.219971
0 0.465273 0.893066 -0.583614 -0.017559
0 0.465343 0.893374 -0.584274 -0.010772
0 0.466513 0.893318 -0.583804 -0.007301
0 0.457349 0.858444 -0.589575 -0.011496
0 0.457639 0.857214 -0.589779 -0.017007
0 0.750108 1.152751 0.110037 -0.189321
0 0.749008 1.152742 0.105994 -0.187232
0 0.747945 1.135255 0.080724 -0.199856
0 0.466540 0.957129 -0.583008 0.063995
0 0.467253 0.874223 -0.588958 -0.027245
