0 0.247946 0.855110 -0.118342 -0.700056
0 0.247468 0.856021 -0.119268 -0.698481
0 0.250211 0.855593 -0.122002 -0.694960
0 0.250998 0.856953 -0.119674 -0.691778
0 0.529063 0.703709 -0.524160 -0.762511
0 0.529837 0.705264 -0.522438 -0.760498
0 0.244826 0.859951 -0.117625 -0.680933
0 0.242741 0.860234 -0.120542 -0.680043
0 0.529632 0.715466 -0.522577 -0.755159
0 0.526631 0.715826 -0.526661 -0.750883
0 0.526139 0.715137 -0.527965 -0.752317
0 0.244576 0.850563 -0.118081 -0.697420
0 0.531746 0.776109 -0.517157 -0.690752
0 0.242552 0.857859 -0.120188 -0.685129
0 0.531624 0.778236 -0.517849 -0.686181
0 0.261496 0.856601 -0.106091 -0.694902
0 0.529058 0.723746 -0.519093 -0.754387
0 0.529171 0.726458 -0.518834 -0.752393
0 0.258484 0.857118 -0.112157 -0.689224
0 0.240998 0.857384 -0.122319 -0.686847
0 0.528459 0.727342 -0.519521 -0.753149
0 0.259851 0.857648 -0.114984 -0.667213
0 0.530368 0.684647 -0.527574 -0.776966
0 0.259599 0.855993 -0.114375 -0.671206
0 0.530470 0.683814 -0.528212 -0.778819
0 0.242242 0.849070 -0.120685 -0.704469
0 0.530833 0.686499 -0.527635 -0.776195
0 0.245274 0.848280 -0.120108 -0.697144
0 0.245351 0.844352 -0.119567 -0.704496
0 0.246204 0.862698 -0.112400 -0.697150
0 0.246839 0.861820 -0.110788 -0.699008
0 0.259549 0.848092 -0.115076 -0.685899
0 0.533613 0.778243 -0.508655 -0.714040
0 0.723026 1.077422 -0.710964 -0.485917
0 0.723045 1.081389 -0.711758 -0.477409
0 0.533921 0.779586 -0.508823 -0.711254
