0 0.733137 0.730965 -0.549298 -0.240900
0 0.732095 0.731337 -0.551740 -0.240953
0 0.731786 0.729976 -0.550490 -0.244201
0 0.734095 0.742994 -0.547130 -0.228179
0 0.734890 0.743412 -0.545020 -0.226241
0 0.734472 0.744342 -0.545261 -0.226013
0 0.760740 0.739863 -0.530223 -0.233308
0 0.759684 0.741277 -0.533359 -0.231443
0 0.759568 0.740486 -0.532287 -0.231992
0 0.511932 0.849090 -0.313823 -0.632401
0 0.512726 0.854724 -0.313727 -0.621138
0 0.354663 0.778432 -0.556718 -1.048121
0 0.512041 0.849185 -0.311450 -0.632348
0 0.352396 0.785002 -0.555436 -1.045488
0 0.352473 0.781667 -0.555420 -1.052369
0 0.352908 0.783144 -0.554340 -1.048217
0 0.352929 0.777057 -0.555337 -1.067679
0 0.510135 0.904526 -0.308960 -0.573115
0 0.765338 0.749385 -0.527134 -0.213115
0 0.508956 0.903459 -0.309250 -0.577998
0 0.439843 0.964703 -0.279911 -0.019719
0 0.764518 0.749760 -0.528790 -0.211008
0 0.507139 0.906640 -0.311079 -0.571489
0 0.439835 0.965045 -0.280523 -0.021077
0 0.764765 0.748972 -0.529369 -0.213155
0 0.436784 0.970039 -0.272482 0.004126
0 0.352278 0.795960 -0.554699 -1.048023
0 0.437405 0.971501 -0.271524 0.004181
0 0.352200 0.794537 -0.555256 -1.050991
0 0.352554 0.778818 -0.557398 -1.054412
0 0.352113 0.796036 -0.555453 -1.049112
0 0.352766 0.774768 -0.557194 -1.062829
0 0.353265 0.776378 -0.555868 -1.059340
0 0.441566 0.937615 -0.249672 0.022557
0 0.490584 0.838962 -0.436146 -0.644764
0 0.442137 0.937339 -0.247106 0.021517
0 0.491063 0.838154 -0.431539 -0.646005
