0 0.376021 0.605592 -0.209387 -0.195950
0 0.376442 0.608300 -0.208658 -0.193962
0 0.376040 0.607143 -0.207153 -0.194042
0 0.371676 0.593290 -0.214081 -0.202686
0 0.371040 0.592813 -0.214830 -0.202397
0 0.371825 0.593347 -0.212138 -0.202032
0 0.793983 1.065951 -0.376660 -0.407978
0 0.795051 1.058983 -0.375583 -0.414469
0 0.795407 1.059525 -0.373643 -0.414299
0 0.380930 0.597139 -0.199790 -0.204804
0 0.891822 1.115711 0.559151 -0.069953
0 0.794158 1.054981 -0.373551 -0.456911
0 0.792831 1.055349 -0.375695 -0.456155
0 0.794490 1.055204 -0.375019 -0.457295
0 0.397331 0.616998 -0.192132 -0.180835
0 0.397833 0.615221 -0.192473 -0.181926
0 0.397074 0.615457 -0.195617 -0.181540
0 0.904100 1.127727 0.482075 -0.052299
0 0.369733 0.593650 -0.211960 -0.205140
0 0.905589 1.127194 0.474665 -0.059100
0 0.364703 0.616108 -0.219228 -0.180674
0 0.367276 0.615937 -0.212870 -0.184034
0 0.798307 1.049076 -0.293438 -0.425353
0 0.799093 1.055067 -0.291672 -0.428387
0 0.797206 1.048213 -0.294107 -0.431080
0 0.885697 1.114583 0.219254 -0.112252
0 0.366348 0.615941 -0.215514 -0.180901
0 0.874173 1.115464 0.622030 -0.076280
0 0.884535 1.114096 0.203705 -0.118374
0 0.899449 1.091875 0.570927 -0.215848
0 0.919543 1.130208 0.385222 -0.056601
0 0.891762 1.115871 0.556664 -0.074485
0 0.915938 1.129222 0.364512 -0.064502
