0 0.796410 0.780657 -0.598914 -0.145080
0 0.795738 0.781752 -0.600234 -0.143228
0 0.795186 0.776389 -0.592028 -0.156577
0 0.795516 0.775756 -0.591346 -0.158026
0 0.799219 0.764359 -0.587126 -0.156847
0 0.797370 0.763563 -0.586649 -0.156751
0 0.798580 0.753493 -0.586763 -0.177783
0 0.796811 0.764794 -0.597388 -0.159488
0 0.773910 0.782523 -0.611819 -0.157257
0 0.764382 0.789291 -0.619552 -0.150380
0 0.797028 0.766712 -0.589011 -0.162164
0 0.805966 0.739449 -0.577299 -0.180469
0 0.764054 0.799389 -0.602496 -0.131856
0 0.804699 0.740057 -0.579473 -0.181285
0 0.774596 0.786378 -0.592221 -0.144812
