0 0.486448 0.272948 0.070235 -0.241482
0 0.485701 0.272558 0.069336 -0.241831
0 0.490377 0.269239 0.076403 -0.241009
0 0.492327 0.268940 0.081225 -0.240150
0 0.442573 0.267481 0.035017 -0.249255
0 0.443005 0.268052 0.034496 -0.247297
0 0.188842 0.877009 0.125700 0.236183
0 0.470785 0.269955 0.066380 -0.246223
0 0.189629 0.622893 0.125772 0.064847
0 0.471655 0.271177 0.065794 -0.244061
0 0.475718 0.268261 0.072891 -0.248361
0 0.474183 0.269480 0.070757 -0.246049
0 0.191049 0.761037 0.130341 0.183446
0 0.466019 0.264575 0.086998 -0.244887
0 1.021026 0.428999 -0.673693 0.025821
