0 0.398551 1.253660 0.105969 -0.044026
0 0.398117 1.261586 0.104248 -0.030910
0 0.703318 1.057292 -0.469681 -0.255247
0 0.703043 1.057291 -0.466526 -0.250724
0 0.390823 1.237149 0.097927 -0.043946
0 0.391403 1.238911 0.098242 -0.044810
0 0.702637 1.044094 -0.467364 -0.267822
0 0.663490 1.086675 -0.675140 -0.265029
0 0.679280 1.029640 -0.579385 -0.273840
0 0.172967 0.652863 0.027880 -0.407630
0 0.172348 0.652712 0.026379 -0.408321
0 0.679415 1.028101 -0.579074 -0.279563
0 0.489208 0.795639 -0.753554 -0.571105
0 0.490640 0.799620 -0.751200 -0.566899
0 0.677832 1.022261 -0.582295 -0.282960
