0 0.245690 1.071508 0.004356 -0.363122
0 0.245406 1.074267 0.004385 -0.359404
0 0.245423 1.074524 0.003978 -0.359765
0 0.251061 1.089712 0.010548 -0.341780
0 0.247426 1.070388 0.006121 -0.371688
0 0.247282 1.072784 0.006399 -0.367786
0 0.249327 1.080060 0.011893 -0.360732
0 0.246836 1.073339 0.005590 -0.367814
0 0.249158 1.078716 0.011665 -0.360425
0 0.249730 1.078896 0.013133 -0.359683
0 0.246807 1.084278 -0.005716 -0.353374
0 0.251084 1.070229 0.008698 -0.357186
0 0.244734 1.114742 0.006008 -0.322323
