0 0.493765 0.578480 -0.857274 -0.531717
0 0.492582 0.576853 -0.862177 -0.534082
0 0.492516 0.574849 -0.862650 -0.537261
0 0.492761 0.573163 -0.862132 -0.539837
0 0.493890 0.577112 -0.857402 -0.533424
0 0.493236 0.578127 -0.858301 -0.531741
0 0.491486 0.576274 -0.859213 -0.544986
0 0.496269 0.576145 -0.856947 -0.532651
0 0.492280 0.579838 -0.859395 -0.545771
0 0.492355 0.575850 -0.859307 -0.552265
0 0.492246 0.578356 -0.859876 -0.547967
0 0.777616 1.274439 0.500972 0.384444
0 0.495235 0.575562 -0.853799 -0.541026
0 0.491790 0.572119 -0.860467 -0.540696
