0 0.460267 0.595650 -0.183018 -0.782497
0 0.460097 0.596402 -0.184612 -0.780932
0 0.453257 0.580926 -0.210746 -0.793322
0 0.453953 0.584072 -0.209993 -0.789132
0 0.457843 0.582489 -0.220113 -0.798189
0 0.459776 0.583452 -0.215330 -0.796499
0 0.458680 0.591444 -0.197049 -0.797188
0 0.458099 0.591266 -0.197966 -0.797158
0 0.458138 0.607533 -0.180027 -0.773221
0 0.458041 0.607064 -0.181899 -0.774010
0 0.725698 0.576201 -0.763194 -0.741466
0 0.727031 0.576310 -0.759136 -0.740992
0 0.543967 0.651345 0.267531 -0.688685
0 0.543970 0.650410 0.267465 -0.691619
0 0.543573 0.651989 0.267723 -0.683326
0 0.498348 0.630600 0.003753 -0.737115
0 0.496292 0.631433 0.001798 -0.735443
0 0.720730 0.571703 -0.795919 -0.735262
0 0.737259 0.581784 -0.678319 -0.739307
0 0.721447 0.572225 -0.793119 -0.733861
0 0.739046 0.581932 -0.676181 -0.737055
