0 0.528811 1.388122 -0.177991 0.552049
0 0.531048 1.401644 -0.173316 0.574783
0 0.358687 1.159838 0.221612 -0.765815
0 0.358923 1.161288 0.221512 -0.762480
0 0.358111 1.158735 0.219882 -0.766441
0 0.565911 0.997263 -0.976202 -1.711423
0 0.565895 0.997186 -0.977022 -1.709270
0 0.565936 0.997051 -0.976347 -1.711056
0 0.565599 0.996783 -0.977088 -1.711126
0 0.565755 0.997154 -0.977225 -1.708746
0 0.565524 0.996773 -0.977139 -1.708491
0 0.524665 1.379257 -0.180871 0.457696
0 0.366103 1.159234 0.222444 -0.764253
0 0.366435 1.160101 0.223043 -0.761917
0 0.364384 1.158217 0.219252 -0.767876
0 0.525916 1.380240 -0.178679 0.454867
0 0.566293 0.994033 -0.976802 -1.716656
0 0.364159 1.159846 0.228339 -0.753343
0 0.365103 1.159149 0.228191 -0.755910
0 0.364675 1.158342 0.228275 -0.756469
0 0.565623 0.995073 -0.976917 -1.714277
0 0.369998 1.164000 0.223817 -0.737995
0 0.565909 0.996126 -0.975853 -1.708756
0 0.370185 1.165002 0.225071 -0.735776
0 0.368334 1.164635 0.222234 -0.738977
0 0.536218 1.222785 -0.652727 -0.379246
0 0.566918 0.994319 -0.977292 -1.717644
0 0.561099 0.997101 -0.985936 -1.712396
0 0.531031 1.380162 -0.184070 0.559433
0 0.531530 1.391509 -0.180708 0.578379
0 0.566296 0.994934 -0.978421 -1.716092
0 0.539326 1.220804 -0.643604 -0.381844
0 0.535511 1.218693 -0.654234 -0.390460
0 0.566236 0.998209 -0.973773 -1.705823
0 0.703365 1.063727 -0.898267 -1.283119
0 0.703010 1.063159 -0.897959 -1.283902
0 0.565186 0.998769 -0.975006 -1.704597
0 0.702932 1.062835 -0.899347 -1.284868
0 0.566389 0.998420 -0.978384 -1.702008
0 0.565280 0.998531 -0.980673 -1.701768
0 0.700038 1.073733 -0.921353 -1.236936
0 0.699674 1.073418 -0.921856 -1.233852
0 0.535448 1.199707 -0.651571 -0.421092
0 0.535139 1.201784 -0.652958 -0.417174
0 0.698546 1.074191 -0.923996 -1.229029
0 0.573702 0.997814 -0.978209 -1.706111
0 0.700688 1.063355 -0.918292 -1.288530
0 0.543856 1.221558 -0.663821 -0.380241
0 0.566555 0.996882 -0.970408 -1.715612
0 0.563335 0.994373 -0.983424 -1.718287
0 0.565934 0.995141 -0.971095 -1.718311
0 0.700803 1.064214 -0.916856 -1.289903
0 0.566170 0.996272 -0.970798 -1.717204
0 0.540898 1.200057 -0.636816 -0.419723
0 0.540673 1.220974 -0.610794 -0.367074
0 0.355554 1.149334 0.169804 -0.802377
0 0.342990 1.154581 0.189614 -0.793624
0 0.532851 1.205206 -0.648098 -0.389517
0 0.590673 1.227494 -0.279061 -0.294978
