0 0.563597 1.173064 0.288008 0.526742
0 0.807425 1.110997 -0.281068 -0.164096
0 0.806154 1.112168 -0.282539 -0.163905
0 0.799893 1.114950 -0.343867 -0.155076
0 0.797983 1.116184 -0.345759 -0.154124
0 0.794803 1.112168 -0.364115 -0.162681
0 0.793436 1.113339 -0.364933 -0.161087
0 0.797696 1.108033 -0.298255 -0.168611
0 0.795007 1.109077 -0.304406 -0.166457
0 0.102029 0.453869 0.067892 0.304848
0 0.829190 1.116284 -0.101080 -0.144392
0 0.825612 1.115229 -0.110148 -0.144264
0 0.637188 1.328753 0.356593 0.713861
