0 0.680594 0.480740 -0.536176 -0.441722
0 0.680258 0.480921 -0.537046 -0.441404
0 0.680506 0.481449 -0.535029 -0.440638
0 0.984804 0.220466 -1.755459 -0.132311
0 0.984896 0.221203 -1.755391 -0.130541
0 0.984537 0.220926 -1.755571 -0.131452
0 0.680862 0.482148 -0.528911 -0.397317
0 0.984906 0.220177 -1.755049 -0.129684
0 0.985085 0.220217 -1.754758 -0.129727
0 0.680925 0.481941 -0.527763 -0.395228
0 0.984918 0.220216 -1.754362 -0.129770
0 0.681172 0.483179 -0.530187 -0.399207
0 0.665949 0.423242 -0.534023 -0.423467
0 0.666382 0.422580 -0.533545 -0.423751
0 0.157021 0.252676 -0.122721 -0.248574
0 0.156589 0.253306 -0.122340 -0.247451
0 0.157118 0.252121 -0.122530 -0.250857
0 0.156795 0.253017 -0.122170 -0.247447
0 0.156966 0.253343 -0.121370 -0.247669
0 0.985411 0.220743 -1.756635 -0.129769
0 0.156602 0.252792 -0.122728 -0.249289
0 0.989378 0.218680 -1.749039 -0.135721
0 0.675343 0.479599 -0.542956 -0.425907
0 0.985059 0.218942 -1.750759 -0.137393
0 0.674609 0.481317 -0.544515 -0.423742
0 0.985374 0.220877 -1.755966 -0.129951
0 0.667476 0.431699 -0.532711 -0.415882
0 0.155906 0.251329 -0.125632 -0.251311
0 0.155917 0.251033 -0.126104 -0.252185
0 0.685252 0.479160 -0.519252 -0.409981
0 0.157486 0.251599 -0.120997 -0.249578
0 0.685102 0.479509 -0.520479 -0.409427
0 0.157999 0.251481 -0.119502 -0.250028
0 0.685338 0.480036 -0.516833 -0.410761
0 0.159529 0.252402 -0.112505 -0.247780
0 0.674972 0.455150 -0.532451 -0.397891
0 0.674796 0.454569 -0.532783 -0.401518
0 0.161547 0.253919 -0.114854 -0.245220
0 0.675132 0.473308 -0.549743 -0.460115
0 0.776089 0.238574 -0.980314 -0.198100
0 0.665475 0.414845 -0.538576 -0.433147
0 0.982731 0.222375 -1.756984 -0.128585
0 0.774390 0.238492 -0.984437 -0.197764
0 0.775588 0.238553 -0.981274 -0.198356
0 0.666692 0.416794 -0.536374 -0.429326
0 0.674457 0.473653 -0.551453 -0.460225
0 0.161599 0.250788 -0.116700 -0.247661
0 0.779405 0.242226 -0.973310 -0.200681
0 0.682533 0.474765 -0.549042 -0.474488
0 0.766196 0.236569 -0.986795 -0.203626
0 0.766172 0.236645 -0.987132 -0.203375
0 0.778163 0.242388 -0.973422 -0.199654
0 0.774921 0.242169 -0.977312 -0.197447
0 0.682593 0.475539 -0.548663 -0.472165
0 0.775442 0.242178 -0.975837 -0.198145
0 0.982631 0.221931 -1.756540 -0.129811
0 0.765940 0.236549 -0.987718 -0.203430
0 0.684272 0.475922 -0.549573 -0.470686
0 0.985310 0.221039 -1.749959 -0.125690
0 0.985519 0.220220 -1.751363 -0.129530
0 0.985142 0.220005 -1.749961 -0.127481
0 0.985440 0.220138 -1.751853 -0.130202
0 0.985087 0.220656 -1.750858 -0.126359
0 0.664098 0.413647 -0.548879 -0.424679
0 0.988599 0.215109 -1.745916 -0.136796
0 0.665202 0.414002 -0.546839 -0.423916
0 0.154744 0.251639 -0.117238 -0.247263
0 0.773197 0.235915 -0.985883 -0.212494
0 0.160243 0.250722 -0.122536 -0.247997
0 0.154029 0.251767 -0.119080 -0.247918
0 0.767131 0.241141 -0.994295 -0.184104
0 0.673823 0.478614 -0.568159 -0.428199
0 0.767939 0.243270 -0.991951 -0.183601
0 0.154862 0.251359 -0.116732 -0.248243
0 0.160477 0.250883 -0.122277 -0.247534
0 0.672738 0.470839 -0.577906 -0.481685
0 0.160805 0.251071 -0.120831 -0.247830
0 0.673006 0.478352 -0.568750 -0.428410
0 0.790107 0.243980 -0.962450 -0.222159
0 0.664883 0.418986 -0.547389 -0.421835
0 0.672406 0.471445 -0.577742 -0.481641
0 0.789520 0.244566 -0.963346 -0.220421
0 0.786942 0.243520 -0.968816 -0.222788
0 0.990741 0.221875 -1.749389 -0.139518
0 0.770531 0.232361 -0.994288 -0.200454
0 0.778593 0.244219 -0.953054 -0.223420
0 0.768135 0.233444 -0.973777 -0.215754
