0 0.766981 1.092582 -0.117154 -0.319584
0 0.769483 1.091522 -0.112379 -0.318207
0 0.774119 1.084921 -0.133380 -0.323872
0 0.773030 1.085039 -0.133966 -0.318741
0 0.760681 1.084324 -0.126445 -0.345405
0 0.771288 1.079503 -0.139748 -0.354329
0 0.746332 1.071579 -0.146600 -0.409113
0 0.746746 1.071972 -0.146452 -0.408020
0 0.744550 1.067587 -0.148840 -0.417365
0 0.777593 1.067876 -0.125838 -0.416000
0 0.780658 1.066413 -0.121464 -0.421005
0 0.636282 1.086589 -0.224675 -0.339055
0 0.635857 1.085831 -0.227019 -0.336476
