0 0.093637 0.874481 -0.008371 -0.778126
0 0.093800 0.886059 -0.004851 -0.757388
0 0.093530 0.889121 -0.004836 -0.749980
0 0.094474 0.875340 -0.006056 -0.777009
0 0.093774 0.875963 -0.008955 -0.776933
0 0.093569 0.875834 -0.005962 -0.771911
0 0.093201 0.875899 -0.010380 -0.776339
0 0.093561 0.875046 -0.005594 -0.774533
0 0.421580 1.000576 0.266796 0.016942
0 0.091857 0.873650 -0.012669 -0.811180
0 0.091732 0.873312 -0.013136 -0.809882
0 0.417108 1.045784 0.257360 0.030502
0 0.574569 0.607384 -0.753626 0.356215
0 0.575509 0.611421 -0.752087 0.363527
0 0.579402 0.592002 -0.747552 0.370595
0 0.538390 0.504462 -0.881915 -0.169895
0 0.539085 0.511351 -0.877609 -0.157071
0 0.579779 0.595584 -0.746771 0.377015
0 0.539370 0.506960 -0.880398 -0.165128
0 0.097725 0.887723 -0.003328 -0.751911
0 0.540137 0.526632 -0.878947 -0.096159
0 0.539560 0.529537 -0.879625 -0.092257
0 0.540059 0.508399 -0.875190 -0.160464
0 0.577659 0.548189 -0.753787 0.278470
0 0.098927 0.893777 -0.001335 -0.741369
0 0.754223 1.221632 -0.590009 0.395631
0 0.090847 0.877575 -0.011004 -0.805358
0 0.754169 1.230800 -0.593013 0.412358
0 0.579602 0.585674 -0.751871 0.365034
0 0.091523 0.878951 -0.008926 -0.801485
0 0.579901 0.588275 -0.751197 0.371710
0 0.577944 0.612887 -0.745161 0.367116
0 0.581898 0.595966 -0.743117 0.377702
0 0.096525 0.883298 0.007384 -0.742117
0 0.092690 0.861743 -0.011228 -0.803351
0 0.622511 1.151236 -0.211714 0.078259
0 0.626562 1.152387 -0.203698 0.081899
0 0.380631 0.985322 0.257146 0.009192
0 0.576174 0.545429 -0.761114 0.268795
0 0.581186 0.587921 -0.744977 0.370774
0 0.092924 0.861122 -0.006984 -0.797338
0 0.096712 0.882971 0.007733 -0.743172
0 0.712066 1.207673 -0.562047 0.376303
0 0.723793 1.218025 -0.532457 0.399230
