0 0.258366 0.912236 -0.358093 -1.353533
0 0.258501 0.911952 -0.357405 -1.354030
0 0.258773 0.912420 -0.356941 -1.353805
0 0.259795 0.913936 -0.356704 -1.346778
0 0.258681 0.916278 -0.356735 -1.349041
0 0.258223 0.916754 -0.357529 -1.348168
0 0.258875 0.916530 -0.356198 -1.348882
0 0.555569 0.726492 -0.565810 -0.115761
0 0.245526 0.673193 -0.098588 -0.203820
0 0.555472 0.727398 -0.566442 -0.114125
0 0.237733 1.139941 0.156245 0.106929
0 0.556477 0.727046 -0.564812 -0.116461
0 0.246249 0.671552 -0.097093 -0.207470
0 0.294806 0.911591 -0.435152 -1.358481
0 0.258404 0.914838 -0.355843 -1.342826
0 0.294895 0.912136 -0.434752 -1.357229
0 0.293320 0.910740 -0.435855 -1.358166
0 0.293385 0.912734 -0.438618 -1.348063
0 0.151435 0.319166 -0.077380 -0.246424
0 0.293717 0.910645 -0.435265 -1.358174
0 0.257293 0.908536 -0.357726 -1.366153
0 0.258453 0.909134 -0.355475 -1.366025
0 0.293498 0.910247 -0.435519 -1.359009
0 0.294816 0.910953 -0.434954 -1.359759
0 0.151500 0.319774 -0.077162 -0.246101
0 0.257082 0.908166 -0.358072 -1.368122
0 0.151804 0.319814 -0.077547 -0.246377
0 0.820608 1.149818 -0.238955 0.057913
0 0.819912 1.150699 -0.238186 0.059542
0 0.294172 0.911520 -0.433897 -1.346551
0 0.257172 0.914631 -0.359668 -1.348227
0 0.152847 0.324493 -0.075427 -0.239257
0 0.248487 0.675076 -0.096012 -0.198768
0 0.248832 0.673377 -0.094710 -0.201590
0 0.153239 0.323755 -0.075111 -0.241616
0 0.153764 0.321939 -0.077539 -0.244033
0 0.555289 0.735601 -0.553925 -0.111334
0 0.153891 0.322671 -0.076797 -0.243854
0 0.153719 0.322519 -0.077771 -0.243938
0 0.555415 0.736584 -0.553238 -0.109232
0 0.256068 0.915908 -0.358535 -1.344417
0 0.555799 0.735919 -0.552382 -0.111265
0 0.153346 0.324629 -0.076795 -0.242980
0 0.293275 0.912066 -0.435282 -1.355310
0 0.153542 0.324374 -0.076293 -0.243948
0 0.246656 0.692052 -0.102139 -0.189192
0 0.801797 1.150016 -0.346664 0.053094
0 0.799928 1.150382 -0.351089 0.051743
0 0.259833 0.908884 -0.356727 -1.354999
0 0.553467 0.707454 -0.574321 -0.127623
0 0.553991 0.710976 -0.574448 -0.124638
0 0.248591 0.673321 -0.090211 -0.203414
0 0.553646 0.707088 -0.574123 -0.129422
0 0.250139 0.675531 -0.089868 -0.199031
0 0.288060 0.913628 -0.333277 -1.349087
0 0.245642 0.689531 -0.104352 -0.188669
0 0.293933 0.906942 -0.435032 -1.356094
0 0.554915 0.711783 -0.568349 -0.149278
0 0.781987 1.165145 -0.443736 0.077255
0 0.784918 1.167037 -0.441458 0.083125
0 0.154769 0.312004 -0.075777 -0.255437
0 0.552540 0.717203 -0.560914 -0.131673
0 0.292864 0.908017 -0.438699 -1.356001
0 0.243135 1.006137 0.162266 0.010950
0 0.153057 0.310058 -0.076165 -0.252366
0 0.550303 0.682501 -0.581485 -0.162779
0 0.259221 0.914451 -0.354288 -1.347752
0 0.554656 0.695973 -0.555200 -0.140519
0 0.554378 0.699669 -0.555326 -0.136474
0 0.292609 0.912121 -0.438486 -1.340411
0 0.247551 0.680476 -0.097256 -0.195880
0 0.554735 0.696145 -0.553875 -0.140159
0 0.247312 0.679107 -0.098006 -0.197463
0 0.154790 0.327630 -0.077528 -0.244832
0 0.245982 0.688031 -0.092820 -0.200423
0 0.247160 0.675846 -0.102152 -0.187347
0 0.152672 0.311884 -0.078951 -0.255759
0 0.152911 0.330008 -0.076898 -0.241049
0 0.293162 0.913770 -0.439631 -1.347991
0 0.294161 0.910027 -0.437678 -1.342599
0 0.156609 0.319233 -0.075898 -0.244407
0 0.151328 0.309738 -0.078227 -0.253074
0 0.293343 0.913777 -0.436594 -1.349875
0 0.258729 0.914105 -0.358700 -1.337892
0 0.228957 1.113193 0.149883 0.040847
0 0.156734 0.320299 -0.075994 -0.242557
0 0.293580 0.914994 -0.438891 -1.347665
0 0.293818 0.915146 -0.438631 -1.346159
0 0.246446 0.674255 -0.104100 -0.185202
0 0.288122 0.911976 -0.332028 -1.350195
0 0.245038 0.687266 -0.095330 -0.196283
0 0.152898 0.327864 -0.081029 -0.244079
0 0.549735 0.671519 -0.576779 -0.164421
0 0.293447 0.914641 -0.436290 -1.349385
0 0.293655 0.914907 -0.435962 -1.348506
0 0.153812 0.318060 -0.069567 -0.242536
0 0.153737 0.317717 -0.070425 -0.244015
0 0.153981 0.305973 -0.070420 -0.257631
0 0.153915 0.305719 -0.070068 -0.257787
0 0.151740 0.330543 -0.078116 -0.239290
0 0.153958 0.305756 -0.070196 -0.257365
0 0.248986 0.679789 -0.095033 -0.194701
0 0.263073 0.915403 -0.350304 -1.343126
0 0.157674 0.308742 -0.074820 -0.256235
0 0.243783 0.711664 -0.105790 -0.196114
0 0.555686 0.727415 -0.572456 -0.165395
0 0.255130 0.909816 -0.360044 -1.353142
0 0.157507 0.308520 -0.075256 -0.256151
0 0.857034 1.145401 -0.060071 0.037942
0 0.157445 0.308244 -0.075321 -0.256379
0 0.277397 0.731830 -0.372156 -0.658215
0 0.293955 0.904835 -0.438119 -1.355381
0 0.852210 1.147066 -0.069625 0.039590
