0 0.611954 1.114443 -0.109037 -0.101069
0 0.609451 1.114300 -0.113265 -0.100592
0 0.203924 0.778645 -0.255101 -1.011347
0 0.204179 0.786191 -0.256409 -1.000335
0 0.203382 0.783593 -0.257277 -0.997576
0 0.202882 0.784124 -0.257650 -0.996911
0 0.204188 0.785280 -0.256443 -1.001720
0 0.203956 0.786016 -0.257852 -0.997695
0 0.204445 0.785840 -0.256091 -1.000759
0 0.203076 0.783598 -0.257431 -0.998259
0 0.351447 0.182642 -0.561026 -0.099421
0 0.351516 0.183992 -0.561067 -0.097083
0 0.351175 0.182718 -0.561152 -0.098373
0 0.352348 0.183174 -0.557843 -0.100207
0 0.061981 0.881514 0.041046 -1.087926
0 0.062044 0.883593 0.041021 -1.083392
0 0.062649 0.882408 0.041735 -1.085789
0 0.353547 0.182510 -0.560609 -0.097883
0 0.350978 0.182444 -0.563119 -0.101041
0 0.351684 0.184051 -0.563257 -0.096659
0 0.351691 0.182843 -0.563449 -0.098303
0 0.351822 0.181604 -0.561092 -0.102457
0 0.062951 0.879590 0.043185 -1.086140
0 0.351545 0.182921 -0.563015 -0.097540
0 0.349362 0.181349 -0.564157 -0.100710
0 0.355358 0.182830 -0.551097 -0.104241
0 0.201651 0.776696 -0.257636 -1.014108
0 0.349661 0.181047 -0.563203 -0.101296
0 0.577702 1.102237 -0.119638 -0.108600
0 0.578107 1.100304 -0.116088 -0.112192
0 0.064460 0.887637 0.043045 -1.078449
0 0.063582 0.881301 0.041763 -1.097391
0 0.643258 1.112524 -0.109771 -0.101669
0 0.203205 0.787042 -0.255900 -1.009104
0 0.059957 0.873750 0.039737 -1.103283
0 0.060623 0.874434 0.041009 -1.101688
0 0.060013 0.875432 0.039931 -1.100074
0 0.645801 1.112503 -0.104366 -0.101932
0 0.202651 0.785551 -0.256532 -1.004097
0 0.202601 0.783879 -0.256310 -1.007247
0 0.068282 0.878807 0.046786 -1.087467
0 0.202844 0.784729 -0.256064 -1.005212
0 0.352907 0.183043 -0.561363 -0.095304
