0 0.583546 0.439300 -0.479442 -0.331360
0 0.584794 0.437695 -0.477717 -0.334759
0 0.583708 0.437123 -0.479537 -0.335810
0 0.581852 0.438516 -0.480107 -0.330993
0 0.582371 0.440130 -0.478421 -0.327137
0 0.585386 0.438155 -0.470482 -0.335619
0 0.584722 0.440072 -0.472519 -0.333997
0 0.582838 0.438879 -0.477974 -0.328176
0 0.582529 0.439765 -0.478375 -0.326483
0 0.586183 0.442208 -0.476070 -0.325235
0 0.588921 0.436802 -0.464383 -0.337682
0 0.581941 0.440378 -0.483089 -0.323797
0 1.086220 0.733369 -1.290465 -0.340560
0 1.085643 0.733537 -1.292321 -0.341223
0 0.947012 0.743807 -0.802140 -0.381862
0 1.088623 0.735775 -1.290788 -0.340114
0 0.945463 0.741969 -0.805821 -0.385524
0 1.098120 0.744619 -1.246111 -0.328838
0 1.097101 0.746209 -1.246817 -0.327321
0 1.083863 0.738651 -1.305200 -0.327497
0 0.944270 0.744283 -0.803851 -0.383284
0 0.573389 0.438941 -0.487178 -0.330852
0 1.084817 0.739166 -1.304268 -0.327131
0 1.098399 0.747869 -1.240498 -0.325568
0 0.572204 0.439745 -0.490087 -0.328617
0 0.572297 0.437717 -0.489951 -0.332239
0 1.085521 0.741936 -1.304184 -0.323368
0 0.946707 0.759994 -0.808973 -0.286616
0 0.948358 0.761359 -0.805279 -0.284308
0 1.096242 0.736095 -1.294589 -0.352635
0 0.945836 0.761884 -0.807260 -0.284777
0 0.581436 0.443700 -0.480333 -0.332894
0 0.581837 0.441894 -0.480227 -0.336168
0 0.581053 0.442134 -0.482192 -0.336043
0 1.102139 0.721808 -1.263749 -0.339640
0 0.953930 0.759659 -0.794849 -0.312755
0 0.938973 0.717407 -0.807334 -0.525353
0 0.953501 0.758042 -0.796217 -0.316687
0 0.938856 0.718650 -0.808442 -0.523429
0 0.938452 0.721856 -0.807998 -0.515563
0 0.955442 0.758941 -0.794094 -0.313730
0 0.584984 0.434989 -0.477568 -0.327808
0 0.585179 0.433209 -0.477261 -0.331332
0 0.585757 0.433205 -0.476617 -0.330935
0 0.939341 0.723385 -0.808884 -0.486840
0 1.089017 0.733489 -1.326759 -0.354542
0 1.112460 0.749160 -1.155853 -0.282825
0 1.110447 0.749602 -1.159461 -0.283605
