0 0.614659 0.691887 -0.316696 -0.548073
0 0.613086 0.691100 -0.318589 -0.548681
0 0.613706 0.690739 -0.318401 -0.549610
0 0.598172 0.696153 -0.333397 -0.538434
0 0.597338 0.695687 -0.334902 -0.539651
0 0.597638 0.696870 -0.333105 -0.538587
0 0.621683 0.686277 -0.315529 -0.548010
0 0.622567 0.685170 -0.313538 -0.550080
0 0.621089 0.686838 -0.316653 -0.548185
0 0.595103 0.695663 -0.334801 -0.532490
0 0.594036 0.695631 -0.337286 -0.533493
0 0.594177 0.696449 -0.334896 -0.533829
0 0.610744 0.702714 -0.336239 -0.537534
0 0.596853 0.702986 -0.337125 -0.536199
0 0.606371 0.702473 -0.344122 -0.535892
0 0.594135 0.703425 -0.343005 -0.532764
0 0.595838 0.692624 -0.336536 -0.537516
0 0.593529 0.693711 -0.341425 -0.533883
0 0.611310 0.687640 -0.332632 -0.546772
