0 0.569049 1.156635 -0.551755 -0.912791
0 0.569234 1.157320 -0.551915 -0.911003
0 0.569050 1.157269 -0.551447 -0.911064
0 0.559353 1.009783 -0.593629 -0.992581
0 0.559178 1.012452 -0.594723 -0.994066
0 0.559905 1.025932 -0.593414 -0.982148
0 0.555629 1.142868 -0.540746 -0.987352
0 0.552944 1.144001 -0.542162 -0.984579
0 0.556918 1.141578 -0.539759 -0.989959
0 0.546667 0.911749 -0.640041 -1.033216
0 0.657496 0.931457 -1.171511 -0.987914
0 0.662768 0.927536 -1.139280 -0.977300
0 0.657550 0.935465 -1.171044 -0.980359
0 0.545339 0.911976 -0.640582 -1.030429
0 0.657402 0.932699 -1.172228 -0.984430
0 0.659085 0.923762 -1.160012 -0.975931
0 0.659066 0.919849 -1.160485 -0.978548
0 0.659483 0.924036 -1.158860 -0.973683
0 0.566421 1.142081 -0.536497 -1.034716
0 0.653895 0.931264 -1.195840 -0.991507
0 0.653968 0.930099 -1.194759 -0.994763
0 0.565428 1.141965 -0.537830 -1.030485
