0 0.308024 0.614773 -0.460066 -0.702390
0 0.307907 0.614538 -0.460091 -0.702828
0 0.307966 0.614092 -0.459826 -0.703229
0 0.305727 0.614793 -0.464632 -0.700439
0 0.305253 0.615111 -0.465060 -0.700162
0 0.305827 0.614560 -0.464529 -0.700912
0 0.308171 0.617660 -0.458127 -0.696105
0 0.308244 0.615866 -0.460847 -0.695434
0 0.308017 0.614328 -0.460714 -0.699058
0 0.544884 0.563522 -0.842391 -0.821806
0 0.545189 0.564243 -0.841928 -0.821285
0 0.545481 0.563142 -0.841714 -0.822827
0 0.545670 0.561897 -0.841060 -0.827243
0 0.544789 0.561389 -0.839185 -0.821988
0 0.545707 0.561230 -0.840608 -0.829516
0 0.545203 0.560570 -0.841838 -0.830736
0 0.544995 0.560683 -0.842203 -0.830368
0 0.542839 0.562514 -0.846462 -0.821450
0 0.309235 0.614979 -0.454460 -0.699995
0 0.545484 0.562086 -0.837819 -0.820486
0 0.309701 0.615499 -0.456376 -0.699772
0 0.309657 0.615516 -0.456604 -0.700107
0 0.543236 0.563786 -0.844673 -0.819056
0 0.310053 0.615471 -0.456006 -0.700118
0 0.546420 0.563046 -0.836191 -0.818620
0 0.544868 0.562358 -0.838442 -0.819017
0 0.544877 0.563880 -0.838699 -0.817979
0 0.542127 0.561293 -0.848176 -0.828206
0 0.546691 0.564395 -0.840472 -0.827398
0 0.108221 0.933994 0.073277 -1.215913
0 0.107736 0.933424 0.072920 -1.217091
0 0.533278 0.575293 -0.872570 -0.755174
0 0.110519 0.935259 0.075344 -1.206798
0 0.110133 0.934278 0.074535 -1.207565
0 0.309423 0.618411 -0.462167 -0.695484
0 0.700365 1.036039 -0.918021 -0.640512
0 0.699535 1.035364 -0.919413 -0.642150
0 0.534872 0.577471 -0.868461 -0.748905
0 0.700411 1.037221 -0.919008 -0.637241
0 0.311119 0.613892 -0.455093 -0.698356
0 0.541905 0.564524 -0.839897 -0.816388
0 0.304423 0.613041 -0.469006 -0.702189
0 0.543217 0.565219 -0.847576 -0.825807
0 0.108841 0.933076 0.074065 -1.215398
0 0.106963 0.934915 0.074053 -1.219102
0 0.107191 0.936013 0.073964 -1.216126
0 0.108648 0.933153 0.073538 -1.214997
0 0.108550 0.932950 0.073432 -1.214852
0 0.698790 1.022161 -0.922309 -0.716935
0 0.109642 0.930753 0.074899 -1.214818
0 0.699063 1.023828 -0.920750 -0.712699
0 0.109392 0.932556 0.074237 -1.211183
0 0.109464 0.931541 0.074017 -1.212913
0 0.699236 1.022402 -0.924187 -0.715354
0 0.538075 0.564058 -0.856788 -0.783762
0 0.310751 0.617123 -0.451513 -0.693924
0 0.311935 0.615797 -0.452632 -0.694484
0 0.107922 0.935395 0.073401 -1.217832
0 0.537297 0.562638 -0.857751 -0.786514
0 0.105594 0.937779 0.072912 -1.194207
0 0.106621 0.936639 0.073242 -1.196227
0 0.106821 0.936052 0.071616 -1.216442
