0 0.356385 0.426592 -0.563948 -0.711491
0 0.356110 0.426551 -0.563519 -0.711078
0 0.356562 0.427329 -0.563275 -0.707682
0 0.356926 0.426899 -0.563303 -0.708459
0 0.356877 0.424323 -0.565051 -0.714419
0 0.357156 0.428393 -0.561906 -0.706093
0 0.356440 0.423894 -0.564659 -0.715049
0 0.356613 0.428259 -0.561059 -0.707072
0 0.357488 0.427994 -0.559300 -0.704721
0 0.357139 0.427596 -0.560046 -0.705652
0 0.355294 0.424512 -0.567957 -0.714026
0 0.356695 0.427222 -0.560184 -0.712215
0 0.356266 0.426947 -0.560987 -0.712139
0 0.355037 0.427008 -0.565047 -0.706243
0 0.355667 0.430007 -0.563114 -0.707783
0 0.356477 0.428136 -0.563360 -0.710852
0 0.355758 0.427435 -0.563914 -0.712548
