0 0.546590 1.108399 -0.602936 0.124718
0 0.547818 1.109878 -0.601833 0.125908
0 0.538272 1.084930 -0.625088 0.100710
0 0.537748 1.083521 -0.626273 0.095255
0 0.578928 1.041862 -0.514187 -0.566835
0 0.578688 1.045225 -0.514715 -0.561801
0 0.579734 1.044798 -0.514269 -0.560426
0 0.574641 1.039277 -0.508170 -0.576027
0 0.574036 1.042206 -0.509419 -0.571744
0 0.575033 1.042006 -0.507193 -0.571050
0 0.542699 1.091802 -0.607742 0.136302
0 0.542240 1.093399 -0.609665 0.136237
0 0.544841 1.133425 -0.598818 0.175645
0 0.544853 1.136315 -0.599636 0.178771
0 0.537890 1.097888 -0.623716 0.120630
0 0.538287 1.072067 -0.627445 0.113875
0 0.581821 1.037715 -0.525240 -0.588964
0 0.566130 1.033898 -0.516290 -0.590857
