0 0.401358 0.613208 -0.319685 -0.376831
0 0.401429 0.613906 -0.319857 -0.374406
0 0.401210 0.614072 -0.318558 -0.374003
0 0.396726 0.617604 -0.335676 -0.368203
0 0.396616 0.616623 -0.335412 -0.370947
0 0.396717 0.618077 -0.336324 -0.368937
0 0.399483 0.618029 -0.316904 -0.367496
0 0.399412 0.616235 -0.317145 -0.370846
0 0.397886 0.616297 -0.329446 -0.373393
0 0.397490 0.612379 -0.329824 -0.379605
0 0.400249 0.618032 -0.314767 -0.368263
0 0.398436 0.613685 -0.325613 -0.381508
0 0.398512 0.609736 -0.326005 -0.387318
0 0.391028 0.613095 -0.341049 -0.378709
0 0.391579 0.614212 -0.338276 -0.379588
0 0.403734 0.620659 -0.336842 -0.360732
0 0.403542 0.613075 -0.337131 -0.370344
