0 0.371408 0.635272 -0.572850 -1.080907
0 0.371990 0.636000 -0.571902 -1.078679
0 0.371407 0.633934 -0.570846 -1.082034
0 0.370547 0.633751 -0.571807 -1.083089
0 0.370256 0.634444 -0.573031 -1.081807
0 0.243587 0.626989 -0.358357 -1.079767
0 0.243803 0.626818 -0.358026 -1.080145
0 0.371331 0.634310 -0.573441 -1.082087
0 0.242747 0.626405 -0.359376 -1.079655
0 0.372180 0.634665 -0.571751 -1.081091
0 0.243051 0.626056 -0.357080 -1.079442
0 0.243305 0.625914 -0.356559 -1.079426
0 0.242667 0.626335 -0.359289 -1.079149
0 0.371642 0.635177 -0.574142 -1.079063
0 0.372540 0.635088 -0.572062 -1.079279
0 0.243541 0.623403 -0.357143 -1.080974
0 0.244223 0.626950 -0.357050 -1.079836
0 0.370833 0.634385 -0.572824 -1.085131
0 0.371825 0.633586 -0.574755 -1.082481
0 0.243678 0.623357 -0.356491 -1.081031
0 0.370911 0.633429 -0.577045 -1.082870
0 0.370366 0.634390 -0.573916 -1.084494
0 0.371192 0.636608 -0.571050 -1.076715
0 0.370167 0.635028 -0.573393 -1.078912
0 0.246167 0.627787 -0.355240 -1.078439
0 0.371342 0.634549 -0.572393 -1.077233
0 0.369890 0.634996 -0.573234 -1.078804
0 0.243132 0.626641 -0.358157 -1.089318
0 0.243085 0.626553 -0.358237 -1.089658
0 0.371404 0.634418 -0.571553 -1.077585
0 0.243889 0.627809 -0.355180 -1.078061
0 0.371850 0.632837 -0.571309 -1.075866
0 0.243614 0.626825 -0.357325 -1.090633
0 0.366640 0.632242 -0.585201 -1.086498
0 0.371270 0.632245 -0.572655 -1.077192
0 0.247837 0.621935 -0.353234 -1.078027
0 0.367187 0.633505 -0.585589 -1.082247
0 0.241243 0.626579 -0.358922 -1.077946
0 0.371904 0.636152 -0.575115 -1.077128
0 0.241371 0.626677 -0.358420 -1.077249
