0 0.614057 0.840100 -0.372559 -0.562488
0 0.613052 0.838305 -0.375338 -0.562449
0 0.614849 0.829102 -0.373665 -0.570600
0 0.613019 0.828687 -0.377760 -0.569729
0 0.614371 0.837690 -0.374496 -0.563069
0 0.613455 0.829480 -0.376094 -0.568952
0 0.622132 0.822474 -0.377381 -0.602268
0 0.622555 0.803410 -0.369983 -0.615633
0 0.615662 0.848041 -0.376897 -0.556627
0 0.613222 0.846124 -0.381548 -0.556167
0 0.613941 0.847066 -0.380179 -0.556504
0 0.625123 0.822651 -0.365051 -0.602348
0 0.626985 0.784426 -0.362362 -0.638675
