0 0.664637 0.382947 -1.134692 -0.135441
0 0.665060 0.380106 -1.134975 -0.138101
0 0.664630 0.375181 -1.135102 -0.145821
0 0.917312 1.322294 0.596373 0.574131
0 0.664742 0.376317 -1.134924 -0.144060
0 0.664524 0.376418 -1.135656 -0.143443
0 0.665794 0.379134 -1.131664 -0.126578
0 0.665350 0.378797 -1.133673 -0.126940
0 0.665814 0.396871 -1.131507 -0.130759
0 0.666142 0.396822 -1.131503 -0.130252
0 0.664619 0.358243 -1.134093 -0.153288
0 0.664487 0.356625 -1.134621 -0.156515
0 0.664551 0.355873 -1.134716 -0.158552
0 0.663463 0.363975 -1.139923 -0.114254
0 0.663763 0.355738 -1.138112 -0.161887
