0 0.377585 0.727144 -0.550743 -0.958248
0 0.377529 0.726831 -0.549196 -0.960093
0 0.380301 0.727561 -0.545416 -0.942085
0 0.379684 0.726925 -0.544922 -0.941566
0 0.375245 0.724258 -0.548881 -0.979024
0 0.375655 0.725369 -0.547800 -0.977600
0 0.376792 0.724267 -0.551328 -0.971712
0 0.376496 0.724678 -0.552067 -0.970179
0 0.376389 0.724314 -0.552473 -0.973024
0 0.379588 0.725309 -0.545213 -0.935002
0 0.379500 0.727291 -0.545575 -0.930645
0 0.379328 0.723786 -0.546114 -0.938918
0 0.377257 0.715046 -0.544416 -0.939271
