0 0.496953 0.497325 -0.714360 -0.376093
0 0.496933 0.496540 -0.714024 -0.377237
0 0.497879 0.446240 -0.715908 -0.412549
0 0.498525 0.445756 -0.714460 -0.413456
0 0.494254 0.437932 -0.720638 -0.418850
0 0.494290 0.437065 -0.720733 -0.419954
0 0.494796 0.437131 -0.720308 -0.420365
0 0.723176 0.959329 -0.770013 -1.068095
0 0.722746 0.958559 -0.772122 -1.067165
0 0.723775 0.960104 -0.769259 -1.066628
0 0.497264 0.437168 -0.719739 -0.418250
0 0.494644 0.440700 -0.721662 -0.415751
0 0.733803 0.954712 -0.750768 -1.118745
0 0.495102 0.440779 -0.721151 -0.415551
0 0.495657 0.435500 -0.721614 -0.426216
0 0.494520 0.440762 -0.721900 -0.415480
0 0.496242 0.434919 -0.720530 -0.426669
0 0.495694 0.434722 -0.721610 -0.427282
0 0.733582 0.951658 -0.751357 -1.124011
0 0.492779 0.446533 -0.725307 -0.411368
0 0.492583 0.446067 -0.724396 -0.412440
0 0.722166 0.957558 -0.768986 -1.077345
0 0.722251 0.956634 -0.768771 -1.076336
0 0.720874 0.956170 -0.770922 -1.077439
0 0.721032 0.735943 0.064278 -0.475683
0 0.501062 0.571438 -0.700495 -0.331522
0 0.499475 0.570564 -0.702794 -0.330810
0 0.725774 0.735859 0.073255 -0.473762
0 0.721776 0.953253 -0.779323 -1.111186
0 0.500569 0.559480 -0.702801 -0.333252
