0 0.698761 0.693235 -0.937252 -0.944791
0 0.694498 0.692638 -0.945658 -0.947288
0 0.694567 0.692656 -0.944989 -0.946762
0 0.696801 0.691412 -0.937827 -0.944512
0 0.698986 0.692868 -0.937120 -0.945930
0 0.697196 0.690728 -0.936537 -0.945166
0 0.693754 0.692366 -0.952433 -0.946258
0 0.693879 0.692245 -0.951427 -0.945796
0 0.687723 0.692167 -0.978846 -0.949487
0 0.689136 0.691781 -0.976406 -0.949619
0 0.688938 0.691672 -0.976842 -0.949202
0 0.696326 0.692797 -0.946818 -0.946528
0 0.687797 0.693253 -0.981089 -0.948382
0 0.696273 0.690865 -0.950322 -0.946659
0 0.688405 0.695969 -0.978478 -0.943296
0 0.696310 0.691961 -0.950588 -0.943678
0 0.693557 0.691131 -0.961429 -0.945559
0 0.133224 0.294029 -0.037404 -0.151360
0 0.133138 0.292288 -0.037395 -0.154632
0 0.133476 0.294882 -0.039446 -0.154582
0 0.133553 0.292730 -0.036814 -0.153631
0 0.131512 0.290820 -0.040849 -0.153959
0 0.133862 0.291951 -0.038285 -0.156506
0 0.133548 0.294632 -0.039306 -0.156931
0 0.134127 0.294638 -0.038033 -0.156277
0 0.131570 0.291043 -0.040806 -0.156383
0 0.133494 0.292216 -0.038187 -0.156260
0 0.689652 0.692080 -0.958315 -0.943541
0 0.703174 0.689979 -0.916584 -0.944420
0 0.132252 0.289571 -0.040498 -0.163675
0 0.131906 0.282805 -0.035072 -0.160904
0 0.135264 0.296865 -0.036856 -0.146878
0 0.703349 0.691681 -0.916206 -0.943682
0 0.132170 0.282316 -0.033632 -0.163415
0 0.135353 0.295748 -0.036638 -0.148944
0 0.134857 0.295983 -0.037512 -0.148473
0 0.131257 0.289351 -0.041587 -0.164485
