0 0.916834 0.623958 -1.323514 -0.877507
0 0.100644 0.575377 0.070429 -0.722538
0 0.916281 0.623458 -1.324150 -0.878538
0 0.103977 0.572525 0.069800 -0.728999
0 0.101315 0.575554 0.069810 -0.723421
0 0.103681 0.572262 0.069643 -0.729402
0 0.103097 0.573972 0.071744 -0.723014
0 0.102606 0.573654 0.071439 -0.724132
0 0.103553 0.572180 0.069322 -0.729604
0 0.101195 0.572361 0.070692 -0.730662
0 0.101661 0.571998 0.070759 -0.731848
0 0.103912 0.572402 0.071029 -0.720778
0 0.104190 0.572618 0.070355 -0.720382
0 0.103866 0.572565 0.070550 -0.720894
0 0.917705 0.620801 -1.320728 -0.889918
0 0.916542 0.620635 -1.323235 -0.890486
0 0.915993 0.621882 -1.322994 -0.887054
0 0.917248 0.621120 -1.319800 -0.888058
0 0.102934 0.566730 0.071174 -0.742246
0 0.917678 0.620790 -1.320862 -0.890338
0 0.917532 0.622338 -1.319561 -0.886557
0 0.916216 0.621094 -1.325249 -0.889214
0 0.105637 0.570262 0.071260 -0.739448
0 0.916608 0.620977 -1.324720 -0.889617
0 0.106968 0.569524 0.073909 -0.740873
0 0.105677 0.569185 0.071166 -0.741447
0 0.916102 0.621960 -1.318234 -0.885023
0 0.916224 0.622334 -1.318075 -0.884018
0 0.916786 0.628109 -1.321956 -0.863302
0 0.915949 0.624338 -1.320543 -0.869841
0 0.916537 0.625187 -1.319156 -0.868758
0 0.103249 0.574591 0.069110 -0.740147
0 0.917013 0.624758 -1.318691 -0.869328
0 0.097697 0.569085 0.063043 -0.743267
0 0.917574 0.626347 -1.323780 -0.859269
0 0.918061 0.625436 -1.323104 -0.859663
0 0.917945 0.626205 -1.322868 -0.858593
