0 0.461793 0.730599 0.224264 -0.661809
0 0.460688 0.730399 0.221798 -0.661618
0 0.459419 0.729581 0.220462 -0.662884
0 0.472244 0.723340 0.234033 -0.674630
0 0.470468 0.723004 0.231228 -0.674795
0 0.471477 0.722534 0.233287 -0.675392
0 0.462286 0.711728 0.207833 -0.704097
0 0.455312 0.704951 0.188272 -0.705516
0 0.470654 0.727821 0.236858 -0.683522
0 0.470967 0.727443 0.236856 -0.684115
0 0.470060 0.726835 0.235576 -0.684684
0 0.448437 0.713496 0.196762 -0.714586
0 0.458201 0.697584 0.194341 -0.716031
