0 0.558512 0.763184 -0.497705 -0.566829
0 0.556982 0.762379 -0.500663 -0.566972
0 0.558400 0.763615 -0.498093 -0.565457
0 0.194378 0.788056 0.078937 -0.488099
0 0.194574 0.789201 0.079806 -0.485626
0 0.204759 0.766266 0.083246 -0.000958
0 0.204113 0.768089 0.081711 0.001568
0 0.194347 0.788120 0.079741 -0.485892
0 0.204112 0.766403 0.081303 -0.001169
0 0.557619 0.758042 -0.502191 -0.575012
0 0.524567 0.740591 -0.566643 -0.168987
0 0.532002 0.748889 -0.554021 -0.144018
0 0.524359 0.738490 -0.567314 -0.170657
0 0.532122 0.748802 -0.554138 -0.145157
0 0.532102 0.747812 -0.553697 -0.145390
0 0.558513 0.763463 -0.503854 -0.564563
0 0.525028 0.737781 -0.565402 -0.172317
0 0.558912 0.764957 -0.502662 -0.560934
0 0.559746 0.764724 -0.502370 -0.560122
0 0.198338 0.771261 0.071966 0.034894
0 0.560796 0.752967 -0.496773 -0.573646
0 0.192308 0.791923 0.081732 -0.479080
0 0.558219 0.764399 -0.492262 -0.566299
0 0.191571 0.792513 0.080616 -0.478122
0 0.558633 0.764521 -0.491731 -0.566199
0 0.558001 0.764880 -0.492791 -0.565296
0 0.191809 0.792384 0.081146 -0.477902
0 0.525714 0.744436 -0.574041 -0.160593
0 0.531983 0.753035 -0.562550 -0.155754
0 0.207146 0.750263 0.087143 -0.021327
0 0.208073 0.757845 0.092724 -0.005998
0 0.525238 0.732765 -0.573672 -0.171248
0 0.526439 0.736519 -0.570703 -0.167713
0 0.525673 0.732423 -0.572377 -0.171326
0 0.206943 0.777518 0.081233 0.011257
0 0.199521 0.795580 0.086262 -0.468658
0 0.191206 0.777588 0.080870 -0.470839
0 0.200101 0.795651 0.087509 -0.467815
0 0.199475 0.795259 0.086438 -0.468670
0 0.204601 0.734250 0.076276 -0.017843
0 0.197806 0.781494 0.076054 -0.474777
0 0.519887 0.739450 -0.566921 -0.171042
0 0.209195 0.772853 0.090629 -0.025433
0 0.564019 0.760968 -0.488454 -0.579058
0 0.556716 0.750176 -0.503357 -0.591463
0 0.185602 0.777935 0.072200 -0.472791
0 0.565901 0.748164 -0.482809 -0.557319
0 0.529444 0.750799 -0.549988 -0.174604
0 0.185891 0.795556 0.076500 -0.476214
0 0.559735 0.742928 -0.498668 -0.587222
0 0.206401 0.734647 0.086715 -0.016740
0 0.183186 0.794169 0.071546 -0.480945
0 0.191318 0.794176 0.074979 -0.501738
0 0.529515 0.786216 -0.562118 -0.106395
0 0.191146 0.795323 0.074737 -0.499653
