0 0.684229 0.528291 -0.840244 0.347659
0 0.684589 0.526626 -0.838903 0.344499
0 0.685365 0.527958 -0.839867 0.348879
0 0.773054 1.084481 0.269922 0.712228
0 0.673039 0.526835 -1.081115 0.330398
0 0.673863 0.529351 -1.078272 0.332599
0 0.679321 0.536328 -0.841215 0.326229
0 0.668837 0.543283 -1.106730 0.358118
0 0.669676 0.542984 -1.101485 0.355430
0 0.667503 0.559689 -1.116344 0.340738
0 0.675206 0.531342 -0.842837 0.347090
0 0.674421 0.531566 -0.842346 0.348860
0 0.686090 0.520759 -0.839982 0.345523
0 0.686566 0.519476 -0.838778 0.341471
0 0.679159 0.530938 -0.836316 0.348398
0 0.685534 0.520748 -0.841597 0.346372
0 0.666669 0.555050 -1.122126 0.354165
0 0.667511 0.533855 -1.117315 0.352394
0 0.664965 0.543910 -0.836862 0.345874
0 0.671588 0.556399 -1.090950 0.330647
