0 0.156433 0.936673 0.105831 -0.729439
0 0.482930 0.750028 -0.180644 -0.071565
0 0.483223 0.750202 -0.180284 -0.072513
0 0.156125 0.935059 0.105472 -0.730786
0 0.481986 0.750683 -0.179041 -0.066939
0 0.492898 0.773452 -0.154353 -0.058777
0 0.493701 0.774124 -0.150655 -0.057772
0 0.494474 0.773521 -0.149558 -0.060031
0 0.159042 0.936687 0.107298 -0.727176
0 0.288958 0.902761 -0.127711 -0.259273
0 0.288043 0.902595 -0.128697 -0.260658
0 0.294735 0.903248 -0.122956 -0.254267
0 0.476988 0.762747 -0.219267 -0.066301
0 0.155165 0.963357 0.102613 -0.739010
0 0.477781 0.763774 -0.174161 -0.070240
0 0.155322 0.965850 0.102991 -0.733978
0 0.289801 0.885939 -0.125725 -0.332211
0 0.289764 0.886715 -0.125623 -0.331960
0 0.156487 0.924799 0.104673 -0.705874
0 0.156388 0.926143 0.104229 -0.702357
0 0.160671 0.927312 0.107679 -0.725949
0 0.161235 0.928338 0.108022 -0.723646
0 0.162492 0.927543 0.109359 -0.725697
0 0.292656 0.885692 -0.123917 -0.329350
0 0.473766 0.745320 -0.230849 -0.076825
0 0.472714 0.745561 -0.232046 -0.074034
0 0.158846 0.924266 0.106949 -0.706576
0 0.479734 0.772310 -0.166848 -0.095768
0 0.490184 0.756076 -0.151425 -0.064479
0 0.279473 0.892000 -0.134129 -0.342982
0 0.471408 0.745142 -0.233027 -0.075471
0 0.488635 0.754884 -0.155456 -0.066953
0 0.156004 0.904494 0.106509 -0.756549
0 0.156725 0.908717 0.106283 -0.748093
0 0.158496 0.965002 0.102736 -0.734292
0 0.491676 0.755118 -0.148643 -0.066253
0 0.280534 0.904674 -0.131566 -0.279288
0 0.156643 0.939146 0.107052 -0.727296
0 0.157940 0.932318 0.111088 -0.736620
