0 0.427396 1.237199 -0.089922 -0.124460
0 0.426025 1.236893 -0.092038 -0.125818
0 0.259045 1.070689 -0.347379 -1.139473
0 0.256829 1.075547 -0.352358 -1.138519
0 0.256957 1.083126 -0.352199 -1.135636
0 0.256885 1.069790 -0.352147 -1.146835
0 0.255748 1.032278 -0.356410 -1.173606
0 0.256887 1.071875 -0.351902 -1.149516
0 0.256017 1.030851 -0.355964 -1.176401
0 0.255745 1.032780 -0.356233 -1.173430
0 0.404795 1.212676 -0.096625 -0.146995
0 0.404526 1.214288 -0.098394 -0.144273
0 0.565893 1.248818 -0.360907 -0.139385
0 0.566820 1.247573 -0.361614 -0.142920
0 0.556485 1.251224 -0.456401 -0.130749
0 0.559741 1.247797 -0.441049 -0.136831
0 0.547321 1.265445 -0.411260 -0.099057
0 0.413647 1.195946 -0.099760 -0.138643
0 0.261165 1.075340 -0.344509 -1.132452
0 0.413454 1.193928 -0.100246 -0.143819
0 0.552437 1.270996 -0.449162 -0.084779
0 0.254422 1.003900 -0.361406 -1.179142
0 0.254461 1.000649 -0.360932 -1.185692
0 0.259470 1.083023 -0.342892 -1.138383
0 0.435889 1.214820 -0.067794 -0.114656
0 0.254580 1.005454 -0.360848 -1.175464
0 0.260899 1.085926 -0.347159 -1.128727
0 0.254231 1.036435 -0.360261 -1.155843
0 0.255823 1.010935 -0.357060 -1.186845
0 0.253993 1.031797 -0.361125 -1.162639
0 0.556716 1.241990 -0.506178 -0.149516
0 0.454991 1.214489 -0.059892 -0.123510
0 0.512019 1.247486 -0.344422 -0.135681
0 0.564962 1.252549 -0.518685 -0.126598
0 0.559382 1.241083 -0.501252 -0.151462
0 0.258765 1.084826 -0.342990 -1.134738
0 0.253870 1.033960 -0.361283 -1.162617
0 0.563942 1.251198 -0.516968 -0.127598
0 0.524539 1.248293 -0.332691 -0.133655
0 0.557081 1.253255 -0.596261 -0.127591
0 0.401146 1.161089 -0.089476 -0.156190
0 0.396450 1.207871 -0.103704 -0.104732
0 0.400517 1.162497 -0.089886 -0.153306
0 0.472834 1.231162 -0.063034 -0.144264
0 0.471056 1.233120 -0.064743 -0.139621
0 0.560069 1.252962 -0.586493 -0.128167
