0 0.567597 0.525298 -0.347134 -0.215311
0 0.566090 0.525097 -0.351283 -0.215216
0 0.567912 0.526573 -0.345178 -0.213592
0 0.327048 0.550738 -0.248302 -0.326132
0 0.326983 0.550196 -0.248075 -0.326544
0 0.327783 0.548050 -0.245725 -0.326240
0 0.327700 0.547357 -0.247368 -0.328474
0 0.325118 0.550962 -0.253970 -0.321386
0 0.325099 0.550914 -0.254469 -0.323560
0 0.325124 0.551270 -0.254510 -0.321784
0 0.329491 0.547839 -0.246784 -0.326711
0 0.329149 0.551008 -0.242658 -0.324835
0 0.546667 0.523225 -0.396445 -0.233623
0 0.546988 0.521562 -0.397036 -0.237635
0 0.548082 0.525732 -0.394711 -0.206972
0 0.328477 0.549387 -0.247463 -0.316581
0 0.328347 0.548169 -0.247540 -0.316598
0 0.547827 0.525606 -0.394538 -0.205935
0 0.328853 0.548489 -0.246811 -0.316772
0 0.569580 0.522546 -0.338269 -0.215454
0 0.571825 0.522855 -0.334323 -0.214823
0 0.571590 0.522088 -0.334814 -0.216623
0 0.561719 0.526312 -0.382100 -0.206118
0 0.562651 0.525359 -0.379510 -0.205875
0 0.563248 0.525580 -0.380175 -0.205747
0 0.329009 0.550912 -0.248669 -0.329535
0 0.328947 0.552371 -0.249816 -0.327109
0 0.327231 0.552037 -0.251183 -0.331770
0 0.327406 0.551437 -0.250218 -0.333492
0 0.545825 0.522809 -0.384503 -0.213467
0 0.545843 0.521814 -0.385364 -0.215408
0 0.326273 0.553007 -0.253381 -0.330556
0 0.542879 0.523300 -0.381304 -0.239400
0 0.543130 0.523446 -0.381380 -0.238771
0 0.557062 0.522257 -0.335673 -0.223224
0 0.556852 0.523437 -0.335444 -0.223281
0 0.556083 0.524018 -0.336051 -0.223057
0 0.331035 0.550810 -0.244843 -0.329238
0 0.553690 0.521906 -0.418133 -0.204618
0 0.554051 0.520372 -0.416314 -0.205711
0 0.328245 0.554720 -0.240617 -0.322674
0 0.328415 0.552823 -0.240903 -0.327390
