0 0.485877 0.947134 -0.364193 -0.112926
0 0.486659 0.948399 -0.362642 -0.113004
0 0.486111 0.940648 -0.364414 -0.122896
0 0.471976 0.781654 -0.417787 -0.115227
0 0.472197 0.784130 -0.417237 -0.110148
0 0.473549 0.789149 -0.411768 -0.106191
0 0.488080 0.918320 -0.361449 -0.041591
0 0.487063 0.922753 -0.363164 -0.039146
0 0.488245 0.914995 -0.361418 -0.045110
0 0.483970 0.944533 -0.360757 -0.105049
0 0.484135 0.945218 -0.360597 -0.104934
0 0.485688 0.944013 -0.357324 -0.105225
0 0.482630 0.983087 -0.368248 -0.102285
0 0.483094 0.983342 -0.368184 -0.102389
0 0.482527 0.962869 -0.369011 -0.139705
0 0.491807 0.934831 -0.348621 -0.120024
0 0.488541 0.965846 -0.356866 -0.140101
0 0.467024 0.748618 -0.440664 -0.130084
0 0.480546 0.781809 -0.403450 -0.123770
0 0.491712 0.905686 -0.348526 -0.094119
0 0.472055 0.748386 -0.433277 -0.143840
0 0.471662 0.746146 -0.433531 -0.152088
0 0.472023 0.753988 -0.432782 -0.148302
0 0.488946 1.004623 -0.358695 -0.131853
