0 0.637345 0.736426 -1.086035 -0.178497
0 0.637122 0.738351 -1.085723 -0.174690
0 0.817185 1.301624 0.451781 0.586097
0 0.183425 0.414613 -0.120241 -0.085792
0 0.183570 0.414852 -0.119921 -0.085219
0 0.634615 0.734779 -1.091458 -0.204697
0 0.181837 0.409356 -0.121014 -0.091113
0 0.182006 0.409821 -0.121224 -0.089635
0 0.181738 0.409851 -0.121261 -0.088337
0 0.634947 0.734001 -1.091442 -0.205819
0 0.183536 0.411854 -0.119653 -0.088293
0 0.183062 0.411833 -0.120127 -0.087570
0 0.637095 0.733951 -1.087255 -0.192936
0 0.634509 0.737607 -1.085701 -0.170863
0 0.184683 0.414608 -0.118766 -0.092902
0 0.571642 0.558871 -0.962569 -0.292857
0 0.184805 0.413898 -0.118856 -0.094881
0 0.634779 0.739367 -1.084308 -0.169313
0 0.634833 0.730841 -1.096644 -0.207163
0 0.634968 0.728233 -1.096009 -0.214745
0 0.637575 0.735594 -1.085317 -0.190376
0 0.634887 0.712453 -1.086374 -0.197744
0 0.634383 0.716149 -1.086820 -0.195662
0 0.572652 0.564012 -0.959225 -0.285870
0 0.572221 0.541276 -0.959946 -0.308670
0 0.570439 0.529297 -0.962973 -0.318054
0 0.572109 0.543059 -0.960647 -0.304805
0 0.572262 0.542940 -0.959542 -0.304764
0 0.182102 0.408557 -0.122692 -0.088614
0 0.183945 0.407857 -0.118591 -0.089646
0 0.571592 0.544194 -0.964763 -0.307572
0 0.571920 0.546450 -0.963910 -0.302465
0 0.571572 0.546704 -0.964925 -0.301997
0 0.571249 0.530297 -0.960003 -0.314408
0 0.181951 0.408175 -0.123123 -0.087986
0 0.636676 0.708428 -1.087052 -0.203018
0 0.180418 0.403999 -0.122173 -0.090364
0 0.636192 0.715399 -1.088384 -0.191959
0 0.180505 0.400987 -0.122196 -0.096270
0 0.180817 0.402450 -0.122113 -0.093439
0 0.572377 0.521673 -0.957248 -0.314676
0 0.572404 0.521800 -0.957222 -0.314091
0 0.572542 0.521586 -0.956824 -0.314823
0 0.571034 0.564203 -0.956395 -0.288639
0 0.184626 0.422877 -0.114932 -0.089248
0 0.184852 0.426784 -0.114529 -0.080733
0 0.184989 0.425463 -0.115010 -0.084105
0 0.571438 0.616879 -0.960021 -0.244313
0 0.571234 0.612485 -0.961439 -0.248336
0 0.572541 0.562860 -0.952693 -0.293573
0 0.636340 0.709860 -1.079791 -0.180357
