0 0.328038 1.138044 0.222090 0.071017
0 0.721166 0.869771 -0.782752 -0.018152
0 0.722386 0.863737 -0.781093 -0.029368
0 0.378179 0.624583 -0.350842 -0.312266
0 0.722278 0.869970 -0.781443 -0.022521
0 0.378083 0.625463 -0.350679 -0.312573
0 0.379223 0.629879 -0.350205 -0.309721
0 0.581133 0.715971 -0.658586 -0.327737
0 0.581581 0.717342 -0.658071 -0.324657
0 0.379925 0.594916 -0.350864 -0.379447
0 0.581592 0.717135 -0.657885 -0.325837
0 0.378561 0.595537 -0.353719 -0.378875
0 0.579266 0.719294 -0.659563 -0.327429
0 0.579025 0.719736 -0.660794 -0.326086
0 0.579442 0.719826 -0.658359 -0.326523
0 0.380396 0.593356 -0.350488 -0.382473
0 0.378093 0.604998 -0.353156 -0.320526
0 0.378488 0.604592 -0.353229 -0.321576
0 0.381473 0.586870 -0.350747 -0.347187
0 0.380202 0.585902 -0.353293 -0.347658
0 0.379551 0.606361 -0.352140 -0.320079
0 0.381616 0.586104 -0.350857 -0.346018
0 0.726849 0.861351 -0.759953 -0.017978
0 0.727713 0.855179 -0.758558 -0.029505
0 0.724579 0.862704 -0.763054 -0.018181
0 0.379241 0.642585 -0.348551 -0.307794
0 0.379889 0.640744 -0.347360 -0.311839
0 0.576552 0.700365 -0.675468 -0.336967
0 0.577328 0.701417 -0.673966 -0.336055
0 0.581715 0.718229 -0.664357 -0.315821
0 0.576833 0.703459 -0.675853 -0.331694
0 0.379096 0.644095 -0.348650 -0.309286
0 0.723039 0.865823 -0.765653 -0.016476
0 0.724290 0.858884 -0.765486 -0.030706
0 0.722756 0.937541 -0.785786 0.025418
0 0.722754 0.937014 -0.785439 0.026864
0 0.381578 0.646708 -0.346173 -0.327147
0 0.724139 0.866677 -0.763269 -0.016112
0 0.379862 0.640541 -0.349878 -0.339178
0 0.464794 1.053041 -0.003304 -0.514740
0 0.465944 1.052633 -0.001213 -0.514521
0 0.465318 1.054567 -0.003152 -0.515425
0 0.727926 0.871569 -0.747297 -0.029896
0 0.381568 0.601279 -0.346056 -0.371152
0 0.381813 0.600924 -0.345072 -0.372176
0 0.725354 0.877666 -0.755826 -0.055136
0 0.381818 0.596617 -0.345610 -0.381912
0 0.378929 0.585323 -0.356154 -0.329595
0 0.379571 0.585069 -0.355184 -0.329991
