0 0.926752 1.292334 -0.804395 0.755568
0 0.924977 1.298737 -0.806322 0.765715
0 0.712214 1.505786 -0.112273 0.562063
0 0.713829 1.515584 -0.111389 0.576098
0 0.948850 1.302891 -0.596847 0.767744
0 0.946963 1.308565 -0.600547 0.776883
0 0.668030 1.472961 -0.185606 0.599508
0 0.670253 1.487700 -0.180234 0.624492
0 0.911824 1.309748 -0.902024 0.774225
0 0.912286 1.304963 -0.900643 0.763548
0 0.731763 1.504570 -0.131021 0.561681
0 0.737308 1.515012 -0.116871 0.578783
0 0.893752 1.302524 -0.607800 0.774237
0 0.891176 1.307387 -0.613965 0.784302
0 0.943190 1.321786 -0.596957 0.722385
0 0.942028 1.324598 -0.597488 0.724196
0 0.424515 0.581842 -0.243969 0.391814
0 0.425587 0.581457 -0.241327 0.389444
0 0.424015 0.586527 -0.245408 0.396656
0 0.688425 0.604369 -0.647654 0.329102
0 0.687460 0.605450 -0.647422 0.330741
0 0.896797 1.344207 -0.595470 0.756418
0 0.855319 1.305162 -1.272567 0.754144
0 0.688318 0.606640 -0.647650 0.330685
0 0.897056 1.339019 -0.596592 0.741137
