0 1.053253 0.857037 -0.534580 -0.002176
0 1.052719 0.857941 -0.536749 0.001339
0 1.015211 0.855382 -0.782268 0.007193
0 1.012890 0.856330 -0.784127 0.010483
0 0.737906 0.855900 0.059222 0.062840
0 0.628450 0.542561 -0.780391 -0.320748
0 0.625918 0.537660 -0.785091 -0.329102
0 0.900683 0.617843 -1.212392 -0.980760
0 0.655211 0.528967 -0.746069 -0.305377
0 0.627461 0.534534 -0.806026 -0.328730
0 0.625429 0.530129 -0.811034 -0.335929
0 0.900231 0.619109 -1.213928 -0.979601
0 0.656068 0.531003 -0.742438 -0.303165
0 0.796624 0.853596 0.147438 -0.015165
0 0.906718 0.613917 -1.198613 -0.979922
0 0.737308 0.847330 0.496613 0.018020
0 0.644848 0.530073 -0.752344 -0.311283
0 0.643416 0.527937 -0.754936 -0.313672
0 0.884129 0.617387 -1.213871 -0.980894
