0 0.673068 0.917940 -1.080302 -1.340224
0 0.672966 0.917491 -1.080663 -1.340643
0 0.673056 0.915118 -1.078760 -1.345585
0 0.672950 0.915770 -1.077883 -1.343378
0 0.672726 0.914897 -1.078194 -1.345664
0 0.673384 0.915105 -1.078193 -1.340718
0 0.673059 0.915681 -1.078423 -1.340139
0 0.669388 0.915111 -1.090507 -1.349164
0 0.670404 0.914515 -1.089201 -1.350280
0 0.670286 0.915314 -1.089497 -1.349554
0 0.673381 0.915693 -1.072690 -1.341798
0 0.674017 0.915984 -1.071138 -1.340863
0 0.851656 1.203513 0.600685 0.371057
0 0.673375 0.917098 -1.068981 -1.340654
0 0.673760 0.917737 -1.067867 -1.339570
0 0.673353 0.917651 -1.068454 -1.338831
