0 0.747862 0.650424 -0.060468 -0.619815
0 0.748909 0.649733 -0.058548 -0.620405
0 0.747763 0.650207 -0.061641 -0.621056
0 0.759561 0.646400 -0.035350 -0.619303
0 0.759704 0.645539 -0.033376 -0.620092
0 0.758832 0.646934 -0.035968 -0.619105
0 0.750554 0.648297 -0.072309 -0.624305
0 0.755776 0.646613 -0.065774 -0.628502
0 0.623944 0.294542 -1.169820 -0.304075
0 0.623438 0.294120 -1.171508 -0.304249
0 0.622720 0.293927 -1.174646 -0.306291
0 0.760851 0.647509 -0.052214 -0.625848
0 0.624039 0.294861 -1.169515 -0.302673
0 0.621654 0.293232 -1.175943 -0.305725
0 0.623338 0.294505 -1.173881 -0.304931
0 0.621686 0.296191 -1.174902 -0.298098
0 0.621989 0.294041 -1.175223 -0.304263
0 0.623578 0.294335 -1.173640 -0.305310
0 0.621932 0.297156 -1.174252 -0.296231
0 0.755546 0.643767 -0.021043 -0.616358
0 0.754607 0.644577 -0.023561 -0.614084
0 0.754950 0.644798 -0.023854 -0.614367
0 0.623984 0.292153 -1.169799 -0.302306
0 0.624330 0.292438 -1.169255 -0.301898
0 0.624523 0.292269 -1.169127 -0.301932
