0 0.525332 0.309883 -0.650152 -0.153623
0 0.525430 0.310260 -0.650013 -0.153892
0 0.525546 0.312309 -0.654960 -0.152114
0 0.524890 0.312732 -0.655953 -0.150790
0 0.524792 0.312054 -0.656549 -0.152514
0 0.524056 0.308883 -0.656997 -0.158156
0 0.524704 0.309254 -0.655962 -0.157724
0 0.525188 0.311003 -0.652347 -0.153567
0 0.524766 0.311790 -0.656601 -0.149779
0 0.525945 0.310540 -0.650952 -0.154155
0 0.525749 0.311103 -0.654977 -0.150385
0 0.524712 0.311109 -0.657268 -0.150778
0 1.144695 0.988883 0.773785 0.172387
0 1.147442 1.097748 0.762196 0.267325
0 0.525132 0.316885 -0.647893 -0.147492
0 0.524029 0.318358 -0.650354 -0.145151
0 0.523867 0.316874 -0.650523 -0.146642
