0 0.298919 1.156352 -0.027813 0.463227
0 0.299537 1.157706 -0.029375 0.466810
0 0.305410 1.174398 -0.032579 0.507502
0 0.304889 1.171068 -0.033302 0.503683
0 0.572720 0.885767 -0.804121 -0.834908
0 0.572957 0.885761 -0.803950 -0.835235
0 0.571946 0.888884 -0.800165 -0.831800
0 0.572476 0.890410 -0.799657 -0.827926
0 0.294855 1.183544 -0.027215 0.521932
0 0.293716 1.183683 -0.026934 0.527574
0 0.572009 0.877157 -0.805866 -0.823822
0 0.571654 0.874877 -0.807543 -0.830032
0 0.571015 0.889187 -0.805861 -0.828953
0 0.570509 0.885450 -0.805646 -0.833207
0 0.302928 1.184025 -0.034395 0.515929
0 0.303242 1.186814 -0.033304 0.528611
0 0.591393 0.831808 -0.949282 -0.889656
0 0.592665 0.830768 -0.946818 -0.894961
0 0.590148 0.802186 -0.949195 -0.903478
0 0.592267 0.800922 -0.944702 -0.908689
0 0.436887 1.185312 -0.326232 0.531835
0 0.571417 0.873816 -0.805426 -0.851069
0 0.435562 1.173664 -0.328808 0.519823
0 0.574204 0.919019 -0.799988 -0.808695
0 0.573394 0.905975 -0.800812 -0.829244
0 0.589549 0.805175 -0.950580 -0.910106
0 0.589086 0.804873 -0.951005 -0.910228
0 0.589325 0.799874 -0.950555 -0.920602
