0 0.261143 0.353186 0.087430 0.009683
0 0.701577 0.397804 -0.909135 0.125288
0 0.701232 0.397271 -0.909340 0.123925
0 0.701201 0.398966 -0.909573 0.127721
0 0.701559 0.400015 -0.909331 0.125422
0 0.702071 0.399477 -0.908886 0.123804
0 0.702192 0.399950 -0.904548 0.141416
0 0.700710 0.400570 -0.911120 0.126458
0 0.704236 0.394701 -0.902556 0.120312
0 0.704058 0.394683 -0.902834 0.120070
0 0.703502 0.397036 -0.915741 0.136224
0 0.703957 0.396859 -0.902047 0.124587
0 0.257573 0.347837 0.081791 0.005396
0 0.261168 0.341826 0.075522 0.000862
0 0.260995 0.342458 0.075669 0.004637
0 0.259898 0.357634 0.085507 0.013304
0 0.704683 0.391889 -0.913367 0.127513
0 0.702245 0.404750 -0.913050 0.141333
0 0.702250 0.393361 -0.904614 0.129293
0 0.669928 1.216211 0.086386 0.499337
0 0.631552 1.235244 0.010785 0.670560
0 0.653426 1.241159 -0.004263 0.672415
0 0.651234 1.238849 -0.007976 0.663254
0 0.702607 0.397680 -0.901082 0.120065
0 0.703217 0.397788 -0.900394 0.119279
0 0.702372 0.398820 -0.900798 0.120257
0 0.589003 1.129434 -0.060405 0.580647
0 0.588738 1.120912 -0.060691 0.567211
0 0.702257 0.396462 -0.913272 0.123042
