0 1.036573 0.694319 0.683592 -0.855463
0 1.030107 0.693585 0.672569 -0.855661
0 1.040399 0.691401 0.693671 -0.861830
0 1.035294 0.694089 0.681673 -0.856163
0 1.043644 0.691483 0.696733 -0.862034
0 1.035010 0.690735 0.682782 -0.862477
0 1.224451 0.587702 -1.222838 -0.932636
0 1.215535 0.586213 -1.226210 -0.935531
0 1.224257 0.588140 -1.222316 -0.931938
0 0.953548 0.561887 -0.968094 -0.920331
0 0.955362 0.560943 -0.960789 -0.921386
0 1.217658 0.586358 -1.224801 -0.935203
0 0.950100 0.404095 -0.835290 -0.354614
0 0.937412 0.401654 -0.840757 -0.359616
0 0.950772 0.402857 -0.834534 -0.353890
0 0.938034 0.400332 -0.842649 -0.359438
0 0.949787 0.403587 -0.836569 -0.357891
0 0.938950 0.401020 -0.838901 -0.362586
0 0.952341 0.562058 -0.972203 -0.918881
0 0.954622 0.565189 -0.979649 -0.918895
0 0.953792 0.565297 -0.981375 -0.919281
0 0.951508 0.561095 -0.974004 -0.919493
0 0.947931 0.405533 -0.845838 -0.353577
0 0.946026 0.405099 -0.848945 -0.354707
0 0.942425 0.402065 -0.833851 -0.359233
0 0.941556 0.401588 -0.837004 -0.360645
0 1.237374 0.589085 -1.206956 -0.929357
0 1.237213 0.588820 -1.207375 -0.929225
0 0.931510 0.403005 -0.833860 -0.360240
0 0.931610 0.403225 -0.833807 -0.361079
0 0.968919 0.407930 -0.822484 -0.343048
0 1.243510 0.589467 -1.205747 -0.932269
0 0.933733 0.403084 -0.831908 -0.359431
0 1.243790 0.589225 -1.204165 -0.931959
0 0.965817 0.407656 -0.829351 -0.344173
0 0.967034 0.407864 -0.827896 -0.344166
0 1.232840 0.588651 -1.233464 -0.925788
0 0.957449 0.564197 -0.964019 -0.916914
0 1.232933 0.588617 -1.233082 -0.925517
0 0.929821 0.555515 -0.983108 -0.924646
0 0.936164 0.396115 -0.842951 -0.362615
0 0.929866 0.556842 -0.982097 -0.923438
0 0.932324 0.560248 -0.975339 -0.926499
0 0.932934 0.559896 -0.972959 -0.926097
0 0.947407 0.398877 -0.854019 -0.356356
0 0.936585 0.395244 -0.844232 -0.363535
0 0.948363 0.399267 -0.852313 -0.356808
0 1.048025 0.698726 0.689771 -0.861225
0 1.038121 0.699588 0.675654 -0.860930
0 1.042159 0.698962 0.683420 -0.861725
0 0.974588 0.560378 -0.965357 -0.919033
0 0.960213 0.564800 -0.954334 -0.916530
0 1.194371 0.586528 -1.230916 -0.934427
0 1.195345 0.585749 -1.231172 -0.934896
0 0.961431 0.565166 -0.982408 -0.921178
0 1.045853 0.687297 0.681296 -0.851588
