0 0.164291 0.731580 0.112922 -0.734530
0 0.164509 0.731400 0.114347 -0.733721
0 0.160822 0.733764 0.112464 -0.743184
0 0.159317 0.729656 0.110513 -0.749716
0 0.166994 0.732145 0.115235 -0.730986
0 0.167458 0.733235 0.116140 -0.730343
0 0.164279 0.731758 0.113270 -0.737213
0 0.163594 0.731330 0.111514 -0.737767
0 0.146431 0.735465 0.100669 -0.742186
0 0.655398 0.495100 -0.929728 -0.667906
0 0.656451 0.494434 -0.927883 -0.668681
0 0.655503 0.494695 -0.929564 -0.668852
0 0.651236 0.497988 -0.944243 -0.666664
0 0.651709 0.497787 -0.942921 -0.666106
0 0.146962 0.732035 0.101361 -0.747373
0 0.656523 0.498082 -0.932570 -0.662051
0 0.656782 0.496995 -0.932103 -0.662981
0 0.655877 0.500246 -0.928780 -0.660395
0 0.655459 0.500057 -0.929784 -0.660862
0 0.655364 0.499589 -0.929976 -0.661446
0 0.158721 0.727610 0.109207 -0.755779
0 0.157607 0.722507 0.108659 -0.781319
0 0.156452 0.723052 0.106988 -0.781133
0 0.156484 0.719146 0.106644 -0.788524
0 0.910701 0.645823 -1.003389 -0.445469
0 0.169815 0.735868 0.119509 -0.722277
0 0.908550 0.645208 -1.004756 -0.446997
0 0.911718 0.647936 -1.000780 -0.443185
0 0.175774 0.733842 0.124037 -0.744765
0 0.649498 0.497826 -0.941287 -0.659285
0 0.169846 0.735596 0.119581 -0.724427
0 0.174947 0.732008 0.121212 -0.746968
0 0.650228 0.494786 -0.939195 -0.663169
0 0.653989 0.493322 -0.933953 -0.664787
0 0.884046 0.514448 -1.526094 -0.487955
0 0.884616 0.511857 -1.524888 -0.492031
0 0.884449 0.515334 -1.525277 -0.487991
0 0.909252 0.644352 -1.011282 -0.448975
0 0.911274 0.645051 -1.011284 -0.445824
0 0.884058 0.515141 -1.528355 -0.509988
0 0.146558 0.727981 0.100775 -0.758219
0 0.911352 0.645395 -1.011354 -0.445283
0 0.884087 0.519700 -1.525416 -0.504755
0 0.617968 0.521263 -0.992588 -0.886216
0 0.654439 0.493848 -0.927088 -0.661716
0 0.656716 0.493153 -0.922651 -0.662645
0 0.883963 0.522864 -1.526092 -0.498392
0 0.884232 0.516233 -1.526013 -0.509216
0 0.617820 0.521691 -0.991871 -0.885239
0 0.654688 0.493994 -0.926921 -0.661098
0 0.655117 0.506948 -0.920149 -0.659243
0 0.654496 0.507038 -0.919500 -0.657838
0 0.883934 0.514090 -1.525760 -0.515793
0 0.883551 0.509569 -1.530619 -0.511848
0 0.922401 0.661212 -0.967248 -0.440419
0 0.652941 0.492717 -0.939929 -0.677755
0 0.917478 0.654290 -0.993458 -0.442817
0 0.918179 0.654935 -0.992315 -0.441417
0 0.917523 0.653318 -0.992019 -0.445280
0 0.883954 0.510218 -1.527663 -0.510388
0 0.621350 0.527714 -0.985383 -0.879049
