0 0.549559 0.917176 -0.980689 -1.030000
0 0.549048 0.916815 -0.982404 -1.031714
0 0.549232 0.915933 -0.981903 -1.030708
0 0.549444 0.922951 -0.980906 -1.027043
0 0.549334 0.922536 -0.982094 -1.028095
0 0.549514 0.921387 -0.981602 -1.029549
0 0.550399 0.917871 -0.985719 -1.023628
0 0.551495 0.919400 -0.983167 -1.019309
0 0.550504 0.918110 -0.985690 -1.020518
0 0.552252 0.918950 -0.971816 -1.029685
0 0.553652 0.917414 -0.969034 -1.029762
0 0.553802 0.909925 -0.963495 -1.038904
0 0.547848 0.897514 -0.987734 -1.032849
0 0.547465 0.896073 -0.988932 -1.035033
0 0.547440 0.898181 -0.988949 -1.031700
0 0.548448 0.895115 -0.953035 -1.063999
0 0.549765 0.896533 -0.950467 -1.061652
0 0.550014 0.894615 -0.949960 -1.064507
0 0.523708 0.870630 -0.961807 -1.076025
0 0.523756 0.870427 -0.961765 -1.077537
0 0.523954 0.870890 -0.961354 -1.076224
