0 0.533177 0.825374 0.357259 -0.175991
0 0.605174 0.336616 -0.611328 -0.208638
0 0.478912 0.511470 -0.769647 -0.594553
0 0.479307 0.512380 -0.769186 -0.593636
0 0.605214 0.336848 -0.612060 -0.208136
0 0.532446 0.826596 0.356480 -0.173053
0 0.605415 0.338855 -0.613813 -0.208040
0 0.605482 0.336868 -0.612643 -0.208464
0 0.479724 0.511465 -0.768654 -0.594563
0 0.605419 0.337916 -0.613202 -0.208945
0 0.605761 0.337732 -0.614524 -0.208041
0 0.916991 0.580166 -1.325754 -0.247978
0 0.916883 0.581856 -1.326094 -0.245462
0 0.919332 0.572468 -1.318615 -0.248884
0 0.919995 0.572474 -1.317616 -0.248415
0 0.798815 0.423701 -0.942559 -0.148989
0 0.799394 0.423904 -0.942369 -0.149184
0 0.799401 0.423792 -0.941726 -0.148733
0 0.481544 0.510761 -0.770892 -0.597608
0 0.480331 0.509962 -0.772505 -0.599006
0 0.481794 0.509836 -0.770450 -0.599130
0 0.608668 0.339164 -0.615855 -0.206994
0 0.480221 0.511106 -0.773101 -0.608064
0 0.799118 0.424653 -0.947767 -0.146751
0 0.609000 0.340798 -0.616076 -0.204624
0 0.799521 0.425164 -0.947825 -0.146454
0 0.800516 0.425112 -0.945770 -0.146707
0 0.515809 0.330899 -0.287214 -0.226577
0 0.480778 0.509925 -0.770254 -0.596785
0 0.480765 0.513363 -0.770801 -0.592940
0 0.481231 0.512035 -0.770006 -0.593942
0 0.515654 0.331710 -0.288388 -0.225867
0 0.515954 0.332076 -0.284007 -0.225423
0 0.918401 0.564456 -1.326253 -0.245776
0 0.796821 0.421022 -0.947613 -0.145007
0 0.516033 0.337709 -0.265333 -0.222948
0 0.515590 0.338879 -0.266364 -0.221087
0 0.519298 0.824794 0.355070 -0.186988
0 0.478912 0.509521 -0.770942 -0.596399
0 0.603594 0.339850 -0.626479 -0.205950
0 0.599963 0.335669 -0.636084 -0.209799
0 0.483045 0.521928 -0.762998 -0.574107
0 0.927433 0.462012 -1.167237 -0.157859
0 0.600337 0.336235 -0.636726 -0.208149
0 0.519585 0.823944 0.351964 -0.187670
0 0.516906 0.339496 -0.263029 -0.221831
0 0.919862 0.572863 -1.307616 -0.249168
0 0.928468 0.460302 -1.166514 -0.160419
0 0.800777 0.432215 -0.942293 -0.145831
0 0.800584 0.429786 -0.943497 -0.149087
0 0.917493 0.563665 -1.328639 -0.245948
0 0.800479 0.429932 -0.942143 -0.149688
0 0.636911 0.541599 -1.035171 -0.699732
0 0.609757 0.341173 -0.615314 -0.201089
0 0.609825 0.341064 -0.614620 -0.201650
0 0.928204 0.462222 -1.165779 -0.158675
0 0.487260 0.517442 -0.763841 -0.588151
0 0.539593 0.829523 0.365791 -0.146448
0 0.537193 0.829528 0.360305 -0.147537
0 0.919210 0.561113 -1.321835 -0.251746
0 0.516706 0.330544 -0.296094 -0.227511
0 0.598032 0.336514 -0.632980 -0.209427
0 0.516662 0.328373 -0.295861 -0.229644
0 0.917612 0.581350 -1.312798 -0.245903
0 0.523346 0.680416 0.128354 -0.122687
0 0.918672 0.562086 -1.322554 -0.248824
0 0.521626 0.680731 0.126588 -0.121455
0 0.638629 0.534731 -1.035908 -0.705720
0 0.797163 0.414326 -0.946963 -0.154275
0 0.522637 0.681324 0.128807 -0.121319
0 0.800969 0.423434 -0.952330 -0.146315
0 0.509115 0.324576 -0.317732 -0.231810
0 0.479583 0.505692 -0.771632 -0.591240
0 0.517228 0.339190 -0.290464 -0.219013
0 0.633956 0.538058 -1.042774 -0.701374
0 0.517047 0.339436 -0.290789 -0.217789
0 0.508732 0.325122 -0.320029 -0.230336
0 0.630911 0.534785 -1.049196 -0.702784
0 0.633773 0.536622 -1.042968 -0.703970
0 0.506380 0.820017 0.347381 -0.174330
0 0.941536 0.468683 -1.153566 -0.153404
0 0.941849 0.471829 -1.152980 -0.151456
0 0.510771 0.325439 -0.311260 -0.231288
0 0.941885 0.469654 -1.152994 -0.153013
0 0.631093 0.535337 -1.046617 -0.698762
0 0.633630 0.537030 -1.042427 -0.703169
0 0.507601 0.820044 0.352292 -0.174486
0 0.630767 0.533057 -1.049680 -0.707963
0 0.631129 0.539451 -1.046892 -0.704012
0 0.630763 0.534001 -1.049795 -0.705695
0 0.607517 0.340289 -0.620354 -0.203154
0 0.631185 0.540979 -1.047049 -0.703061
0 0.631864 0.539821 -1.045044 -0.704254
0 0.918920 0.582478 -1.326221 -0.246300
0 0.794129 0.406773 -0.948253 -0.155204
0 0.462208 0.815097 0.295459 -0.204566
0 0.627180 0.534188 -1.051773 -0.702695
0 0.615032 0.340378 -0.570403 -0.204061
0 0.614932 0.339797 -0.570779 -0.203819
0 0.479540 0.507343 -0.769977 -0.616000
0 0.526055 0.759000 0.145305 -0.067198
0 0.643023 0.541133 -1.023622 -0.700361
0 0.794020 0.400868 -0.948024 -0.161765
0 0.523960 0.756828 0.142683 -0.067762
0 0.517618 0.809395 0.352054 -0.224255
0 0.920800 0.441057 -1.176845 -0.174038
0 0.594971 0.334888 -0.669131 -0.209403
0 0.595452 0.336678 -0.668729 -0.207556
0 0.800746 0.416822 -0.952996 -0.154930
0 0.594502 0.336189 -0.669739 -0.208033
0 0.916360 0.567476 -1.332301 -0.245900
0 0.480284 0.509449 -0.776649 -0.598384
0 0.920848 0.441284 -1.175466 -0.174332
0 0.916279 0.567103 -1.333129 -0.245839
0 0.533707 0.809619 0.357833 -0.222861
0 0.921742 0.441276 -1.175037 -0.174056
0 0.924329 0.573553 -1.284750 -0.229108
0 0.925861 0.571697 -1.279830 -0.233316
0 0.927232 0.571337 -1.275654 -0.234013
0 0.918323 0.581723 -1.320220 -0.250202
0 0.814191 0.440266 -0.938113 -0.140864
0 0.918212 0.573454 -1.328887 -0.261835
0 0.799466 0.447045 -0.945017 -0.119048
0 0.814806 0.440851 -0.936416 -0.139133
0 0.815096 0.441721 -0.938086 -0.139835
0 0.940794 0.506461 -1.157993 -0.125807
0 0.939945 0.509185 -1.157019 -0.119977
0 0.938524 0.508572 -1.162595 -0.123221
0 0.413887 0.290437 -0.675781 -0.416561
0 0.924254 0.451720 -1.163279 -0.163191
0 0.638363 0.536242 -1.046219 -0.704700
0 0.480899 0.505520 -0.779552 -0.588293
