0 0.230452 0.735583 0.153426 -0.716317
0 0.229723 0.735527 0.153102 -0.715701
0 0.230088 0.735875 0.152185 -0.713890
0 0.228363 0.735828 0.151158 -0.715905
0 0.229953 0.735993 0.152664 -0.713741
0 0.228632 0.736887 0.148960 -0.712843
0 0.232498 0.736203 0.156414 -0.722699
0 0.226069 0.732933 0.151737 -0.721304
0 0.225311 0.732897 0.150120 -0.721632
0 0.230805 0.739231 0.153535 -0.719134
0 0.225502 0.733198 0.148557 -0.721590
0 0.920414 0.772885 0.164476 -0.470340
0 0.920421 0.772240 0.164673 -0.472247
0 0.918972 0.773635 0.165074 -0.469507
0 0.231041 0.740512 0.156943 -0.710055
0 0.229436 0.740757 0.154598 -0.707710
0 0.910453 0.777204 0.124408 -0.436460
0 0.911349 0.777480 0.125528 -0.435380
0 0.911299 0.778682 0.128456 -0.434944
0 0.252541 0.737714 0.175265 -0.725156
0 0.915563 0.774367 0.152599 -0.459374
0 0.914734 0.774862 0.149389 -0.458205
0 0.916127 0.772447 0.154077 -0.462445
0 0.914764 0.776911 0.154957 -0.404351
0 0.912939 0.775738 0.155383 -0.407391
0 0.915370 0.778886 0.156307 -0.400805
