0 0.612702 0.808512 -0.364085 -0.283196
0 0.612915 0.807348 -0.364020 -0.287866
0 0.613629 0.807472 -0.364120 -0.287144
0 0.618863 0.803805 -0.357799 -0.298048
0 0.619371 0.806214 -0.356654 -0.292785
0 0.617826 0.804118 -0.360698 -0.297486
0 0.703550 0.119190 -0.889795 0.069406
0 0.704232 0.119212 -0.887735 0.069933
0 0.704780 0.119718 -0.887071 0.070402
0 0.706503 0.120758 -0.883553 0.071794
0 0.705423 0.120475 -0.886719 0.070103
0 0.707025 0.120320 -0.887633 0.071563
0 0.705817 0.120176 -0.889593 0.071638
0 0.706473 0.120356 -0.884414 0.070443
0 0.705902 0.120858 -0.889799 0.072021
0 0.706023 0.120852 -0.885109 0.071965
0 0.624390 0.810190 -0.347596 -0.290452
0 0.615169 0.807338 -0.340248 -0.284458
0 0.616646 0.806655 -0.337632 -0.288770
0 0.614102 0.806894 -0.341474 -0.285814
0 0.771123 0.283782 -0.917322 -0.242526
0 0.770858 0.283422 -0.918112 -0.244127
0 0.766235 0.282556 -0.919177 -0.243215
0 0.765959 0.281435 -0.919455 -0.244926
0 0.772919 0.285571 -0.914742 -0.234606
0 0.706809 0.120566 -0.875873 0.069562
0 0.773042 0.285408 -0.914450 -0.234453
0 0.769844 0.283517 -0.922868 -0.240190
0 0.758893 0.281409 -0.931368 -0.245395
0 0.616935 0.807690 -0.381360 -0.293763
0 0.769432 0.283774 -0.923784 -0.239457
0 0.763677 0.279476 -0.916736 -0.248650
0 0.764095 0.279196 -0.915029 -0.250178
0 0.625261 0.801479 -0.343822 -0.312958
0 0.710744 0.121176 -0.882358 0.072617
0 0.700187 0.117750 -0.889551 0.070346
0 0.700914 0.116952 -0.887246 0.068410
0 0.699799 0.119693 -0.892141 0.067551
0 0.700223 0.119077 -0.891947 0.066869
0 0.699573 0.119373 -0.893343 0.067041
0 0.765801 0.283184 -0.929048 -0.241224
0 0.753702 0.282362 -0.945918 -0.250412
0 0.164958 0.251002 -0.074141 -0.310897
0 0.167067 0.254489 -0.071178 -0.309349
0 0.773628 0.288840 -0.911527 -0.227033
0 0.165456 0.250364 -0.072179 -0.311680
0 0.167440 0.253427 -0.070541 -0.312345
0 0.772596 0.287068 -0.916316 -0.229338
0 0.759281 0.282691 -0.925149 -0.246488
0 0.167112 0.252328 -0.072548 -0.311360
0 0.167880 0.253758 -0.069822 -0.311122
0 0.167794 0.252109 -0.071757 -0.311538
0 0.167039 0.251953 -0.071611 -0.310211
0 0.167257 0.251969 -0.071291 -0.310176
0 0.759075 0.283568 -0.925374 -0.245029
0 0.167693 0.251556 -0.070160 -0.310423
0 0.167228 0.253003 -0.072653 -0.310317
0 0.167585 0.254349 -0.072494 -0.307108
0 0.717969 0.120013 -0.885109 0.075156
0 0.718784 0.121207 -0.883183 0.077402
0 0.754021 0.283027 -0.933626 -0.246064
0 0.165719 0.252689 -0.067831 -0.312914
0 0.619080 0.802477 -0.376211 -0.310833
0 0.712104 0.121799 -0.888205 0.070556
0 0.711727 0.122075 -0.888777 0.071215
0 0.701567 0.119348 -0.884336 0.075386
