0 0.463161 1.161944 -0.149697 -0.057172
0 0.463528 1.167158 -0.151594 -0.042880
0 0.491094 0.823307 -0.211767 0.219239
0 0.490874 0.821226 -0.210697 0.215283
0 0.490635 0.814650 -0.211721 0.203974
0 0.485798 0.787427 -0.232963 0.216414
0 0.485005 0.786545 -0.234294 0.215404
0 0.484499 0.782561 -0.235204 0.206176
0 0.473092 1.189741 -0.140465 0.085176
0 0.471334 1.187317 -0.141953 0.078863
0 0.486041 0.886832 -0.198547 0.308044
0 0.485278 0.885197 -0.198791 0.307125
0 0.463438 0.806198 -0.274538 0.208355
