0 0.197070 0.191341 -0.100762 0.029638
0 0.196588 0.190862 -0.100606 0.028910
0 0.197065 0.190842 -0.100771 0.028588
0 0.198301 0.191936 -0.106299 0.028993
0 1.045207 0.527672 -1.422952 0.282787
0 0.198885 0.191593 -0.101171 0.032918
0 0.198869 0.191404 -0.101987 0.032367
0 0.198761 0.190864 -0.100912 0.030926
0 1.046803 0.523017 -1.414102 0.278387
0 0.197808 0.192426 -0.103397 0.030038
0 1.046138 0.528597 -1.421443 0.284494
0 0.199961 0.192768 -0.102757 0.030733
0 1.045328 0.527831 -1.422305 0.283318
0 1.046361 0.519005 -1.413643 0.269400
0 0.198281 0.192434 -0.102038 0.030424
0 0.198919 0.188016 -0.105799 0.011153
0 1.048377 0.524119 -1.406825 0.279734
0 0.765550 0.249269 -0.854702 0.166634
0 0.765531 0.250060 -0.854999 0.167257
0 1.047403 0.531051 -1.391328 0.292327
0 1.047013 0.532161 -1.389242 0.292008
0 0.200697 0.190164 -0.098871 0.027568
0 0.766307 0.249740 -0.852969 0.168103
0 1.047885 0.521822 -1.391289 0.274672
0 0.319582 0.208830 -0.368083 0.049965
0 0.199458 0.189058 -0.108098 0.028470
0 1.042534 0.543278 -1.429344 0.294917
0 0.317338 0.209156 -0.369797 0.049391
0 0.320132 0.212754 -0.369119 0.055104
0 0.071641 0.130135 0.047806 0.026443
0 0.317482 0.209456 -0.370330 0.050163
0 0.317503 0.210649 -0.369826 0.051591
0 0.764140 0.240061 -0.843601 0.159167
0 0.764880 0.240619 -0.842059 0.160082
0 1.039865 0.532381 -1.440930 0.302960
0 0.763422 0.257630 -0.855492 0.193164
0 0.764297 0.240856 -0.842986 0.161240
0 0.320876 0.208989 -0.364170 0.050466
0 0.201063 0.189724 -0.106493 0.029497
0 0.319221 0.204918 -0.369800 0.054145
0 1.327774 0.930180 0.748852 0.361345
0 0.223485 0.171731 -0.264537 0.003206
0 0.765890 0.260202 -0.861466 0.182104
0 0.765848 0.258529 -0.861065 0.178579
0 0.322214 0.213931 -0.363612 0.056991
0 0.755943 0.256612 -0.867443 0.191258
0 0.763418 0.235483 -0.857497 0.162414
0 0.318885 0.208924 -0.373392 0.043999
0 0.196425 0.190101 -0.109855 0.019148
0 0.762594 0.230841 -0.858629 0.156719
0 0.318847 0.208926 -0.373360 0.043966
0 0.196576 0.189377 -0.109867 0.018046
0 0.318833 0.209342 -0.373168 0.044898
0 0.196189 0.189770 -0.109912 0.018642
0 1.038668 0.534767 -1.473281 0.279820
0 1.075055 0.130594 -1.231351 0.085827
0 1.075418 0.131148 -1.230471 0.085665
0 0.769010 0.258950 -0.852712 0.178791
0 0.321786 0.206342 -0.364578 0.056544
0 0.769296 0.260276 -0.870195 0.196625
0 1.032609 0.526326 -1.506577 0.290701
0 0.202167 0.189375 -0.094019 0.035471
0 0.202149 0.189220 -0.093792 0.035031
0 0.757207 0.233520 -0.867609 0.159767
0 0.201928 0.189279 -0.094197 0.035016
0 0.762275 0.250066 -0.857778 0.180690
0 0.764407 0.239762 -0.874731 0.164468
0 0.222697 0.169690 -0.265393 -0.000924
0 0.194562 0.187871 -0.095428 0.010320
0 1.067100 0.129761 -1.231460 0.089072
0 0.093405 0.126641 0.054571 0.021372
0 0.764213 0.235379 -0.875184 0.159656
0 1.042513 0.531122 -1.412560 0.304811
0 1.068451 0.129089 -1.230136 0.088667
0 1.042336 0.532000 -1.412203 0.306296
0 0.762340 0.259437 -0.887609 0.194835
0 0.196668 0.185872 -0.128454 0.024941
0 0.761030 0.239208 -0.881168 0.164754
0 1.073401 0.130218 -1.229062 0.085901
0 1.073781 0.129323 -1.227378 0.084808
0 0.195638 0.186146 -0.130745 0.010175
0 1.075706 0.136704 -1.228848 0.090436
0 0.222095 0.171276 -0.262947 0.008871
0 1.077742 0.127533 -1.226218 0.084155
0 1.077420 0.125389 -1.226471 0.084521
0 0.222313 0.171235 -0.262698 0.007880
0 0.195841 0.192744 -0.091329 0.035817
0 1.077468 0.143059 -1.225261 0.094318
0 1.079837 0.139506 -1.231512 0.091606
0 0.222428 0.171482 -0.262254 0.008792
