0 0.212762 0.562540 0.145909 -0.630101
0 0.218769 0.562193 0.146086 -0.636132
0 0.218171 0.562390 0.145798 -0.633805
0 0.213187 0.562729 0.145239 -0.629628
0 0.216688 0.565322 0.146070 -0.634668
0 0.217201 0.566209 0.146592 -0.632177
0 0.217434 0.562854 0.146814 -0.627546
0 0.329159 0.398210 -0.401026 -0.420834
0 0.218194 0.559837 0.144345 -0.629012
0 0.331984 0.399128 -0.403717 -0.416864
0 0.218859 0.560874 0.145262 -0.629593
0 0.331564 0.398371 -0.404092 -0.418646
0 0.329643 0.398238 -0.398701 -0.422935
0 0.217549 0.567180 0.145692 -0.628789
0 0.335056 0.401332 -0.397327 -0.417408
0 0.329522 0.399676 -0.403648 -0.417040
0 0.335831 0.401848 -0.395461 -0.416881
0 0.335091 0.402295 -0.397477 -0.416763
0 0.217368 0.565009 0.145547 -0.613330
0 0.329447 0.399994 -0.403269 -0.418580
0 0.333250 0.402717 -0.398218 -0.413447
