0 0.651624 0.789515 -0.856124 -1.064175
0 0.651503 0.788868 -0.856406 -1.064437
0 0.654023 0.791059 -0.855528 -1.064201
0 0.652837 0.791728 -0.854308 -1.063077
0 0.653112 0.791411 -0.854048 -1.065021
0 0.654265 0.790827 -0.854465 -1.065442
0 0.651242 0.793627 -0.858593 -1.061890
0 0.651712 0.793787 -0.857037 -1.062006
0 0.197347 0.708241 -0.173812 -1.053556
0 0.197365 0.708222 -0.174017 -1.054068
0 0.198207 0.708421 -0.172866 -1.053436
0 0.448022 0.643569 -0.750280 -1.056195
0 0.131638 0.731599 0.019381 -1.039889
0 0.131834 0.731576 0.019592 -1.040360
0 0.130657 0.732216 0.016000 -1.034298
0 0.654033 0.791166 -0.853790 -1.060206
0 0.448927 0.644000 -0.747937 -1.055261
0 0.196063 0.708812 -0.174875 -1.053991
0 0.652352 0.788477 -0.855361 -1.065304
0 0.130154 0.732811 0.014626 -1.038645
0 0.129673 0.731995 0.014409 -1.040384
0 0.129640 0.732506 0.014247 -1.034844
0 0.653752 0.791286 -0.854272 -1.060553
0 0.130990 0.730641 0.017756 -1.038700
0 0.129962 0.733052 0.014492 -1.034068
0 0.129951 0.733675 0.014465 -1.037348
0 0.197560 0.706653 -0.174515 -1.057303
0 0.130955 0.730017 0.017366 -1.039831
0 0.194926 0.705500 -0.178381 -1.060247
0 0.515315 0.692339 -0.884424 -1.051900
0 0.656415 0.681706 -1.141845 -1.057486
0 0.196679 0.706470 -0.174411 -1.057303
0 0.654086 0.680818 -1.144947 -1.061274
0 0.196273 0.710241 -0.174229 -1.052165
0 0.656166 0.682211 -1.142248 -1.056280
0 0.196691 0.706673 -0.174632 -1.057778
0 0.515193 0.692422 -0.883869 -1.051911
0 0.447965 0.644583 -0.749915 -1.052650
0 0.514720 0.695137 -0.883262 -1.045093
0 0.132634 0.730021 0.016733 -1.039373
0 0.654766 0.680895 -1.143159 -1.060905
0 0.656249 0.681801 -1.142000 -1.057362
0 0.514666 0.695062 -0.884376 -1.046615
0 0.514702 0.695404 -0.883335 -1.044811
0 0.514719 0.695046 -0.883571 -1.045197
0 0.196961 0.706579 -0.173685 -1.057082
0 0.514833 0.695443 -0.884265 -1.046336
0 0.447954 0.644160 -0.750113 -1.057744
0 0.514335 0.695284 -0.884952 -1.046505
0 0.447832 0.644436 -0.750534 -1.053165
0 0.197905 0.706285 -0.172647 -1.058553
0 0.195192 0.705973 -0.177295 -1.058255
0 0.657169 0.680710 -1.141215 -1.054840
0 0.656747 0.680840 -1.141127 -1.058195
0 0.656368 0.683611 -1.143777 -1.049518
0 0.447556 0.644134 -0.750279 -1.054572
0 0.447796 0.644282 -0.750458 -1.053640
0 0.447779 0.644358 -0.749665 -1.053732
0 0.656893 0.681556 -1.141011 -1.058088
0 0.656272 0.680512 -1.141741 -1.058607
0 0.197624 0.707984 -0.173569 -1.052767
0 0.652899 0.791249 -0.855233 -1.060151
0 0.513154 0.692774 -0.884861 -1.040631
0 0.447770 0.645007 -0.750037 -1.052513
0 0.655041 0.793852 -0.852114 -1.059654
0 0.658344 0.681122 -1.141564 -1.058023
0 0.197877 0.707784 -0.172823 -1.055335
0 0.514593 0.693938 -0.886256 -1.044283
0 0.654266 0.681864 -1.142965 -1.057453
0 0.447718 0.642125 -0.751824 -1.059621
0 0.447637 0.641341 -0.749144 -1.060105
0 0.653867 0.794394 -0.853440 -1.060011
0 0.654284 0.681824 -1.143220 -1.056877
0 0.132404 0.731708 0.016740 -1.036972
0 0.651757 0.794090 -0.857974 -1.059831
0 0.654407 0.681368 -1.143194 -1.057980
0 0.221082 0.610271 -0.348406 -0.994887
0 0.131030 0.732065 0.015425 -1.042449
0 0.448104 0.641499 -0.747892 -1.060278
0 0.448506 0.642112 -0.750428 -1.055216
0 0.197545 0.707099 -0.172769 -1.055700
0 0.514772 0.693651 -0.879399 -1.041870
0 0.448599 0.642605 -0.750713 -1.054467
0 0.132541 0.732361 0.017265 -1.036984
0 0.132562 0.732453 0.017429 -1.037712
0 0.130920 0.732700 0.014847 -1.041544
0 0.131012 0.733513 0.015154 -1.040758
0 0.197345 0.707057 -0.173461 -1.053889
0 0.514653 0.696092 -0.881496 -1.043917
0 0.514509 0.696673 -0.881451 -1.043090
0 0.448506 0.643093 -0.750512 -1.053933
0 0.514543 0.696626 -0.881452 -1.043739
0 0.198070 0.707583 -0.171894 -1.054171
0 0.221746 0.610316 -0.347430 -0.994709
0 0.447272 0.641652 -0.752567 -1.059915
0 0.221586 0.610637 -0.347622 -0.993468
0 0.447225 0.643582 -0.752412 -1.056995
0 0.515059 0.692496 -0.883233 -1.050917
0 0.514443 0.692135 -0.884737 -1.052172
0 0.653019 0.678034 -1.144606 -1.059472
0 0.650903 0.792199 -0.852731 -1.068187
0 0.221871 0.608617 -0.347672 -0.994063
0 0.222023 0.610307 -0.348091 -0.994510
0 0.197754 0.706306 -0.173036 -1.058685
0 0.650911 0.790696 -0.853192 -1.070676
0 0.222003 0.608324 -0.347629 -0.994749
0 0.653013 0.678457 -1.144570 -1.058588
0 0.222062 0.610078 -0.347887 -0.993018
0 0.516023 0.696961 -0.882998 -1.046113
0 0.130724 0.732465 0.012695 -1.033888
0 0.222293 0.610060 -0.347472 -0.994725
0 0.131275 0.729944 0.013931 -1.034442
0 0.131050 0.731264 0.012877 -1.034554
0 0.197281 0.706270 -0.173858 -1.058608
0 0.222389 0.610919 -0.347695 -0.993577
0 0.515454 0.695860 -0.883323 -1.048447
0 0.650004 0.791194 -0.855611 -1.070049
0 0.444918 0.641081 -0.751624 -1.057839
0 0.132567 0.729578 0.017284 -1.034763
0 0.132553 0.730144 0.017090 -1.033956
0 0.658073 0.685055 -1.136654 -1.047676
0 0.446705 0.641442 -0.751788 -1.060040
0 0.444836 0.640419 -0.751420 -1.059154
0 0.196785 0.703728 -0.174134 -1.054013
0 0.656808 0.681389 -1.141927 -1.059149
0 0.658738 0.686964 -1.138261 -1.042625
0 0.654409 0.789891 -0.851401 -1.065345
0 0.220840 0.610368 -0.349022 -0.991950
0 0.220901 0.609233 -0.349076 -0.994337
0 0.220994 0.610026 -0.349181 -0.993562
0 0.656816 0.681160 -1.141849 -1.059781
0 0.444333 0.641686 -0.749802 -1.063597
0 0.221373 0.611753 -0.346131 -0.996178
0 0.221848 0.612148 -0.345026 -0.994954
0 0.221912 0.611805 -0.345118 -0.995330
0 0.221581 0.610348 -0.349799 -0.993416
0 0.196827 0.704078 -0.172490 -1.053369
0 0.221956 0.609962 -0.349195 -0.994212
0 0.221956 0.611565 -0.349159 -0.992891
0 0.516892 0.696976 -0.885246 -1.048228
