0 0.416185 1.240723 -0.427191 -0.122169
0 0.301544 0.436601 -0.177760 -0.397318
0 0.301249 0.436196 -0.179596 -0.393688
0 0.300696 0.438179 -0.179090 -0.394870
0 0.301250 0.436648 -0.179653 -0.393051
0 0.418272 1.244317 -0.426667 -0.118224
0 0.418304 1.234855 -0.425182 -0.135158
0 0.299587 0.439225 -0.185343 -0.388757
0 0.299642 0.437869 -0.185312 -0.390953
0 0.298781 0.438600 -0.186892 -0.390049
0 0.419780 1.203863 -0.418078 -0.165952
0 0.418141 1.237716 -0.424001 -0.131275
0 0.301607 0.435357 -0.186409 -0.391575
0 0.301604 0.434899 -0.186717 -0.391979
0 0.300110 0.434119 -0.190229 -0.392447
0 0.301911 0.440788 -0.171622 -0.390577
0 0.301899 0.440989 -0.171834 -0.389319
0 0.101110 0.531744 -0.008536 -0.580211
0 0.101241 0.530715 -0.008372 -0.581570
0 0.101393 0.531296 -0.007302 -0.580131
0 0.096938 0.529509 -0.018845 -0.580028
0 0.096864 0.528590 -0.018615 -0.580541
0 0.097044 0.528889 -0.018675 -0.580179
0 0.300694 0.440808 -0.175713 -0.390824
0 0.167579 0.518429 -0.207374 -0.402101
0 0.167734 0.517930 -0.207384 -0.402807
0 0.759828 1.317507 -0.509159 0.189976
0 0.299881 0.436695 -0.185145 -0.391809
0 0.167601 0.517700 -0.207515 -0.404220
0 0.300243 0.437144 -0.184275 -0.391660
0 0.760499 1.315789 -0.510655 0.182686
0 0.299158 0.437805 -0.187864 -0.388880
0 0.131010 0.509384 -0.138986 -0.548204
0 0.169049 0.518298 -0.205168 -0.406330
0 0.131161 0.508517 -0.138784 -0.550989
0 0.169156 0.518373 -0.205370 -0.406428
0 0.169050 0.518744 -0.205257 -0.406563
0 0.130942 0.504079 -0.139291 -0.557637
0 0.130966 0.503831 -0.139320 -0.558193
0 0.166870 0.517014 -0.209164 -0.402523
0 0.130548 0.509482 -0.138791 -0.548212
0 0.098739 0.524519 -0.013540 -0.593205
0 0.130550 0.503838 -0.139337 -0.558327
0 0.130597 0.506759 -0.138808 -0.552875
0 0.130498 0.507344 -0.138951 -0.552486
0 0.773848 1.290691 -0.455721 0.071849
0 0.774977 1.288926 -0.456596 0.065926
0 0.131735 0.512839 -0.132524 -0.545069
0 0.131718 0.512843 -0.132300 -0.543542
0 0.100152 0.532650 -0.008928 -0.580370
0 0.413503 1.260937 -0.426756 -0.128076
0 0.131096 0.513066 -0.134116 -0.544043
0 0.100550 0.524802 -0.010471 -0.592472
0 0.108371 0.522366 -0.010739 -0.580319
0 0.100376 0.532574 -0.008380 -0.581634
0 0.418443 1.204389 -0.421135 -0.139030
0 0.095197 0.528593 -0.019994 -0.575108
0 0.418904 1.204490 -0.422000 -0.139249
0 0.103614 0.525901 0.002462 -0.599467
0 0.757116 1.320504 -0.554737 0.211235
0 0.418138 1.269017 -0.422288 -0.064654
0 0.108359 0.521337 -0.010859 -0.582993
0 0.756632 1.324598 -0.555570 0.215727
0 0.099423 0.530799 -0.008251 -0.586311
0 0.095374 0.528462 -0.019334 -0.576468
0 0.104404 0.526486 0.004958 -0.599007
0 0.168061 0.523377 -0.207566 -0.401307
0 0.099416 0.531267 -0.008596 -0.585352
0 0.099082 0.530961 -0.009716 -0.586269
0 0.170912 0.518647 -0.200352 -0.401672
0 0.416990 1.261794 -0.419635 -0.131788
0 0.419915 1.212330 -0.424098 -0.143559
0 0.302600 0.445671 -0.173869 -0.384336
0 0.106168 0.532760 -0.011110 -0.583303
0 0.105607 0.532710 -0.011572 -0.581868
0 0.301959 0.443857 -0.176411 -0.385795
0 0.300660 0.433946 -0.192333 -0.390326
0 0.096812 0.411165 -0.091176 -0.563240
0 0.132711 0.517643 -0.127811 -0.533694
0 0.167434 0.518673 -0.208310 -0.395819
0 0.095344 0.411793 -0.094606 -0.561104
0 0.093665 0.521745 -0.017760 -0.582414
0 0.093703 0.521527 -0.017539 -0.581623
