0 1.395530 0.694130 -0.703413 -0.951197
0 1.397217 0.694292 -0.699949 -0.950683
0 1.394452 0.694187 -0.707378 -0.950762
0 1.391514 0.693947 -0.713508 -0.949814
0 1.393904 0.693989 -0.709351 -0.949397
0 1.394610 0.693462 -0.707861 -0.950116
0 0.784844 0.631381 0.021892 -0.952825
0 0.780285 0.630969 0.018778 -0.953405
0 1.402120 0.693303 -0.652617 -0.954018
0 1.400047 0.693673 -0.656160 -0.954176
0 1.403174 0.693730 -0.651584 -0.953810
0 0.826160 0.633600 0.034220 -0.949690
0 0.825020 0.632921 0.031345 -0.950953
0 0.711263 0.625451 -0.079882 -0.957253
0 0.709706 0.624841 -0.080782 -0.956688
0 0.696732 0.627422 -0.047542 -0.954304
0 0.696970 0.627348 -0.049206 -0.953889
0 0.739852 0.629682 -0.001780 -0.954631
0 0.708839 0.628959 -0.064273 -0.954278
0 0.737740 0.629257 -0.004988 -0.954951
0 0.709008 0.628604 -0.065696 -0.953445
0 1.381387 0.694978 -0.831491 -0.950655
0 1.380511 0.694704 -0.835689 -0.950661
0 1.379566 0.695083 -0.831182 -0.950078
0 0.826718 0.641888 0.036211 -0.940327
0 0.771723 0.625166 -0.061471 -0.960975
0 0.829567 0.635523 0.026355 -0.947073
