0 0.328983 1.023145 -0.149995 -0.704531
0 0.329142 1.024886 -0.149417 -0.701992
0 0.329352 1.022132 -0.148444 -0.705463
0 0.330807 1.022153 -0.147730 -0.703430
0 0.330132 1.021128 -0.149872 -0.707553
0 0.331198 1.022907 -0.145500 -0.700240
0 0.335893 1.012610 -0.139821 -0.718536
0 0.431652 1.206459 0.303650 0.482491
0 0.332157 1.023703 -0.139148 -0.708986
0 0.332597 1.025657 -0.137738 -0.705780
0 0.331576 1.023025 -0.139451 -0.706924
0 0.334491 1.012482 -0.137903 -0.709214
0 0.330265 1.014430 -0.169452 -0.715508
