0 0.097479 0.587939 -0.068224 -0.731508
0 0.097756 0.587659 -0.067968 -0.732837
0 0.097942 0.587741 -0.067699 -0.731969
0 0.097817 0.588247 -0.069404 -0.732152
0 0.098207 0.587878 -0.068325 -0.732131
0 0.098074 0.587430 -0.068775 -0.734390
0 0.098089 0.595562 -0.069983 -0.726304
0 0.098270 0.589530 -0.070831 -0.735101
0 0.097960 0.592294 -0.070107 -0.733544
0 0.099468 0.590475 -0.067138 -0.729174
0 0.098255 0.586316 -0.070887 -0.742183
0 0.098871 0.591715 -0.069704 -0.725742
0 0.098805 0.591707 -0.069657 -0.725651
0 0.100050 0.588400 -0.065791 -0.735274
0 0.097988 0.592131 -0.070581 -0.724870
0 0.457336 0.761205 0.242865 0.050092
0 0.805699 1.159045 0.565286 0.079267
0 0.100950 0.593557 -0.068615 -0.722403
0 0.097632 0.594939 -0.066834 -0.727350
0 0.095802 0.588575 -0.070768 -0.743071
0 0.772588 1.185176 0.539375 0.181133
0 0.097559 0.591942 -0.066545 -0.734551
0 0.096009 0.586231 -0.070133 -0.748058
0 0.449371 0.741574 0.256578 0.017033
0 0.459384 0.777669 0.235918 0.035317
0 0.120747 0.385029 0.044160 -0.441255
