0 0.442803 0.610641 -0.390226 -0.564663
0 0.442394 0.609789 -0.391038 -0.567629
0 0.441071 0.605937 -0.395178 -0.577504
0 0.440533 0.605255 -0.396146 -0.579977
0 0.439638 0.605919 -0.398292 -0.580220
0 0.442658 0.609772 -0.391328 -0.568032
0 0.434842 0.603339 -0.399256 -0.582310
0 0.435481 0.605879 -0.398233 -0.578059
0 0.434338 0.603505 -0.400453 -0.582964
0 0.434890 0.604671 -0.399705 -0.579086
0 0.437253 0.607863 -0.401618 -0.572114
0 0.436606 0.605332 -0.402968 -0.575072
0 0.432326 0.603710 -0.405145 -0.582477
0 0.433347 0.604335 -0.402493 -0.579506
0 0.437195 0.606999 -0.406414 -0.579280
0 0.437538 0.607109 -0.406027 -0.577733
0 0.434835 0.606175 -0.404860 -0.572874
0 0.435377 0.606657 -0.408488 -0.579937
0 0.149618 0.641694 -0.192798 -1.156417
0 0.151068 0.641489 -0.191065 -1.156687
0 0.150590 0.642363 -0.191888 -1.156431
0 0.149791 0.642308 -0.192100 -1.156310
0 0.440343 0.603784 -0.390446 -0.574098
0 0.150897 0.637893 -0.191863 -1.160115
0 0.440341 0.602786 -0.390263 -0.575885
0 0.150433 0.638498 -0.192655 -1.158434
0 0.150546 0.638658 -0.192027 -1.157953
0 0.440289 0.602635 -0.390609 -0.576660
0 0.533095 0.783087 -0.895958 -1.334405
0 0.533939 0.784966 -0.899804 -1.331509
0 0.533564 0.784343 -0.900374 -1.335578
0 0.533840 0.784518 -0.899469 -1.335278
0 0.533210 0.784948 -0.900749 -1.334706
