0 0.511646 0.680763 -0.854864 -0.852165
0 0.511432 0.681933 -0.854849 -0.851321
0 0.511732 0.681907 -0.857079 -0.849045
0 0.511567 0.682065 -0.857496 -0.848562
0 0.511612 0.681502 -0.857328 -0.850853
0 0.512389 0.682182 -0.855285 -0.847264
0 0.512349 0.682314 -0.855536 -0.847121
0 0.512504 0.682430 -0.855023 -0.847155
0 0.146829 0.585052 -0.204345 -0.825139
0 0.147286 0.586637 -0.203460 -0.822095
0 0.145839 0.584036 -0.205056 -0.828194
0 0.145884 0.584578 -0.204662 -0.827637
0 0.147262 0.585805 -0.203222 -0.823313
0 0.147080 0.585872 -0.204073 -0.823250
0 0.147140 0.584898 -0.203582 -0.825759
0 0.196868 0.630803 -0.250384 -0.919362
0 0.198512 0.627441 -0.249370 -0.928419
0 0.198601 0.627222 -0.249373 -0.929136
0 0.196859 0.630511 -0.250557 -0.920097
0 0.198311 0.627366 -0.249663 -0.928487
0 0.196463 0.630613 -0.251896 -0.919919
0 0.145911 0.584642 -0.204998 -0.827244
0 0.510983 0.680489 -0.857170 -0.850103
0 0.513442 0.680873 -0.851908 -0.851038
0 0.513515 0.682255 -0.850934 -0.850886
0 0.198978 0.627216 -0.248928 -0.928209
0 0.198926 0.627201 -0.249127 -0.928893
0 0.146046 0.584820 -0.204861 -0.822015
0 0.199602 0.636600 -0.247086 -0.916776
0 0.146381 0.584227 -0.204533 -0.823620
0 0.512631 0.677483 -0.853873 -0.851566
0 0.146425 0.585730 -0.204611 -0.820081
0 0.283873 0.624733 -0.435180 -0.929878
0 0.283035 0.625988 -0.401896 -0.926167
0 0.512410 0.680144 -0.857227 -0.848230
0 0.202716 0.629519 -0.249602 -0.923768
0 0.282801 0.626031 -0.436405 -0.927115
0 0.282192 0.626175 -0.436637 -0.926875
0 0.282811 0.625720 -0.435869 -0.926732
0 0.286051 0.567767 -0.508998 -0.892013
0 0.283757 0.625146 -0.435584 -0.929776
0 0.233160 0.619757 -0.316807 -0.930550
0 0.233002 0.619451 -0.317185 -0.931321
0 0.232888 0.619216 -0.317480 -0.931790
0 0.232426 0.618982 -0.317902 -0.935787
0 0.232205 0.619277 -0.318798 -0.935499
0 0.198349 0.629160 -0.246396 -0.927619
0 0.283339 0.627956 -0.435757 -0.921572
0 0.286312 0.567947 -0.508031 -0.892062
0 0.146799 0.586364 -0.201962 -0.823568
0 0.283405 0.628778 -0.435805 -0.920757
0 0.513993 0.678974 -0.851854 -0.847372
0 0.197645 0.629327 -0.247026 -0.926671
0 0.283445 0.628128 -0.435701 -0.921385
0 0.510430 0.683834 -0.856610 -0.849017
0 0.146671 0.587301 -0.201935 -0.822046
0 0.510640 0.683820 -0.856592 -0.843785
0 0.230634 0.619621 -0.319910 -0.933776
0 0.286346 0.571126 -0.508510 -0.888299
0 0.230666 0.619126 -0.319695 -0.934571
0 0.200314 0.627035 -0.249431 -0.931792
0 0.510572 0.681810 -0.856578 -0.847039
0 0.230344 0.619611 -0.320965 -0.934347
0 0.511006 0.682438 -0.856063 -0.844715
0 0.200136 0.627533 -0.250145 -0.930217
0 0.200234 0.627197 -0.249890 -0.930224
0 0.287707 0.570372 -0.508146 -0.892229
0 0.275759 0.624891 -0.373366 -0.925126
0 0.275243 0.624974 -0.374112 -0.924901
0 0.285932 0.570923 -0.509163 -0.888474
0 0.275822 0.624307 -0.373547 -0.925430
0 0.224770 0.628538 -0.231300 -0.927176
0 0.286092 0.628793 -0.419529 -0.923774
0 0.247753 0.622280 -0.306723 -0.928286
0 0.267318 0.622255 -0.376162 -0.926548
0 0.267421 0.622121 -0.376446 -0.927000
0 0.282132 0.628323 -0.436126 -0.930832
0 0.145043 0.583798 -0.210577 -0.823440
0 0.197937 0.633460 -0.252447 -0.915623
0 0.284760 0.628895 -0.432868 -0.923061
0 0.289236 0.626202 -0.376395 -0.926761
0 0.284779 0.628032 -0.433100 -0.924983
0 0.198148 0.633092 -0.251850 -0.916449
0 0.282214 0.629058 -0.435965 -0.928017
0 0.281910 0.628562 -0.436542 -0.929586
0 0.287858 0.570706 -0.508457 -0.887525
0 0.145552 0.583624 -0.209565 -0.823610
0 0.232248 0.616954 -0.316278 -0.938263
0 0.232278 0.616163 -0.315695 -0.939625
0 0.267046 0.622035 -0.375957 -0.932455
0 0.288668 0.571175 -0.506097 -0.889961
0 0.286007 0.566921 -0.508884 -0.893179
0 0.512694 0.685444 -0.859187 -0.849327
0 0.267029 0.622379 -0.376026 -0.932447
0 0.288848 0.571002 -0.505691 -0.890920
0 0.288358 0.571150 -0.506626 -0.886586
0 0.263820 0.622430 -0.380724 -0.924863
0 0.263541 0.622481 -0.381589 -0.925307
0 0.277311 0.624450 -0.284431 -0.926244
0 0.510955 0.669692 -0.857410 -0.867946
0 0.232229 0.624137 -0.322523 -0.908843
0 0.263914 0.622181 -0.380496 -0.924714
0 0.204060 0.636825 -0.240000 -0.917450
0 0.232102 0.624008 -0.323484 -0.909760
0 0.195235 0.630783 -0.246252 -0.925487
0 0.288664 0.571116 -0.506160 -0.886802
0 0.286046 0.566199 -0.510220 -0.899721
