0 0.473219 0.767396 0.316469 -0.437683
0 0.474927 0.766446 0.319469 -0.439833
0 0.473357 0.766880 0.317365 -0.438949
0 0.571794 0.728829 -0.290315 -0.732958
0 0.571589 0.729419 -0.290611 -0.733240
0 0.573238 0.729529 -0.291773 -0.731463
0 0.508046 0.768424 0.363513 -0.425635
0 0.506729 0.767362 0.361036 -0.426848
0 0.505741 0.766976 0.361096 -0.425833
0 0.565995 0.728948 -0.309889 -0.733142
0 0.565848 0.729100 -0.311835 -0.733243
0 0.915085 0.918471 -0.486569 0.452906
0 0.914177 0.909132 -0.487615 0.432656
0 0.566185 0.730519 -0.313438 -0.729578
0 0.873391 0.902255 -0.559002 0.404739
0 0.874777 0.908057 -0.556573 0.417346
0 0.577003 0.735413 -0.288094 -0.723680
0 0.482477 0.765849 0.323095 -0.429506
0 0.481077 0.766014 0.321565 -0.429227
0 0.483104 0.765673 0.323910 -0.430283
0 0.563479 0.731615 -0.349333 -0.730100
0 0.962051 0.909923 -0.495911 0.457960
0 0.963143 0.903163 -0.497357 0.441169
0 0.221887 0.707571 0.148830 -0.869394
0 0.223104 0.707943 0.149924 -0.869456
0 0.222783 0.707948 0.147789 -0.869549
0 0.573991 0.727682 -0.258542 -0.734531
0 0.573383 0.728317 -0.259359 -0.733976
0 0.549124 0.735444 -0.399733 -0.713332
0 0.571509 0.728234 -0.263492 -0.734141
0 0.430720 0.740346 0.291601 -0.590202
0 0.868790 0.902360 -0.465992 0.392929
0 0.870104 0.905512 -0.468841 0.399910
0 0.445519 0.758259 0.295616 -0.561965
0 0.444817 0.752862 0.293824 -0.572514
0 0.217619 0.702735 0.141457 -0.890521
0 0.221260 0.703745 0.148080 -0.886755
0 0.222095 0.703971 0.147719 -0.885611
0 0.444925 0.753585 0.291226 -0.569453
0 0.220525 0.709448 0.148371 -0.866159
0 0.588099 0.729012 -0.320773 -0.732332
0 0.220595 0.711469 0.148606 -0.865151
0 0.587242 0.729190 -0.324089 -0.731866
0 0.217460 0.703965 0.141272 -0.890381
0 0.587016 0.729659 -0.321677 -0.731349
0 0.449112 0.771674 0.278886 -0.411384
0 0.219760 0.703551 0.144278 -0.886921
0 0.915866 0.835175 -0.463311 0.519926
0 0.435512 0.781792 0.289906 -0.387818
0 0.216055 0.703348 0.138692 -0.890219
0 0.916936 0.844971 -0.461483 0.538340
0 0.435218 0.771861 0.293897 -0.441695
0 0.240218 0.710239 0.159198 -0.851512
0 0.435466 0.770541 0.293731 -0.444933
