0 0.253635 0.233652 0.171083 0.159195
0 0.667929 0.171084 0.027674 -0.043914
0 0.665769 0.171384 0.024146 -0.041986
0 1.265710 0.816883 0.889190 -0.248183
0 0.670363 0.169695 0.034814 -0.043358
0 0.669048 0.170178 0.032526 -0.041777
0 1.242888 0.796641 0.859798 -0.312547
0 0.648465 0.097578 -0.940325 -0.069996
0 0.648472 0.097634 -0.941129 -0.069704
0 0.212387 0.179581 0.142920 -0.185846
0 0.211994 0.180228 0.142321 -0.185105
0 0.212222 0.179641 0.143218 -0.185943
0 0.652318 0.097550 -0.917194 -0.068631
0 0.650701 0.097806 -0.920922 -0.067759
0 0.648625 0.096814 -0.941293 -0.064357
0 0.648809 0.097175 -0.941502 -0.063331
0 1.234222 0.424965 0.642417 -0.076130
0 0.214378 0.178474 0.142374 -0.186228
0 0.215991 0.179053 0.145490 -0.185800
0 0.650441 0.098325 -0.938841 -0.065484
0 0.210593 0.178876 0.136992 -0.186850
0 1.214089 0.423573 0.603697 -0.075892
0 0.211282 0.179042 0.138338 -0.186435
0 0.649923 0.096641 -0.932508 -0.070547
0 0.209879 0.178809 0.136065 -0.187344
0 1.193951 0.403927 0.567847 -0.071482
0 1.206565 0.410226 0.594778 -0.066983
0 0.651661 0.095158 -0.937273 -0.066003
0 0.642010 0.094773 -0.928952 -0.072969
0 0.222628 0.181734 0.142327 -0.174401
0 1.268584 0.822433 0.719179 -0.217363
0 0.649392 0.098400 -0.939935 -0.060408
0 0.649484 0.099475 -0.939250 -0.064391
0 0.656130 0.097920 -0.894732 -0.055934
0 0.210501 0.179386 0.135148 -0.194081
