0 0.614961 1.183306 -0.632015 -1.876308
0 0.615363 1.182388 -0.633745 -1.881051
0 0.615069 1.184379 -0.631409 -1.875215
0 0.615401 1.181916 -0.633515 -1.880368
0 0.613705 1.188198 -0.634484 -1.873018
0 0.616305 1.183850 -0.636419 -1.876184
0 0.615368 1.187749 -0.631691 -1.873282
0 0.616555 1.185253 -0.618845 -1.874241
0 0.614810 1.182125 -0.638820 -1.878114
0 0.616580 1.185114 -0.617943 -1.873160
0 0.607859 1.187881 -0.635595 -1.874578
0 0.603435 1.180901 -0.698132 -1.885792
0 0.602868 1.180876 -0.698963 -1.883086
0 0.608877 1.188637 -0.634242 -1.872604
0 0.614229 1.186986 -0.634125 -1.876049
0 0.613985 1.187167 -0.633642 -1.874350
