0 0.788174 1.036698 -0.399362 -0.626439
0 0.786410 1.038012 -0.402154 -0.623659
0 0.787619 1.038297 -0.400163 -0.625125
0 0.785607 1.029232 -0.404286 -0.641631
0 0.785367 1.028218 -0.403974 -0.642682
0 0.786947 1.030495 -0.401788 -0.639917
0 0.740782 0.717275 -0.645249 0.036763
0 0.741876 0.713815 -0.643826 0.026912
0 0.741020 0.716246 -0.647022 0.031252
0 0.608532 0.618258 -1.080233 -0.845121
0 0.535700 1.192715 0.258849 0.488103
0 0.622019 0.692533 -0.484411 -0.153037
0 0.620979 0.694350 -0.486101 -0.148979
0 0.620966 0.694347 -0.485188 -0.148636
0 0.371794 0.315142 -0.472967 -0.019191
0 0.371804 0.314887 -0.472806 -0.020340
0 0.370604 0.313326 -0.471367 -0.022615
0 0.371760 0.314990 -0.472809 -0.019845
0 0.793248 1.046066 -0.372384 -0.582269
0 0.611511 0.610622 -1.079870 -0.850760
0 0.612048 0.611664 -1.076766 -0.851211
0 0.370383 0.313090 -0.471424 -0.023250
0 0.370243 0.314001 -0.471589 -0.021671
0 0.791038 1.043959 -0.376402 -0.586325
0 0.369458 0.311935 -0.475116 -0.021040
0 0.611541 0.611185 -1.079915 -0.851625
0 0.370010 0.311913 -0.474171 -0.021950
0 0.630315 0.678692 -0.475992 -0.145733
0 0.630157 0.679554 -0.476008 -0.144962
0 0.611098 0.610911 -1.080359 -0.851416
0 0.792906 1.046136 -0.372252 -0.583287
0 0.713348 0.687564 -0.718695 0.011961
0 0.713647 0.683755 -0.719025 0.009882
0 0.629503 0.679406 -0.477103 -0.143189
0 0.371532 0.318078 -0.471077 -0.018409
0 0.611968 0.610059 -1.076869 -0.854904
0 0.611665 0.610994 -1.076916 -0.852864
0 0.714174 0.683490 -0.718629 0.009956
0 0.786608 0.713094 -0.409747 -0.002292
0 0.372317 0.318782 -0.469482 -0.016605
0 0.783849 0.707856 -0.415153 -0.014805
0 0.684917 0.570579 -0.817767 -0.073657
0 0.733473 0.713835 -0.704974 0.033974
0 0.733686 0.714468 -0.703830 0.037975
0 0.786995 0.711092 -0.413095 -0.009338
0 0.734568 0.712938 -0.701653 0.033927
0 0.611673 0.610599 -1.074189 -0.850357
0 0.681805 0.545085 -0.823740 -0.084885
0 0.753105 0.699614 -0.391626 -0.152768
0 0.751145 0.701396 -0.393046 -0.148055
0 0.749387 0.701186 -0.396291 -0.149843
0 0.734069 0.687534 -0.409303 -0.104233
0 0.614007 0.616784 -1.068585 -0.843433
0 0.730993 0.688541 -0.414145 -0.101816
0 0.731369 0.689541 -0.410897 -0.098838
0 0.611990 0.608912 -1.074826 -0.855641
0 0.609453 0.610515 -1.082835 -0.852774
0 0.796300 0.698162 -0.383100 -0.137935
0 0.793672 0.696901 -0.388499 -0.138472
