0 0.125513 0.679153 0.071610 -1.027570
0 0.118786 0.677841 0.038731 -1.019671
0 0.638224 0.706959 -0.953525 -1.074289
0 0.121828 0.680769 0.075096 -1.023676
0 0.120545 0.679264 0.071512 -1.025899
0 0.121656 0.678812 0.074483 -1.027111
0 0.125721 0.681068 0.072167 -1.024159
0 0.638999 0.703172 -0.950649 -1.075009
0 0.122687 0.681387 0.060522 -1.018108
0 0.638653 0.710273 -0.952115 -1.068512
0 0.122780 0.681423 0.077576 -1.023194
0 0.128564 0.678888 0.064872 -1.020757
0 0.122565 0.680677 0.076974 -1.025300
0 0.122745 0.680134 0.077657 -1.026189
0 0.128245 0.677727 0.063225 -1.023121
0 0.126746 0.677829 0.057308 -1.022737
0 0.124430 0.680140 0.076374 -1.033916
0 0.125048 0.678083 0.068081 -1.022852
0 0.638806 0.703112 -0.953886 -1.071692
0 0.640193 0.706141 -0.948086 -1.068084
0 0.638728 0.704593 -0.954398 -1.069733
0 0.639210 0.703091 -0.956420 -1.072037
0 0.637618 0.701413 -0.961135 -1.074057
0 0.638992 0.701583 -0.957397 -1.074115
0 0.638506 0.703342 -0.955100 -1.071661
0 0.638551 0.700558 -0.953510 -1.072942
0 0.124666 0.678718 0.068182 -1.018634
0 0.124691 0.680527 0.076518 -1.030041
0 0.638377 0.705429 -0.952986 -1.076632
0 0.637947 0.704069 -0.953681 -1.079151
0 0.638255 0.703381 -0.953219 -1.080192
0 0.125180 0.678349 0.051756 -1.026253
0 0.124945 0.678888 0.053568 -1.024764
0 0.124510 0.677411 0.051385 -1.027883
0 0.631785 0.711378 -0.929248 -1.075216
0 0.639030 0.701617 -0.973660 -1.073089
0 0.583002 0.719462 -0.918924 -1.124205
0 0.120450 0.683752 0.061559 -1.021416
0 0.242480 0.684908 -0.018146 -1.003840
0 0.635872 0.704422 -0.975331 -1.085283
0 0.635305 0.703543 -0.976921 -1.086595
0 0.635804 0.703261 -0.976157 -1.086620
0 0.581187 0.712719 -0.929139 -1.126209
0 0.583814 0.710595 -0.919316 -1.135071
0 0.125988 0.672942 0.031326 -1.025322
0 0.583533 0.712126 -0.920855 -1.133292
0 0.583325 0.710646 -0.921608 -1.135188
0 0.240050 0.679447 -0.050819 -1.002770
0 0.244078 0.690111 -0.015843 -0.997012
