0 0.652815 1.237330 -0.531364 -0.121465
0 0.653086 1.236078 -0.530668 -0.125946
0 0.654093 1.244774 -0.536734 -0.019661
0 0.654099 1.243779 -0.535130 -0.022026
0 0.218152 1.195869 0.146420 -0.076228
0 0.219693 1.197706 0.149052 -0.074422
0 0.216934 1.233303 0.145440 -0.092517
0 0.217617 1.234837 0.148112 -0.093829
0 0.215106 1.065729 0.133658 -0.132554
0 0.215559 1.067359 0.134195 -0.129081
0 0.058928 0.656527 0.040609 -0.417390
0 0.215388 1.056640 0.133478 -0.143690
0 0.060329 0.650610 0.040526 -0.412621
0 0.058518 0.660790 0.038779 -0.418343
0 0.657670 1.255179 -0.513922 -0.095147
0 0.060409 0.649372 0.040749 -0.415762
0 0.660736 1.257377 -0.509026 -0.090161
0 0.058808 0.662516 0.039451 -0.416037
0 0.058374 0.657703 0.038497 -0.425512
0 0.061104 0.652210 0.041819 -0.410863
0 0.061120 0.650423 0.040055 -0.416791
0 0.654706 1.084264 -0.540183 -0.133064
0 0.655979 1.088603 -0.536505 -0.125245
0 0.215932 1.260704 0.144439 -0.080011
0 0.654105 1.062164 -0.542244 -0.173901
0 0.454131 1.282343 0.101205 0.006574
0 0.216295 1.262272 0.145170 -0.082159
0 0.211005 1.218635 0.136419 -0.035912
0 0.211415 1.221881 0.136412 -0.032055
0 0.057077 0.645385 0.038092 -0.417061
0 0.057467 0.645714 0.038730 -0.416880
0 0.057049 0.641595 0.037972 -0.423784
