0 0.713440 0.745619 -0.834053 -0.012086
0 0.713809 0.744105 -0.833865 -0.016776
0 0.714116 0.744626 -0.832862 -0.015234
0 0.713240 0.756641 -0.836466 -0.015256
0 0.713853 0.755595 -0.835641 -0.017825
0 0.713645 0.755419 -0.836039 -0.016685
0 0.536565 0.628276 -0.342095 0.079524
0 0.537734 0.629363 -0.340593 0.081009
0 0.536397 0.628869 -0.342846 0.078647
0 0.532334 0.627776 -0.344167 0.085001
0 0.533244 0.628924 -0.342230 0.087809
0 0.717507 0.717814 -0.817161 -0.062671
0 0.531987 0.628814 -0.344501 0.085889
0 0.537167 0.640669 -0.340283 0.095933
0 0.543784 0.609486 -0.338147 0.040017
0 0.537264 0.640434 -0.340955 0.096161
0 0.538265 0.640397 -0.338377 0.094102
0 0.738403 1.003803 -0.677903 -0.836160
0 0.739994 1.004318 -0.676398 -0.835274
0 0.738928 1.003915 -0.676960 -0.834760
0 0.531024 0.638605 -0.343007 0.090229
0 0.531384 0.639000 -0.341864 0.090344
0 0.532020 0.639154 -0.340833 0.090283
0 0.714894 0.733010 -0.830560 -0.027400
0 0.714661 0.732739 -0.831075 -0.030397
0 0.714147 0.733273 -0.831890 -0.026998
0 0.855117 1.081269 -0.006713 -0.352721
0 0.409419 1.118632 0.246089 -0.133944
0 0.855960 1.084153 -0.008410 -0.346897
0 0.491340 1.118012 0.300840 -0.157203
0 0.409525 1.120520 0.245534 -0.131841
0 0.490925 1.121856 0.300248 -0.150657
0 0.479128 1.139082 0.297110 -0.107634
0 0.477789 1.142095 0.295192 -0.102948
0 0.728760 0.999593 -0.732520 -0.847691
0 0.729132 0.997450 -0.731890 -0.853758
0 0.728887 0.998042 -0.731229 -0.852056
0 0.714575 0.709831 -0.825016 -0.065976
0 0.853338 1.080820 -0.012532 -0.368696
0 0.541788 0.623570 -0.342917 0.059999
0 0.540505 0.613962 -0.327676 0.058523
0 0.720329 0.751209 -0.814933 -0.032928
0 0.856979 1.067315 -0.010011 -0.421542
0 0.855146 1.068987 -0.016579 -0.420097
0 0.427738 1.111661 0.260626 -0.147795
0 0.428371 1.113044 0.260393 -0.145958
0 0.856041 1.063401 -0.013747 -0.432645
0 0.225391 1.146531 0.167084 0.525381
0 0.729861 1.005562 -0.746345 -0.845850
0 0.714826 0.698421 -0.821637 -0.059188
0 0.734641 0.996488 -0.719089 -0.911806
0 0.709968 0.688205 -0.828463 -0.068147
0 0.712906 0.777102 -0.836577 -0.007641
0 0.713207 0.776751 -0.836063 -0.006448
0 0.713594 0.778047 -0.835091 -0.005622
