0 0.678240 1.094714 0.261065 -0.194153
0 0.679115 1.094491 0.262866 -0.192267
0 0.683259 1.155396 0.264830 -0.145119
0 0.539095 0.990107 0.040897 -0.492515
0 0.340963 0.806078 -0.344707 -0.888408
0 0.310186 0.768625 -0.375299 -0.962360
0 0.428491 0.885951 -0.139600 -0.692327
0 0.309242 0.740154 -0.376949 -1.045634
0 0.574956 1.092531 0.175337 -0.250887
0 0.682411 1.099435 0.319993 -0.179976
0 0.313122 0.740006 -0.380173 -1.063552
0 0.674011 1.100177 0.302412 -0.179371
0 0.309670 0.734024 -0.381463 -1.064124
0 0.309089 0.731202 -0.387063 -1.068823
0 0.309692 0.732128 -0.385800 -1.064314
0 0.312964 0.741025 -0.380719 -1.065162
0 0.309989 0.732527 -0.380569 -1.062650
