0 0.342800 0.543087 0.036206 -0.168162
0 0.343718 0.544307 0.038448 -0.166438
0 0.343780 0.542659 0.036673 -0.167567
0 0.344757 0.541270 0.044864 -0.170538
0 0.344835 0.541547 0.045385 -0.169572
0 0.344766 0.541174 0.044767 -0.169600
0 0.714355 0.955581 -0.223737 -0.099736
0 0.712685 0.952861 -0.226895 -0.103854
0 0.711173 0.952901 -0.229574 -0.103402
0 0.341038 0.526428 0.036228 -0.172985
0 0.336823 0.526267 0.042652 -0.170867
0 0.336565 0.528002 0.041647 -0.167805
0 0.341721 0.524121 0.036316 -0.178387
0 0.335416 0.540719 0.044630 -0.163073
0 0.335375 0.542287 0.044246 -0.160324
0 0.702971 0.951620 -0.237926 -0.118761
0 0.704850 0.954545 -0.237288 -0.112904
0 0.701851 0.952060 -0.243036 -0.118189
0 0.340399 0.543571 0.037910 -0.166453
0 0.341108 0.541469 0.037916 -0.171322
0 0.658423 0.604905 -0.536490 -0.335324
0 0.716314 0.961478 -0.210492 -0.045570
0 0.341461 0.536132 0.024614 -0.161243
0 0.658732 0.603553 -0.535961 -0.336478
0 0.345396 0.558637 0.035953 -0.155747
0 0.717042 0.958354 -0.209226 -0.050743
0 0.345416 0.558236 0.037370 -0.156875
0 0.345405 0.557386 0.037511 -0.158420
0 0.341446 0.538317 0.024607 -0.156414
0 0.703198 0.635518 -0.294523 -0.308129
