0 0.246361 0.947673 -0.111937 0.464612
0 0.244099 1.098526 -0.111697 0.490662
0 0.688290 0.878571 -0.970893 0.501855
0 0.531800 1.120203 -0.518054 0.670471
0 0.532170 1.113637 -0.518780 0.653236
0 0.512600 1.113769 -0.575664 0.760676
0 0.245146 1.051931 -0.115553 0.528696
0 0.246932 0.887482 -0.109565 0.412406
0 0.691462 1.092468 -0.967643 0.659308
0 0.517451 1.106851 -0.561827 0.736511
0 0.691671 1.168516 -0.963476 0.793650
0 0.369612 0.798304 -0.376623 -0.570582
0 0.249540 0.874029 -0.109603 0.266937
0 0.369498 0.797363 -0.376859 -0.573759
0 0.474738 0.928859 -0.637520 0.590578
0 0.690196 1.150763 -0.963895 0.745451
0 0.249048 0.871115 -0.109653 0.309849
0 0.371625 0.805763 -0.375471 -0.531890
0 0.245771 1.159594 -0.096599 0.451321
0 0.690037 1.101285 -0.966998 0.674654
0 0.247185 1.111101 -0.107937 0.508812
0 0.371432 0.800968 -0.375344 -0.537854
0 0.369249 0.785440 -0.377578 -0.559865
0 0.371121 0.785382 -0.372355 -0.574533
0 0.370182 0.784391 -0.375023 -0.565287
0 0.248854 0.951589 -0.115160 0.442883
0 0.371183 0.785958 -0.372435 -0.572937
0 0.468734 0.801774 -0.628498 0.515434
0 0.694288 1.191695 -0.935769 0.808221
0 0.248079 1.147452 -0.094916 0.419729
0 0.464787 0.790459 -0.631809 0.493542
0 0.687703 0.911455 -0.968522 0.531687
0 0.695199 1.168563 -0.934947 0.753156
0 0.369803 0.814246 -0.378292 -0.556733
0 0.369859 0.814842 -0.378151 -0.555158
0 0.689535 1.101403 -0.964107 0.695119
0 0.692080 0.889906 -0.967427 0.539170
