0 0.226323 0.838749 0.150447 -0.570589
0 0.226489 0.839041 0.149961 -0.571859
0 0.226806 0.838609 0.151587 -0.570424
0 0.231177 0.839163 0.156430 -0.562712
0 0.231250 0.840084 0.156970 -0.566434
0 0.231261 0.839143 0.157121 -0.565339
0 0.232196 0.824054 0.155724 -0.620691
0 0.228861 0.840732 0.154377 -0.574174
0 0.228980 0.841462 0.154061 -0.572457
0 0.228822 0.841345 0.153692 -0.572952
0 0.790929 1.054197 -0.589815 -0.478435
0 0.324169 0.756109 -0.414218 -0.728830
0 0.789752 1.055108 -0.592542 -0.474375
0 0.790463 1.055076 -0.590487 -0.473393
0 0.324013 0.757306 -0.414206 -0.728051
0 0.324840 0.757436 -0.412888 -0.726198
0 0.323406 0.761631 -0.414452 -0.717015
0 0.326182 0.758670 -0.413212 -0.722549
0 0.326262 0.760447 -0.412281 -0.718799
0 0.325992 0.761093 -0.413422 -0.719141
0 0.324351 0.762687 -0.413147 -0.715807
0 0.232499 0.839860 0.152423 -0.626717
0 0.791799 1.050035 -0.588889 -0.494213
0 0.791259 1.049671 -0.590259 -0.492531
0 0.229906 0.848763 0.151321 -0.528221
0 0.791209 1.050241 -0.590482 -0.491943
0 0.324689 0.755282 -0.414811 -0.725353
0 0.323781 0.754387 -0.415316 -0.725085
0 0.323952 0.758034 -0.411862 -0.706463
0 0.324026 0.756767 -0.411936 -0.709190
0 0.324353 0.758085 -0.410996 -0.705512
0 0.327835 0.758246 -0.413656 -0.705289
0 0.327925 0.758568 -0.412952 -0.704235
0 0.327887 0.759548 -0.413506 -0.704178
0 0.231775 0.805391 0.155474 -0.658113
0 0.467501 0.745359 -0.215484 -0.611042
0 0.471620 0.746614 -0.208285 -0.610181
0 0.467492 0.743639 -0.214259 -0.612963
0 0.789889 1.022297 -0.594406 -0.486891
0 0.789515 1.030467 -0.595648 -0.473771
0 0.229369 0.821783 0.148067 -0.628325
0 0.789557 1.030787 -0.595127 -0.473554
