0 0.562269 0.703339 0.263710 -0.463452
0 0.563029 0.703756 0.263486 -0.463126
0 0.562188 0.702159 0.263113 -0.466397
0 0.552864 0.716158 0.245774 -0.459397
0 0.572936 0.685774 0.225657 -0.490709
0 0.553368 0.714840 0.245675 -0.462567
0 0.573424 0.687249 0.227272 -0.486047
0 0.552739 0.716648 0.245020 -0.457614
0 0.572019 0.687944 0.221836 -0.484223
0 0.577559 0.708320 0.240742 -0.459195
0 0.577004 0.707856 0.241915 -0.460785
0 0.574738 0.704443 0.236564 -0.468549
0 0.560768 0.678045 0.112103 -0.482057
0 0.559966 0.679060 0.112150 -0.478699
0 0.557721 0.680197 0.110596 -0.475696
