0 0.664325 0.609339 -0.404191 -0.358388
0 0.663813 0.608577 -0.405866 -0.358143
0 0.663407 0.608730 -0.407206 -0.359477
0 0.665181 0.611676 -0.408252 -0.352738
0 0.664196 0.610150 -0.410565 -0.355290
0 0.662828 0.610246 -0.411752 -0.354887
0 0.658784 0.611532 -0.435144 -0.348020
0 0.662300 0.610675 -0.417460 -0.354935
0 0.664156 0.609753 -0.414172 -0.356624
0 0.664202 0.611336 -0.415328 -0.353543
0 0.650548 0.612152 -0.485196 -0.349946
0 1.097730 0.450435 0.726515 0.157639
0 1.108271 0.342361 0.746824 0.108504
0 0.663880 0.611993 -0.388785 -0.344368
0 0.660569 0.619054 -0.425302 -0.343546
