0 0.814593 0.697638 0.526443 -0.947440
0 0.817736 0.697395 0.532242 -0.945643
0 0.793264 0.333940 -0.115749 0.222175
0 0.794241 0.333714 -0.113048 0.221138
0 0.794785 0.335844 -0.112585 0.223333
0 0.810801 0.697918 0.522836 -0.947908
0 0.797603 0.309741 -0.147854 0.201552
0 0.796249 0.307169 -0.150626 0.197932
0 0.796796 0.305779 -0.149707 0.195788
0 0.802538 0.699117 0.512414 -0.937842
0 0.816933 0.692250 0.509254 -0.967677
0 0.805769 0.696868 0.517783 -0.943110
0 0.816841 0.692268 0.507689 -0.965968
0 1.440546 0.774632 0.878055 -0.063864
0 0.813271 0.692206 0.505383 -0.967798
0 0.800453 0.700152 0.513598 -0.936882
0 1.426555 0.755525 0.869810 -0.178176
0 0.817087 0.531916 0.236955 0.126510
0 0.795982 0.297454 -0.106563 0.203246
0 0.797504 0.297185 -0.103558 0.202933
0 0.797474 0.300078 -0.104740 0.206490
0 0.805621 0.413501 -0.055720 0.284629
0 0.793469 0.287472 -0.148231 0.194545
0 0.807686 0.410944 -0.053073 0.285604
0 0.804902 0.413250 -0.057494 0.283763
0 0.792246 0.286471 -0.150296 0.194091
0 0.791502 0.286574 -0.152178 0.194245
0 0.874502 0.757574 0.288552 0.304319
0 1.331169 0.759003 0.750961 -0.167721
