0 0.491487 0.714365 -0.002448 -0.741092
0 0.492679 0.714360 -0.000241 -0.741274
0 0.492062 0.714290 -0.002332 -0.739426
0 0.492257 0.718695 -0.000660 -0.739446
0 0.490702 0.716618 -0.003228 -0.742877
0 0.491153 0.716296 -0.001838 -0.743095
0 0.496648 0.713776 -0.000294 -0.747978
0 0.495663 0.713569 -0.001949 -0.748334
0 0.496162 0.713023 -0.001077 -0.748841
0 0.485133 0.717736 -0.011844 -0.738890
0 0.476052 0.714611 -0.029542 -0.743446
0 0.113707 0.511293 0.055070 -0.632254
0 0.483124 0.732937 -0.013357 -0.730347
0 0.115048 0.501070 0.067265 -0.641630
0 0.114752 0.500363 0.066901 -0.642599
0 0.116383 0.503332 0.069287 -0.637468
0 0.116085 0.503791 0.069120 -0.636115
0 0.112426 0.504453 0.068902 -0.638720
0 0.112438 0.505284 0.069364 -0.638313
0 0.474516 0.731705 -0.030328 -0.732052
0 0.483847 0.703528 -0.017184 -0.752033
