0 0.183029 0.661811 -0.130646 -0.334009
0 0.182842 0.661522 -0.130728 -0.334526
0 0.182130 0.657616 -0.132846 -0.330696
0 0.182335 0.653497 -0.133172 -0.335204
0 0.258442 0.666005 -0.300556 -0.322488
0 0.258656 0.665967 -0.300146 -0.322605
0 0.184862 0.660045 -0.128068 -0.334192
0 0.184184 0.659646 -0.129669 -0.335713
0 0.257411 0.665534 -0.301768 -0.325235
0 0.258205 0.663338 -0.299818 -0.329310
0 0.384644 0.681515 -0.493546 -0.252387
0 0.384792 0.681791 -0.492805 -0.249578
0 0.182569 0.672406 -0.128864 -0.302275
0 0.255376 0.677015 -0.303770 -0.297909
0 0.380630 0.684106 -0.503259 -0.244525
0 0.380564 0.682114 -0.504514 -0.245798
0 0.183226 0.674204 -0.128734 -0.300596
0 0.256199 0.675029 -0.303172 -0.297343
0 0.182640 0.648925 -0.134326 -0.350126
0 0.182542 0.647912 -0.134391 -0.351696
0 0.257228 0.690119 -0.303828 -0.275409
0 0.182093 0.653426 -0.133201 -0.337658
0 0.182768 0.649702 -0.131209 -0.340929
0 0.384789 0.678330 -0.490208 -0.260782
0 0.256160 0.647791 -0.294616 -0.342132
0 0.255913 0.647574 -0.294036 -0.342442
0 0.500297 0.667116 -0.760736 -0.235822
0 0.384288 0.679035 -0.490271 -0.259697
0 0.500865 0.666915 -0.759492 -0.240905
0 0.496739 0.667504 -0.764631 -0.207514
0 0.258022 0.677555 -0.301801 -0.288879
0 0.257857 0.682992 -0.303154 -0.289000
0 0.498477 0.688912 -0.772723 -0.210048
0 0.259837 0.692417 -0.304459 -0.279166
0 0.183002 0.660163 -0.131937 -0.343845
0 0.183429 0.659264 -0.131123 -0.344138
0 0.182693 0.615623 -0.132955 -0.372380
0 0.258688 0.675190 -0.300466 -0.291457
0 0.382995 0.687076 -0.499147 -0.200729
0 0.502517 0.659300 -0.761960 -0.254277
0 0.182336 0.615222 -0.132688 -0.375003
0 0.185440 0.674900 -0.131555 -0.309055
0 0.502897 0.658447 -0.760735 -0.259490
0 0.385330 0.690969 -0.493602 -0.228588
0 0.257473 0.667389 -0.298754 -0.331459
0 0.186212 0.675796 -0.130147 -0.307913
0 0.501275 0.650097 -0.752973 -0.237994
0 0.501801 0.647355 -0.751601 -0.242214
0 0.498754 0.650086 -0.761851 -0.240835
