0 0.289985 0.512989 -0.145639 -0.452142
0 0.288590 0.513154 -0.148866 -0.452493
0 0.290107 0.514683 -0.145699 -0.449388
0 0.289032 0.516403 -0.148608 -0.445425
0 0.288215 0.516463 -0.150147 -0.445716
0 0.288932 0.515838 -0.148277 -0.446973
0 0.288947 0.516312 -0.148521 -0.445761
0 0.286925 0.516553 -0.154466 -0.444638
0 0.288439 0.519118 -0.149020 -0.441439
0 0.288688 0.518510 -0.148407 -0.442537
0 0.448088 0.554631 -0.419701 -0.495290
0 0.287974 0.515899 -0.150869 -0.446907
0 0.447424 0.553590 -0.420676 -0.496906
0 0.286918 0.517221 -0.151819 -0.444554
0 0.584661 0.297049 -0.888876 -0.249013
0 0.450746 0.558066 -0.412586 -0.487393
0 0.450633 0.558089 -0.412776 -0.485973
0 0.584166 0.296905 -0.890320 -0.249666
0 0.584155 0.297124 -0.890464 -0.249423
0 0.450802 0.558572 -0.412291 -0.486496
0 0.377571 0.437993 -0.434967 -0.461441
0 0.586789 0.296174 -0.883898 -0.251040
0 0.377433 0.437986 -0.435247 -0.462242
0 0.584786 0.296591 -0.889528 -0.249609
0 0.450924 0.555687 -0.411443 -0.494008
0 0.376471 0.438463 -0.435777 -0.466601
0 0.450289 0.556069 -0.412217 -0.493541
0 0.584589 0.296112 -0.889840 -0.249437
0 0.450001 0.555111 -0.412349 -0.493913
0 0.092248 0.487421 0.061274 -0.459418
0 0.092647 0.487443 0.061981 -0.458948
0 0.092106 0.486739 0.063226 -0.458029
0 0.375807 0.438355 -0.436972 -0.466789
0 0.375983 0.438239 -0.436637 -0.466731
0 0.584354 0.296637 -0.889990 -0.250555
0 0.092307 0.487168 0.063408 -0.456481
0 0.584224 0.295992 -0.890520 -0.251437
0 0.093134 0.487979 0.062926 -0.459766
0 0.092799 0.488008 0.062176 -0.459160
0 0.093077 0.487734 0.062837 -0.460237
0 0.584183 0.296592 -0.890540 -0.250236
0 0.585847 0.296546 -0.888826 -0.250052
0 0.585741 0.295980 -0.889258 -0.251061
0 0.376221 0.439783 -0.436935 -0.464740
0 0.289562 0.514859 -0.146562 -0.447795
0 0.288683 0.514330 -0.148581 -0.448408
0 0.289524 0.515245 -0.147177 -0.447476
0 0.375190 0.439859 -0.439092 -0.464750
0 0.375189 0.438280 -0.438901 -0.466730
0 0.584879 0.295697 -0.886760 -0.249241
0 0.415927 0.406286 -0.626235 -0.467776
0 0.416085 0.406504 -0.626035 -0.467505
0 0.584326 0.295890 -0.887553 -0.248429
0 0.376764 0.435387 -0.438877 -0.465936
0 0.093728 0.487170 0.063801 -0.457756
0 0.416144 0.405144 -0.624874 -0.467651
0 0.415731 0.406358 -0.626751 -0.466646
0 0.092812 0.487259 0.062685 -0.456730
0 0.093822 0.487516 0.063854 -0.456791
0 0.377384 0.435213 -0.437438 -0.465418
0 0.585527 0.296820 -0.888920 -0.249877
0 0.585166 0.296930 -0.889474 -0.249225
0 0.377669 0.437759 -0.437944 -0.464212
0 0.585447 0.297258 -0.888896 -0.249255
0 0.376478 0.437939 -0.440750 -0.464243
0 0.415962 0.402303 -0.626132 -0.469832
0 0.448478 0.554166 -0.414473 -0.495400
0 0.415793 0.402353 -0.626396 -0.470554
0 0.377674 0.438127 -0.437967 -0.463684
0 0.416504 0.406514 -0.623774 -0.465374
0 0.374384 0.438142 -0.441227 -0.461558
0 0.415717 0.402366 -0.626598 -0.470559
0 0.379872 0.433493 -0.432073 -0.466954
0 0.448011 0.554255 -0.415186 -0.495627
0 0.379215 0.434614 -0.432334 -0.465381
0 0.586153 0.296517 -0.880395 -0.248433
0 0.587520 0.297500 -0.884996 -0.251279
0 0.417488 0.405089 -0.623595 -0.472520
0 0.448416 0.559171 -0.415621 -0.482358
0 0.092992 0.486282 0.063904 -0.464471
0 0.092806 0.486972 0.063269 -0.463871
0 0.448668 0.560576 -0.414978 -0.477767
0 0.093152 0.487332 0.063937 -0.464243
0 0.291797 0.513777 -0.145107 -0.457798
0 0.292259 0.516687 -0.144365 -0.452478
0 0.447820 0.556438 -0.416677 -0.488162
0 0.291365 0.515819 -0.145772 -0.455350
0 0.418504 0.404570 -0.620691 -0.473968
0 0.414571 0.406944 -0.628798 -0.461543
0 0.414295 0.407416 -0.629766 -0.461526
0 0.416201 0.400467 -0.624987 -0.475040
0 0.444618 0.553571 -0.425044 -0.496384
0 0.449663 0.550154 -0.424623 -0.490337
0 0.090498 0.484065 0.058031 -0.471846
0 0.417471 0.400606 -0.621622 -0.475017
0 0.091806 0.491306 0.062060 -0.443924
0 0.091366 0.491203 0.060805 -0.442815
0 0.449185 0.550278 -0.425456 -0.488140
0 0.647581 0.459445 -1.233197 -0.396954
0 0.415999 0.400891 -0.624355 -0.469314
0 0.416584 0.399723 -0.622886 -0.469380
0 0.415962 0.400374 -0.624511 -0.469912
0 0.093779 0.476051 0.063160 -0.483543
0 0.445253 0.550810 -0.433157 -0.488169
0 0.417326 0.409415 -0.623314 -0.469874
0 0.374678 0.437668 -0.438848 -0.465702
0 0.648113 0.457545 -1.230780 -0.399765
0 0.647309 0.453290 -1.236041 -0.394314
0 0.089533 0.482774 0.058731 -0.472879
0 0.418041 0.409656 -0.621499 -0.469752
0 0.417065 0.410541 -0.623927 -0.468646
0 0.416167 0.399910 -0.625138 -0.469288
0 0.443209 0.553868 -0.424134 -0.496528
0 0.090842 0.486495 0.058577 -0.474998
0 0.648449 0.458851 -1.230527 -0.398418
0 0.585451 0.297868 -0.879167 -0.251279
0 0.647435 0.454040 -1.234937 -0.384331
0 0.416231 0.400342 -0.624837 -0.469206
0 0.648206 0.449451 -1.230268 -0.402645
0 0.647365 0.448234 -1.236209 -0.372846
0 0.095120 0.478281 0.066568 -0.488574
0 0.647315 0.464162 -1.236397 -0.402902
0 0.418572 0.414407 -0.620275 -0.460969
0 0.418542 0.413807 -0.618933 -0.463035
0 0.093768 0.475150 0.067280 -0.487130
0 0.648145 0.463993 -1.230226 -0.396413
0 0.647496 0.459158 -1.228422 -0.397898
0 0.648190 0.451130 -1.230556 -0.390473
0 0.648290 0.457159 -1.226549 -0.402023
0 0.292195 0.513772 -0.155365 -0.449906
0 0.293868 0.514767 -0.152567 -0.447879
0 0.647363 0.439238 -1.232573 -0.424734
0 0.648503 0.453394 -1.230410 -0.385248
0 0.576774 0.293147 -0.907639 -0.256577
0 0.647532 0.485025 -1.234372 -0.388412
