0 0.235124 0.458927 -0.114416 -0.574626
0 0.234152 0.459218 -0.115786 -0.574021
0 0.234098 0.459200 -0.115612 -0.574049
0 0.237657 0.459265 -0.118347 -0.573489
0 0.224349 0.623662 0.149126 -0.613659
0 0.236711 0.459393 -0.119462 -0.573123
0 0.223722 0.622025 0.148577 -0.617416
0 0.236741 0.459574 -0.119583 -0.573379
0 0.222649 0.621600 0.146856 -0.617101
0 0.240242 0.459453 -0.109975 -0.573476
0 0.235281 0.460239 -0.117283 -0.577563
0 0.239878 0.459674 -0.110660 -0.573924
0 0.235483 0.460876 -0.117604 -0.577237
0 0.224779 0.618528 0.149129 -0.620564
0 0.224618 0.618766 0.148699 -0.620949
0 0.224723 0.618979 0.147406 -0.619704
0 0.224682 0.635408 0.154392 -0.602440
0 0.441730 0.590343 -0.410610 -0.606458
0 0.441750 0.590395 -0.410374 -0.606109
0 0.445519 0.587326 -0.371212 -0.609405
0 0.446135 0.587449 -0.371861 -0.608880
0 0.220944 0.628791 0.147578 -0.613455
0 0.228526 0.641344 0.150600 -0.605218
0 0.228434 0.636964 0.150678 -0.613661
0 0.237533 0.461526 -0.099184 -0.568501
0 0.236880 0.462047 -0.100561 -0.567258
0 0.236666 0.461118 -0.101166 -0.569616
0 0.227217 0.642000 0.147394 -0.608288
0 0.224866 0.621521 0.154303 -0.629898
0 0.233528 0.459606 -0.105369 -0.573873
0 0.233151 0.458335 -0.105499 -0.576528
0 0.451242 0.585239 -0.406222 -0.611251
0 0.450868 0.585440 -0.407276 -0.612504
0 0.223137 0.631026 0.152097 -0.591631
0 0.452307 0.585974 -0.268787 -0.598244
0 0.442966 0.585472 -0.354588 -0.607916
0 0.441350 0.588341 -0.431323 -0.611771
0 0.440774 0.588376 -0.431612 -0.613213
0 0.451849 0.586489 -0.269481 -0.598359
0 0.447809 0.585081 -0.414853 -0.612795
0 0.442458 0.585205 -0.356559 -0.609984
0 0.219228 0.626601 0.145333 -0.600917
0 0.235229 0.457552 -0.113138 -0.575988
0 0.437733 0.589436 -0.437374 -0.610500
0 0.439910 0.584848 -0.362923 -0.610082
0 0.457316 0.589227 -0.313218 -0.604974
0 0.223380 0.621854 0.152262 -0.611994
0 0.225356 0.626650 0.150177 -0.575811
0 0.225681 0.628234 0.149892 -0.572988
0 0.451849 0.584576 -0.277325 -0.602863
0 0.451289 0.584883 -0.276607 -0.602448
0 0.073675 0.427263 0.050911 -0.485129
0 0.225282 0.627041 0.148483 -0.575663
0 0.252297 0.461307 -0.114509 -0.569148
0 0.229956 0.456636 -0.124869 -0.587668
0 0.237050 0.456878 -0.119236 -0.576722
0 0.454992 0.584834 -0.275644 -0.601236
0 0.253740 0.461520 -0.112392 -0.568870
0 0.461021 0.592058 -0.327646 -0.602762
0 0.339703 0.586279 -0.111176 -0.591310
0 0.340246 0.585637 -0.109997 -0.592689
0 0.434274 0.588117 -0.393221 -0.612087
0 0.440203 0.585452 -0.289249 -0.599903
0 0.073212 0.434152 0.048422 -0.481868
0 0.068856 0.410703 0.045853 -0.498790
0 0.340680 0.581839 -0.110110 -0.624228
0 0.456302 0.589478 -0.440412 -0.600830
0 0.073983 0.433416 0.049265 -0.483615
0 0.434984 0.588161 -0.390437 -0.612451
0 0.243922 0.460020 -0.124111 -0.568357
0 0.244437 0.460798 -0.122477 -0.567400
0 0.455564 0.589520 -0.438872 -0.601395
0 0.073073 0.432399 0.048032 -0.485270
0 0.244695 0.460576 -0.121827 -0.567912
0 0.068839 0.410115 0.045660 -0.499337
0 0.339459 0.581046 -0.112482 -0.627757
0 0.069110 0.410186 0.045331 -0.499795
0 0.432611 0.588420 -0.396779 -0.612423
