0 0.310973 0.789867 0.170561 -0.727154
0 0.310885 0.790343 0.170569 -0.729052
0 0.310274 0.790898 0.168826 -0.727396
0 0.372475 0.761220 -0.082246 -0.617732
0 0.372955 0.763736 -0.082266 -0.614876
0 0.372925 0.762203 -0.081719 -0.610942
0 0.365899 0.753634 -0.087514 -0.613080
0 0.368326 0.772865 -0.088275 -0.597612
0 0.365561 0.747638 -0.087086 -0.622491
0 0.479243 0.375826 -0.339212 0.233143
0 0.480027 0.375994 -0.337325 0.233971
0 0.480950 0.376640 -0.337954 0.236126
0 0.372272 0.764573 -0.076703 -0.611504
0 0.372675 0.793002 -0.086317 -0.557041
0 0.371546 0.763754 -0.077993 -0.613344
0 0.372499 0.765252 -0.075296 -0.612167
0 0.483489 0.383475 -0.318037 0.242914
0 0.373730 0.765337 -0.083891 -0.582998
0 0.809661 1.225761 -0.263368 0.496847
0 0.479500 0.384779 -0.339351 0.252968
0 0.482501 0.383294 -0.314431 0.243844
0 0.477770 0.384128 -0.342161 0.249958
0 0.483388 0.383987 -0.316259 0.243856
0 0.808180 1.235121 -0.264442 0.509253
0 0.478237 0.384641 -0.340621 0.252861
0 0.803229 1.164559 -0.292988 0.480164
0 0.802333 1.174357 -0.292721 0.494867
0 0.292034 0.799613 0.163691 -0.707980
0 0.291544 0.799523 0.161899 -0.708638
0 0.307212 0.788495 0.166719 -0.697154
0 0.290666 0.801079 0.162111 -0.704801
0 0.306435 0.791486 0.165917 -0.689241
0 0.313985 0.786259 0.173414 -0.777177
0 0.376790 0.800225 -0.072083 -0.561302
0 0.313957 0.788330 0.173017 -0.770291
0 0.312882 0.789813 0.170903 -0.764082
0 0.323854 0.799912 0.162142 -0.699557
0 0.306956 0.788786 0.169128 -0.696432
0 0.325274 0.797037 0.164479 -0.702108
0 0.482031 0.381815 -0.310676 0.257070
0 0.375854 0.798822 -0.074186 -0.563923
0 0.482566 0.382398 -0.309725 0.255994
0 0.482310 0.381520 -0.307291 0.256330
0 0.323527 0.796601 0.160380 -0.697596
0 0.375795 0.794991 -0.074560 -0.572204
0 0.368169 0.759168 -0.087630 -0.618362
