0 0.247942 0.723311 0.169237 -0.121492
0 0.246608 0.722834 0.167649 -0.122806
0 0.248747 0.724127 0.170619 -0.121189
0 0.242380 0.710122 0.162543 -0.129807
0 0.241952 0.710520 0.163069 -0.129749
0 0.243070 0.710219 0.163563 -0.129957
0 0.423473 0.820908 -0.224830 -0.018543
0 0.423590 0.816269 -0.225057 -0.029136
0 0.423779 0.821161 -0.224326 -0.020880
0 0.420688 0.832382 -0.234902 -0.034194
0 0.420448 0.829565 -0.235902 -0.039755
0 0.905363 0.988292 0.595825 -0.878845
0 0.419422 0.831208 -0.236867 -0.036370
0 0.254957 0.716632 0.178489 -0.137762
0 0.238944 0.717303 0.168694 -0.134002
0 0.235121 0.677849 0.167698 -0.154021
0 0.927581 0.972159 0.617773 -0.973286
0 0.426217 0.801118 -0.198261 -0.037371
0 0.425693 0.804695 -0.197753 -0.029503
0 0.814266 0.933522 -0.261785 0.055121
0 0.814243 0.933460 -0.260234 0.056630
0 0.424811 0.805790 -0.198243 -0.029054
0 0.803485 1.023826 -0.287139 0.153645
0 0.871539 1.002382 0.631596 -0.783456
0 0.802599 1.023867 -0.289002 0.153311
0 0.979064 0.970756 0.578021 -0.982842
0 0.975827 0.983528 0.583090 -0.911425
0 0.250561 0.682142 0.181253 -0.151879
0 0.784850 1.040018 -0.389429 0.158378
0 0.784002 1.039868 -0.390243 0.159376
0 0.249079 0.734001 0.165265 -0.129419
0 0.248286 0.730812 0.163096 -0.132798
0 0.248872 0.731588 0.162740 -0.129168
0 0.420769 0.771698 -0.226334 -0.099135
0 0.793878 0.954178 -0.360479 0.086921
0 0.792486 0.953589 -0.362875 0.083350
0 0.234379 0.728476 0.159625 -0.127726
0 0.241553 0.746300 0.170980 -0.131738
0 0.234121 0.728556 0.159803 -0.127180
0 0.233282 0.727448 0.157781 -0.130689
0 0.257601 0.750556 0.181164 -0.126269
