0 0.269067 0.558342 -0.204197 -0.250221
0 0.269164 0.557974 -0.203219 -0.249690
0 0.269984 0.561294 -0.201165 -0.247389
0 0.409199 0.731177 -0.687540 -0.758115
0 0.269961 0.560891 -0.200536 -0.248337
0 0.267551 0.550507 -0.206073 -0.247493
0 0.267254 0.549254 -0.207346 -0.250324
0 0.309148 0.386262 -0.386865 -0.379866
0 0.408949 0.731168 -0.687488 -0.749162
0 0.409107 0.730426 -0.688232 -0.759572
0 0.267399 0.547971 -0.206815 -0.253282
0 0.408808 0.729844 -0.687943 -0.751999
0 0.409271 0.730775 -0.687768 -0.758732
0 0.412863 0.737330 -0.679591 -0.742824
0 0.309338 0.385934 -0.387020 -0.381578
0 0.409027 0.731733 -0.687586 -0.748009
0 0.268548 0.558477 -0.202644 -0.246644
0 0.268467 0.560144 -0.202959 -0.245109
0 0.308860 0.386799 -0.389736 -0.384620
0 0.411272 0.740079 -0.682091 -0.736780
0 0.309162 0.388386 -0.389149 -0.382717
0 0.309361 0.389649 -0.388324 -0.375918
0 0.584931 0.676730 -0.698949 -0.410865
0 0.308728 0.389010 -0.389232 -0.373380
0 0.584823 0.677954 -0.699411 -0.408810
0 0.268449 0.556662 -0.203311 -0.252800
0 0.309072 0.389505 -0.388829 -0.373715
0 0.309767 0.390163 -0.387684 -0.376036
0 0.309491 0.390066 -0.388167 -0.376223
0 0.585303 0.679867 -0.697490 -0.407674
0 0.255306 1.107724 0.170721 -0.058081
0 0.256537 1.105222 0.172468 -0.063311
0 0.307756 0.391671 -0.391152 -0.373229
0 0.309292 0.393929 -0.388741 -0.370294
0 0.307933 0.391569 -0.390745 -0.373666
0 0.308010 0.391824 -0.390462 -0.373407
0 0.258953 1.054058 0.173653 -0.098964
0 0.257813 1.054929 0.171434 -0.098466
0 0.716291 1.134157 -0.829790 -0.009371
0 0.715568 1.136763 -0.825086 -0.003355
0 0.274534 0.546876 -0.201066 -0.248366
0 0.307991 0.395024 -0.390636 -0.367446
0 0.275826 0.544078 -0.199382 -0.253502
0 0.411739 0.733739 -0.685570 -0.735880
0 0.275540 0.546613 -0.200103 -0.249310
0 0.584151 0.680492 -0.705928 -0.415243
0 0.580396 0.661301 -0.701532 -0.427657
0 0.274203 1.113254 0.185320 -0.062081
0 0.309339 0.385864 -0.387918 -0.380885
0 0.273496 1.113179 0.183394 -0.060351
0 0.581044 0.662763 -0.701238 -0.425091
0 0.271061 0.538188 -0.209186 -0.275035
0 0.581230 0.663112 -0.699500 -0.425254
0 0.270912 0.537821 -0.209246 -0.274949
0 0.715969 1.123744 -0.833318 0.012622
0 0.576607 0.676096 -0.706159 -0.412202
0 0.716958 1.122004 -0.834776 0.012140
0 0.587060 0.697596 -0.714906 -0.390613
0 0.586394 0.698129 -0.715151 -0.390936
0 0.252242 1.089944 0.171304 -0.070418
0 0.697160 1.035530 0.194385 -0.612594
0 0.588321 0.699792 -0.713839 -0.388073
0 0.692648 1.035551 0.185062 -0.610827
0 0.412637 0.734560 -0.685280 -0.771024
0 0.310609 0.393791 -0.385821 -0.376101
0 0.574115 0.675100 -0.710848 -0.412884
0 0.307991 0.387303 -0.389926 -0.378324
0 0.579387 0.678899 -0.713537 -0.414292
0 0.310608 0.394936 -0.385749 -0.375332
0 0.293455 1.019437 0.195144 -0.144854
0 0.273595 0.572366 -0.200309 -0.237709
0 0.292727 1.020436 0.193767 -0.144836
0 0.273293 0.572262 -0.201273 -0.240252
0 0.685348 1.035952 0.170839 -0.609695
0 0.310961 0.394092 -0.385338 -0.376409
0 0.282134 0.563706 -0.191624 -0.249574
0 0.280040 0.561431 -0.197521 -0.253198
0 0.280248 0.559777 -0.196826 -0.257807
0 0.701454 1.125223 -0.909031 -0.011844
0 0.703467 1.122955 -0.905895 -0.016185
0 0.745876 1.124865 -0.662778 -0.039787
0 0.744193 1.126107 -0.665958 -0.035714
0 0.675809 1.040647 0.200366 -0.578206
0 0.307885 0.380939 -0.389217 -0.382850
0 0.576240 0.665513 -0.706634 -0.427565
0 0.674128 1.040202 0.197214 -0.579603
0 0.583717 0.668486 -0.706567 -0.428602
0 0.308144 0.381426 -0.388764 -0.381411
0 0.409566 0.706590 -0.693319 -0.828978
0 0.590091 0.715694 -0.702786 -0.372782
0 0.308333 0.381801 -0.388855 -0.380878
0 0.664770 1.042442 0.182133 -0.576331
0 0.253951 1.053506 0.170085 -0.070439
0 0.586015 0.676112 -0.660788 -0.417899
0 0.586514 0.674962 -0.658168 -0.418884
0 0.711606 1.111458 -0.853625 -0.042557
