0 0.311059 1.013873 -0.091791 -0.506510
0 0.311409 1.014053 -0.090805 -0.509793
0 0.311220 1.013185 -0.090852 -0.507630
0 0.420914 1.004359 -0.354288 -0.533942
0 0.420801 1.005458 -0.354651 -0.529593
0 0.421520 1.004848 -0.352237 -0.530922
0 0.311078 1.014571 -0.097822 -0.500583
0 0.423032 1.002610 -0.355165 -0.530028
0 0.423372 1.001984 -0.354463 -0.531523
0 0.310978 1.014288 -0.097828 -0.501010
0 0.612854 1.063144 -0.741247 0.189013
0 0.310211 1.013430 -0.098986 -0.501002
0 0.614364 1.060812 -0.738746 0.181052
0 0.307884 0.999155 -0.107680 -0.505150
0 0.423191 1.002478 -0.354335 -0.529074
0 0.199687 1.040911 -0.007329 0.202728
0 0.201439 1.076388 -0.012564 0.250714
0 0.513880 0.990907 -0.613479 -0.481706
0 0.517090 0.985154 -0.608398 -0.481440
0 0.514023 0.991599 -0.613219 -0.481478
0 0.517105 0.986675 -0.608116 -0.479836
0 0.421378 0.980056 -0.353798 -0.547413
0 0.309590 1.009561 -0.102684 -0.506336
0 0.424929 0.996717 -0.341516 -0.540325
0 0.423098 0.996928 -0.345018 -0.536582
0 0.423969 0.996167 -0.343925 -0.538591
0 0.307861 1.009951 -0.104958 -0.503140
0 0.308614 1.009301 -0.104153 -0.503739
0 0.516391 0.992835 -0.610345 -0.476605
0 0.520820 0.988072 -0.601920 -0.476244
0 0.194378 1.061370 -0.004522 0.204046
0 0.516899 1.011611 -0.597201 -0.420247
0 0.640270 0.676220 -0.845432 0.158367
0 0.640134 0.674271 -0.846392 0.152510
0 0.199426 1.034621 -0.004095 0.205007
0 0.205335 1.041193 -0.000581 0.201084
0 0.210660 1.079488 -0.001406 0.250943
0 0.640936 0.676447 -0.842748 0.157850
0 0.604517 1.085100 -0.750111 0.272384
0 0.644182 0.645937 -0.840872 0.110725
0 0.499058 1.102387 -0.587414 0.370987
0 0.604611 1.088653 -0.749174 0.275353
0 0.309772 0.998789 -0.093801 -0.505230
0 0.308081 1.027622 -0.114434 -0.494310
0 0.642324 0.655365 -0.843503 0.087274
0 0.201452 1.065819 0.006391 0.209299
0 0.640642 0.663579 -0.839709 0.149756
0 0.499481 1.003079 -0.587583 0.348899
0 0.204087 1.037926 0.001788 0.207916
0 0.600746 1.088499 -0.741944 0.239259
0 0.517804 1.019664 -0.603912 -0.432951
0 0.641000 0.661917 -0.839479 0.149855
0 0.425322 0.985793 -0.357492 -0.541654
0 0.641169 0.665063 -0.835890 0.152261
0 0.308281 0.996342 -0.111048 -0.496913
0 0.605903 1.087625 -0.736716 0.234874
0 0.199842 1.003167 -0.011758 0.093218
0 0.241456 0.879678 -0.218102 0.151573
0 0.616821 1.119107 -0.748135 0.211813
0 0.502466 1.114316 -0.582318 0.388179
0 0.420844 0.990600 -0.357926 -0.559795
0 0.529282 1.009616 -0.609745 -0.420140
0 0.499920 0.868080 -0.581208 0.251659
0 0.499951 1.011677 -0.586302 0.359076
0 0.617880 1.120039 -0.746786 0.210843
0 0.261735 1.044215 -0.196763 0.284642
0 0.202787 0.998396 -0.006873 0.137711
0 0.500051 0.855186 -0.578443 0.191644
0 0.503950 1.127395 -0.579090 0.392676
0 0.513439 0.986246 -0.606916 -0.473270
0 0.513070 0.986377 -0.607988 -0.476273
0 0.513987 0.998398 -0.601379 -0.394597
0 0.590018 1.079715 -0.754171 0.281756
0 0.500157 0.869270 -0.579565 0.255100
0 0.420604 0.975642 -0.355047 -0.538605
0 0.212703 1.054733 0.013270 0.140370
0 0.502344 0.923589 -0.569122 0.268996
