0 0.508110 1.024891 -0.798444 -1.036777
0 0.506547 1.028453 -0.801949 -1.028958
0 0.507330 1.030051 -0.800516 -1.027135
0 0.508831 1.026215 -0.796316 -1.031786
0 0.468822 0.822029 -0.787685 -0.995701
0 0.313187 0.947516 -0.486676 -1.231970
0 0.313245 0.944946 -0.486593 -1.234935
0 0.469290 0.824226 -0.787234 -0.993557
0 0.313680 0.952473 -0.486687 -1.218748
0 0.469372 0.819698 -0.786956 -0.999535
0 0.468074 0.861033 -0.784363 -0.962203
0 0.313233 0.946300 -0.486613 -1.232677
0 0.467842 0.822727 -0.789636 -0.988755
0 0.468075 0.821312 -0.789360 -0.989277
0 0.470934 0.831412 -0.786162 -0.980160
0 0.467857 0.821262 -0.789881 -0.989525
0 0.314193 0.953379 -0.485784 -1.219376
0 0.468346 0.867139 -0.784261 -0.952957
0 0.468912 0.867630 -0.783281 -0.951398
0 0.468796 0.866688 -0.783579 -0.954718
0 0.507857 1.031563 -0.801145 -1.033382
