0 0.625526 0.583198 -0.062318 -0.431523
0 0.625135 0.584158 -0.062198 -0.429604
0 0.626431 0.583849 -0.059192 -0.429825
0 0.691014 0.603000 -0.978332 -0.361020
0 0.690760 0.603996 -0.978400 -0.358843
0 0.618820 0.586011 -0.069987 -0.428595
0 0.619715 0.585622 -0.067989 -0.429372
0 0.624151 0.578358 -0.067794 -0.438411
0 0.623901 0.578370 -0.068209 -0.437339
0 0.620426 0.584624 -0.066357 -0.430903
0 0.624395 0.579076 -0.068456 -0.437977
0 0.691092 0.605764 -0.980614 -0.355243
0 0.691295 0.607750 -0.980025 -0.350468
0 0.689584 0.604218 -0.980808 -0.361013
0 0.688923 0.606772 -0.982709 -0.352643
0 0.689966 0.614917 -0.983365 -0.354589
0 0.691038 0.614669 -0.980709 -0.353190
0 0.690977 0.609837 -0.980851 -0.368958
0 0.689393 0.614807 -0.983205 -0.354161
0 0.692695 0.601269 -0.973499 -0.372765
0 0.693046 0.601419 -0.972840 -0.373593
0 0.688873 0.614170 -0.984596 -0.353661
0 0.688867 0.613267 -0.984777 -0.362799
0 0.692647 0.601140 -0.973066 -0.375053
0 0.688891 0.618359 -0.985110 -0.309882
0 0.689483 0.616509 -0.984309 -0.312804
0 0.691079 0.620450 -0.980968 -0.305596
0 0.689985 0.618995 -0.983573 -0.307796
