0 0.169180 0.953168 0.112360 -0.051808
0 0.169461 0.951457 0.112351 -0.054088
0 0.461554 1.126488 -0.247096 0.097700
0 0.460627 1.126877 -0.248537 0.099626
0 0.169958 0.952926 0.115506 -0.056580
0 0.169631 0.951108 0.115432 -0.058768
0 0.169718 0.944244 0.113261 -0.061689
0 0.518573 1.047071 -0.182720 -0.563387
0 0.460802 1.107883 -0.240596 0.069476
0 0.518002 1.050868 -0.183256 -0.557667
0 0.518979 1.050272 -0.182578 -0.558729
0 0.160081 0.933327 0.099749 -0.579543
0 0.161051 0.933736 0.101554 -0.579121
0 0.170315 0.944943 0.116203 -0.069398
0 0.460684 1.110115 -0.240251 0.075923
0 0.170192 0.941391 0.115801 -0.065737
0 0.456115 1.092631 -0.272186 0.096209
0 0.164676 0.937849 0.109206 -0.051723
0 0.306984 1.015617 -0.184695 -0.034451
0 0.165527 0.935548 0.109400 -0.055587
0 0.312755 1.021053 -0.174367 -0.046803
0 0.163737 0.933451 0.101060 -0.577028
0 0.173703 0.943045 0.114643 -0.086965
0 0.164915 0.931889 0.109171 -0.059775
0 0.318686 1.023595 -0.157669 -0.043168
0 0.312086 1.017799 -0.169672 -0.030704
0 0.455565 1.088269 -0.234996 0.078858
0 0.164385 0.931503 0.101082 -0.595180
0 0.166772 0.932224 0.108970 -0.540885
0 0.225439 0.967688 -0.126443 -0.124781
0 0.166644 0.932171 0.108389 -0.543530
0 0.164773 0.933143 0.101201 -0.590094
0 0.512779 1.047934 -0.247482 -0.562384
0 0.322780 0.994124 -0.080239 -0.091121
0 0.512171 1.050730 -0.248936 -0.557787
0 0.512425 1.050133 -0.249417 -0.557622
0 0.165491 0.932969 0.100986 -0.588589
0 0.325032 0.996802 -0.079233 -0.086258
0 0.167159 0.932309 0.107743 -0.540719
0 0.507251 1.044652 -0.158189 -0.558266
0 0.505373 1.047542 -0.161187 -0.554983
0 0.223236 0.959033 -0.127480 -0.138570
0 0.219312 0.972540 -0.128440 -0.128965
0 0.506352 1.047661 -0.161326 -0.554683
0 0.315983 1.003745 -0.118502 -0.054057
0 0.176269 0.938468 0.104942 -0.110561
0 0.316810 1.002201 -0.117052 -0.058171
0 0.171584 0.983272 0.112052 -0.037064
0 0.457353 1.102047 -0.297056 0.123629
0 0.171683 0.987059 0.111607 -0.032654
0 0.218168 0.963124 -0.129414 -0.141405
0 0.451770 1.062356 -0.268222 0.074858
0 0.320177 0.974056 -0.080809 -0.121063
0 0.161292 0.925802 0.104681 -0.629214
0 0.462538 1.064960 -0.250723 0.035385
0 0.446869 1.063686 -0.243984 0.081098
0 0.462573 1.066047 -0.249392 0.038685
0 0.518838 1.038053 -0.185881 -0.603088
0 0.518377 1.042061 -0.186035 -0.595554
0 0.224765 0.964307 -0.115218 -0.161216
0 0.517806 1.042683 -0.188174 -0.594136
