0 0.755051 1.076369 -0.587110 -0.385963
0 0.756158 1.079328 -0.585411 -0.385501
0 0.756105 1.075868 -0.585372 -0.388497
0 0.754998 1.078904 -0.588021 -0.376186
0 0.755508 1.077081 -0.587143 -0.379508
0 0.756094 1.079049 -0.586321 -0.376013
0 0.250521 1.127792 0.168708 -0.144352
0 0.753227 1.071806 -0.566153 -0.389298
0 0.249565 1.129121 0.169355 -0.143027
0 0.752769 1.076509 -0.566152 -0.385639
0 0.754064 1.071429 -0.565061 -0.389789
0 0.259795 1.100142 0.172803 -0.202003
0 0.259047 1.103144 0.172445 -0.198682
0 0.295468 0.728364 -0.107423 -0.519671
0 0.295625 0.727437 -0.107589 -0.520610
0 0.295692 0.728431 -0.105847 -0.518084
0 0.293666 1.101142 0.193291 -0.221201
0 0.292340 1.106194 0.192509 -0.208271
0 0.300601 0.736916 -0.095919 -0.516001
0 0.748592 1.078519 -0.587433 -0.379471
0 0.646689 1.069167 -0.167754 -0.440680
0 0.648796 1.066317 -0.164667 -0.447117
0 0.648067 1.067417 -0.166179 -0.444286
0 0.311701 1.096957 -0.066359 -0.230834
0 0.298820 0.719478 -0.098069 -0.530842
0 0.311110 1.098487 -0.065970 -0.225115
0 0.293367 0.726214 -0.106595 -0.516629
0 0.803207 1.067152 -0.029224 -0.456229
0 0.294304 0.725638 -0.104858 -0.517710
0 0.176481 1.111371 0.117914 -0.205009
0 0.804525 1.068019 -0.026438 -0.453765
0 0.803430 1.067567 -0.028013 -0.457888
0 0.294689 0.724095 -0.103634 -0.519803
0 0.298967 0.709924 -0.097262 -0.543238
0 0.301271 0.729609 -0.093098 -0.521969
0 0.582431 1.063650 -0.207643 -0.462583
0 0.583547 1.063803 -0.207343 -0.461764
0 0.576519 1.065675 -0.211006 -0.456623
0 0.306841 1.067008 -0.079924 -0.273066
0 0.299311 0.751276 -0.097767 -0.492462
0 0.300342 0.756302 -0.096089 -0.484765
0 0.582164 1.063941 -0.208151 -0.462590
0 0.576331 1.067189 -0.210737 -0.453958
0 0.306325 1.068092 -0.079532 -0.269716
0 0.299926 0.754061 -0.096498 -0.487063
0 0.575562 1.068942 -0.211187 -0.454021
0 0.748361 1.069844 -0.588308 -0.409840
0 0.199690 1.100825 0.130883 -0.229483
0 0.859267 1.069861 -0.000495 -0.443719
0 0.304814 0.714528 -0.089229 -0.532802
0 0.300849 0.721286 -0.095159 -0.534734
0 0.859518 1.069845 -0.001373 -0.443988
0 0.333217 1.094007 0.064765 -0.246600
0 0.812015 1.052954 -0.003335 -0.461141
0 0.304782 0.705659 -0.089632 -0.543853
0 0.333227 1.097217 0.070731 -0.239444
0 0.263402 1.099518 0.188875 -0.235011
0 0.532818 0.728465 -0.347786 0.117966
0 0.811595 1.057279 -0.006735 -0.449647
0 0.666684 1.059685 -0.138380 -0.464185
0 0.532567 0.730691 -0.347909 0.127855
0 0.533022 0.729666 -0.348025 0.126624
0 0.853750 1.069847 -0.013625 -0.455962
0 0.667736 1.062325 -0.136151 -0.458093
