0 0.521458 1.269328 -0.535173 -0.112393
0 0.521036 1.267339 -0.535805 -0.118035
0 0.375109 1.245745 -0.283516 -0.191143
0 0.378251 1.251241 -0.279506 -0.173546
0 0.519969 1.247098 -0.532843 -0.156232
0 0.374738 1.246616 -0.283302 -0.192295
0 0.378845 1.253472 -0.277833 -0.168800
0 0.519844 1.249020 -0.532720 -0.152892
0 0.379880 1.248128 -0.270882 -0.164478
0 0.380249 1.247787 -0.270179 -0.165821
0 0.523572 1.245811 -0.531386 -0.145843
0 0.522380 1.246011 -0.534130 -0.146573
0 0.525567 1.265684 -0.517500 -0.090107
0 0.374958 1.236890 -0.286905 -0.190707
0 0.373029 1.239528 -0.281550 -0.195243
0 0.373692 1.239442 -0.281218 -0.197469
0 0.528257 1.210455 -0.519556 -0.163783
0 0.375108 1.234322 -0.280295 -0.193630
0 0.375454 1.256202 -0.284836 -0.183297
