0 0.323962 0.534385 -0.481564 -0.402996
0 0.322876 0.533190 -0.483120 -0.405158
0 0.323683 0.531479 -0.481947 -0.408307
0 0.322406 0.530393 -0.483748 -0.414868
0 0.323275 0.531549 -0.481543 -0.419826
0 0.320364 0.528850 -0.482715 -0.418184
0 0.321752 0.532889 -0.488003 -0.412272
0 0.320565 0.533604 -0.490846 -0.411288
0 0.323585 0.532853 -0.482029 -0.410173
0 0.323062 0.532480 -0.482627 -0.410769
0 0.323332 0.531776 -0.482446 -0.412359
0 0.320510 0.530901 -0.491114 -0.415131
0 0.322751 0.529415 -0.477616 -0.416863
0 0.325759 0.530909 -0.475451 -0.421868
0 0.325867 0.528578 -0.479075 -0.418721
0 0.321678 0.518813 -0.489454 -0.425483
