0 1.093408 0.674465 -1.169466 -0.303813
0 1.091610 0.675553 -1.173530 -0.302242
0 1.092577 0.675851 -1.171192 -0.301039
0 0.901696 0.751498 0.102553 -0.231245
0 1.091400 0.669278 -1.174409 -0.309240
0 1.092286 0.669263 -1.174749 -0.310772
0 1.092040 0.669363 -1.174679 -0.310162
0 0.900579 0.750578 0.100231 -0.231441
0 0.903728 0.746390 0.105900 -0.241609
0 1.094567 0.675409 -1.173604 -0.281553
0 1.109246 0.650094 -1.069413 0.105165
0 1.109561 0.648993 -1.067092 0.103186
0 0.903383 0.743765 0.087581 -0.239761
0 0.901775 0.747826 0.084057 -0.230654
0 0.901518 0.747386 0.082019 -0.230770
0 1.095420 0.686264 -1.174250 -0.306776
0 1.094395 0.668000 -1.168613 -0.304561
0 1.092713 0.669033 -1.171488 -0.298033
0 1.093284 0.669579 -1.169881 -0.295261
0 1.109693 0.657553 -1.072248 0.122125
0 1.095085 0.661402 -1.166880 -0.275466
0 1.108397 0.657179 -1.072885 0.119489
0 1.111570 0.630214 -1.062360 0.069043
0 0.906078 0.798783 0.184837 0.373789
0 1.107995 0.622576 -1.071068 0.109494
0 1.109250 0.621676 -1.068440 0.109227
0 1.085307 0.670401 -1.210990 -0.290461
0 1.110975 0.609492 -1.064460 0.096144
0 0.900114 0.742830 0.113089 -0.208052
0 0.899312 0.741462 0.111119 -0.209844
0 0.898994 0.729439 0.111248 -0.240543
0 1.117977 0.617889 -1.045792 0.120367
0 1.117404 0.618515 -1.047350 0.122844
0 1.094301 0.675338 -1.175075 -0.323867
0 1.084826 0.682050 -1.217339 -0.317862
0 1.092636 0.675832 -1.177490 -0.323190
0 1.093799 0.677256 -1.174428 -0.319505
0 0.842119 0.799441 0.152409 0.377649
0 1.109523 0.626871 -1.072228 0.068065
0 1.116772 0.599038 -1.047235 0.101564
0 1.089159 0.655471 -1.204603 -0.279994
