0 0.689879 0.843020 -0.552383 -0.706584
0 0.689485 0.843140 -0.551967 -0.704361
0 0.687584 0.843681 -0.553389 -0.703240
0 0.687387 0.844632 -0.556399 -0.705278
0 0.686840 0.844510 -0.556860 -0.704389
0 0.685974 0.845371 -0.558796 -0.703233
0 0.375683 0.711309 -0.452726 -0.780183
0 0.375520 0.710385 -0.452246 -0.782431
0 0.375453 0.712058 -0.452625 -0.779082
0 0.117509 0.634084 -0.078540 -0.803033
0 0.117017 0.631271 -0.080854 -0.808341
0 0.117704 0.634046 -0.077921 -0.802914
0 0.117840 0.633360 -0.077930 -0.804421
0 0.116791 0.632208 -0.081508 -0.809469
0 0.377230 0.710652 -0.447053 -0.782424
0 0.376358 0.708968 -0.450552 -0.782588
0 0.377269 0.710555 -0.449586 -0.780676
0 0.376518 0.710229 -0.448299 -0.783856
0 0.116865 0.634547 -0.081374 -0.805392
0 0.116933 0.633576 -0.081551 -0.807236
0 0.116879 0.634282 -0.081628 -0.805843
0 0.380749 0.707343 -0.443626 -0.778933
0 0.381592 0.706785 -0.441656 -0.778992
0 0.375001 0.711691 -0.454047 -0.779387
0 0.374925 0.712018 -0.453890 -0.778660
0 0.375264 0.711952 -0.453208 -0.779163
0 0.118034 0.631303 -0.081676 -0.808243
0 0.687316 0.835498 -0.546940 -0.713353
0 0.687193 0.835093 -0.548634 -0.714235
0 0.686466 0.835693 -0.549489 -0.714731
0 0.673170 0.844233 -0.581002 -0.712024
0 0.691063 0.835868 -0.546783 -0.710186
0 0.688920 0.836239 -0.549072 -0.708820
0 0.679416 0.842250 -0.572729 -0.705334
0 0.691060 0.836715 -0.545042 -0.710571
0 0.374959 0.708781 -0.456172 -0.780447
0 0.117197 0.630069 -0.078621 -0.807808
0 0.117916 0.629472 -0.081149 -0.812891
0 0.671920 0.836247 -0.576462 -0.712800
0 0.376084 0.710037 -0.453372 -0.779214
0 0.117362 0.630246 -0.078543 -0.807650
0 0.376343 0.709007 -0.452985 -0.780203
0 0.117309 0.629751 -0.078449 -0.808980
0 0.114625 0.631699 -0.083105 -0.812245
0 0.115397 0.629189 -0.083400 -0.810631
0 0.668976 0.831952 -0.576971 -0.724404
0 0.115160 0.628079 -0.084150 -0.814191
0 0.119900 0.632133 -0.074080 -0.809574
0 0.119641 0.632022 -0.074374 -0.806827
0 0.116434 0.632296 -0.078131 -0.810552
0 0.118328 0.635830 -0.075275 -0.812990
0 0.671671 0.824510 -0.576065 -0.731670
