0 0.469582 0.762463 -0.690157 -0.299080
0 0.470430 0.763246 -0.688686 -0.297455
0 0.811439 1.055602 0.565796 -0.538767
0 0.813810 1.053681 0.572828 -0.541018
0 0.469671 0.764099 -0.690940 -0.293739
0 0.470063 0.766198 -0.690968 -0.288337
0 0.471220 0.763147 -0.690692 -0.304378
0 0.469623 0.766703 -0.687764 -0.311670
0 0.471892 0.762613 -0.689584 -0.305492
0 0.469992 0.765834 -0.686750 -0.311875
0 0.468630 0.773479 -0.687656 -0.312336
0 0.468836 0.750047 -0.693390 -0.310162
0 0.469118 0.769256 -0.686489 -0.321526
0 0.468956 0.747232 -0.693374 -0.310591
0 0.462356 0.764132 -0.691989 -0.319901
0 0.463660 0.763607 -0.689242 -0.317657
0 0.815737 1.088485 0.553686 -0.396153
0 0.812192 1.083214 0.550879 -0.408659
0 0.818067 1.050850 0.586398 -0.534239
0 0.799909 1.050077 0.552711 -0.535719
0 0.804617 1.050766 0.529508 -0.574173
0 0.813085 1.049586 0.548106 -0.575410
0 0.474873 0.767966 -0.693095 -0.301340
