0 0.880177 0.414404 -1.341267 -0.505161
0 0.879479 0.414278 -1.343170 -0.505432
0 0.878803 0.416964 -1.339922 -0.502403
0 0.879488 0.414854 -1.339453 -0.504681
0 0.881684 0.415692 -1.333487 -0.503032
0 0.878854 0.414877 -1.340519 -0.504624
0 0.877304 0.416698 -1.342261 -0.503377
0 0.879788 0.415668 -1.335915 -0.502966
0 0.879310 0.415470 -1.337310 -0.503372
0 0.876906 0.416829 -1.343461 -0.502344
0 0.524973 0.417067 -0.613168 -0.489428
0 0.525706 0.416865 -0.612094 -0.490464
0 0.526280 0.416951 -0.610606 -0.491178
0 0.526600 0.416982 -0.610982 -0.491162
0 0.877195 0.414955 -1.344039 -0.504267
0 0.877055 0.414699 -1.345038 -0.504568
0 0.527688 0.419157 -0.607661 -0.488592
0 0.527463 0.418698 -0.607926 -0.490096
0 0.654560 0.419759 -0.795664 -0.493495
0 0.654117 0.419662 -0.796628 -0.493864
0 0.527559 0.419009 -0.608076 -0.488723
0 0.521598 0.417881 -0.613952 -0.490341
0 0.521005 0.417586 -0.613829 -0.491767
0 0.521039 0.417202 -0.613954 -0.491113
0 0.880905 0.416459 -1.334646 -0.503660
0 0.880203 0.415348 -1.343162 -0.501263
0 0.878613 0.415183 -1.346189 -0.501394
0 0.878482 0.414883 -1.346592 -0.502856
0 0.656079 0.419721 -0.814287 -0.495491
0 0.655638 0.419261 -0.815410 -0.495968
0 0.660283 0.420125 -0.790356 -0.493902
0 0.659095 0.420586 -0.792247 -0.493606
0 0.658514 0.420028 -0.794236 -0.493825
0 0.649149 0.422315 -0.841995 -0.490303
0 0.649498 0.422129 -0.840854 -0.491305
0 0.649563 0.422167 -0.841687 -0.490762
0 0.668429 0.418859 -0.731696 -0.494292
0 0.533552 0.417274 -0.613155 -0.495038
0 0.669156 0.419388 -0.731663 -0.493700
0 0.388510 0.389416 -0.355202 -0.509896
0 0.534159 0.418047 -0.612355 -0.494293
0 0.649703 0.420786 -0.843257 -0.495237
0 0.388712 0.389404 -0.355185 -0.509695
0 0.878263 0.417393 -1.331595 -0.502075
0 0.649855 0.421344 -0.842374 -0.494444
0 0.649604 0.420494 -0.843308 -0.495415
0 0.528455 0.417542 -0.613351 -0.492103
0 0.381652 0.387716 -0.360147 -0.512983
0 0.381102 0.387608 -0.361336 -0.512728
0 0.384179 0.388439 -0.358492 -0.512689
0 0.381410 0.387532 -0.361032 -0.513233
0 0.528481 0.417630 -0.612539 -0.491997
0 0.528621 0.417205 -0.612504 -0.492691
0 0.383742 0.389528 -0.358917 -0.511519
0 0.379983 0.386926 -0.360619 -0.516733
0 0.648949 0.419502 -0.856739 -0.493911
0 0.648660 0.419504 -0.858353 -0.494226
0 0.522079 0.417663 -0.606144 -0.493128
0 0.521633 0.417185 -0.607387 -0.493449
0 0.522138 0.415577 -0.618341 -0.490211
0 0.884883 0.420426 -1.328853 -0.501469
0 0.379949 0.390785 -0.358622 -0.510256
0 0.376008 0.387112 -0.361376 -0.512645
0 0.379669 0.391943 -0.359872 -0.509355
0 0.385369 0.387394 -0.356598 -0.513861
0 0.384272 0.387559 -0.358492 -0.514219
0 0.376237 0.387118 -0.361101 -0.512932
0 0.675436 0.421112 -0.711230 -0.490949
0 0.377243 0.387024 -0.360277 -0.513328
0 0.664802 0.421277 -0.751260 -0.491942
0 0.384435 0.387247 -0.358553 -0.514273
0 0.664839 0.420876 -0.751439 -0.493314
0 0.665373 0.421396 -0.750328 -0.493418
0 0.519775 0.417151 -0.612099 -0.492349
0 0.520420 0.417374 -0.610017 -0.491801
0 0.520021 0.417303 -0.610272 -0.491961
0 0.646008 0.417455 -0.851816 -0.491383
