0 0.461930 0.520106 -0.130972 -0.398179
0 0.461415 0.520065 -0.126677 -0.402406
0 0.460932 0.519535 -0.128221 -0.401552
0 0.459357 0.531279 -0.126209 -0.395785
0 0.460476 0.533177 -0.123925 -0.394273
0 0.460252 0.530952 -0.125548 -0.393812
0 0.458410 0.502007 -0.142109 -0.418575
0 0.457989 0.501851 -0.144305 -0.419308
0 0.459330 0.501746 -0.145499 -0.419623
0 0.450437 0.497012 -0.153402 -0.446404
0 0.450642 0.496161 -0.152270 -0.445566
0 0.454514 0.519015 -0.148848 -0.420844
0 0.455021 0.518203 -0.148139 -0.425031
0 0.423939 0.489228 -0.350090 -0.426158
0 0.424149 0.488701 -0.349324 -0.425238
0 0.422213 0.493099 -0.361666 -0.409679
0 0.421944 0.492425 -0.361924 -0.409839
