0 0.505174 1.035438 -0.614006 -0.715609
0 0.501334 1.014635 -0.621804 -0.735563
0 0.501392 1.014012 -0.621334 -0.736975
0 0.504013 1.024152 -0.614472 -0.710312
0 0.500911 1.013631 -0.619025 -0.758283
0 0.505184 1.022251 -0.611818 -0.713234
0 0.501011 1.010820 -0.618562 -0.766201
0 0.505973 1.056585 -0.617093 -0.615154
0 0.507086 1.025293 -0.606427 -0.707042
0 0.561204 1.038997 -0.243264 0.118936
0 0.560297 1.040779 -0.243745 0.124306
0 0.505603 1.015066 -0.616074 -0.734956
0 0.543732 0.996975 -0.257375 0.097137
0 0.543657 0.997487 -0.255884 0.096605
0 0.503307 1.011591 -0.612593 -0.764672
0 0.504157 1.009633 -0.616185 -0.766124
0 0.600565 1.057500 -0.204739 0.163144
0 0.600329 1.056694 -0.207701 0.160373
0 0.502105 1.031648 -0.618450 -0.718304
0 0.565701 1.159465 -0.237933 0.249027
0 0.565082 1.167835 -0.238137 0.260797
