0 0.553312 0.867442 -0.041507 0.259186
0 0.552218 0.867229 -0.053995 0.262740
0 0.553699 0.868257 -0.041806 0.262588
0 0.553025 0.867679 -0.051928 0.266763
0 0.123202 0.807433 0.019260 -0.727525
0 0.124847 0.807645 0.019533 -0.716051
0 0.123526 0.806626 0.019888 -0.728206
0 0.125060 0.807421 0.020305 -0.716404
0 0.088701 0.842571 0.059219 -1.383553
0 0.088164 0.846932 0.057686 -1.377642
0 0.090862 0.839976 0.061789 -1.385558
0 0.089699 0.847268 0.060540 -1.380823
0 0.088318 0.849411 0.057319 -1.373885
0 0.090013 0.846264 0.061150 -1.382508
0 0.090000 0.846216 0.061009 -1.382685
0 0.088943 0.846740 0.059407 -1.375428
0 0.089806 0.841151 0.060212 -1.384080
0 0.089591 0.841290 0.060033 -1.384107
0 0.089541 0.841681 0.059693 -1.384101
0 0.124891 0.791667 0.018967 -0.769885
0 0.124870 0.790537 0.018726 -0.773034
0 0.124769 0.791962 0.018648 -0.769464
0 0.125752 0.808490 0.019152 -0.712558
0 0.623622 0.507885 -0.948600 -0.773982
0 0.089596 0.849922 0.059995 -1.378587
0 0.623441 0.508356 -0.949387 -0.773194
0 0.125424 0.807224 0.018596 -0.714111
0 0.625126 0.509994 -0.947793 -0.772432
0 0.623603 0.507569 -0.948959 -0.775040
0 0.087664 0.840035 0.057319 -1.385580
0 0.624254 0.511660 -0.943155 -0.767296
0 0.553605 0.835001 -0.051188 0.177976
0 0.089897 0.840575 0.060300 -1.383466
0 0.089688 0.839341 0.060095 -1.384309
0 0.556429 0.844250 -0.040689 0.149333
0 0.555528 0.843926 -0.044626 0.150327
0 0.089889 0.839504 0.060090 -1.385299
