0 0.784259 0.873661 -0.193008 0.581645
0 0.783975 0.883222 -0.193137 0.597630
0 0.783426 0.874441 -0.153341 0.560248
0 0.781376 0.880834 -0.159986 0.571269
0 0.376256 0.523813 -0.086867 -0.244326
0 0.375072 0.524196 -0.087945 -0.243973
0 0.377847 0.524871 -0.084542 -0.241968
0 0.374981 0.527321 -0.109749 -0.239172
0 0.375268 0.527202 -0.107707 -0.240060
0 0.389469 0.521505 -0.053480 -0.236482
0 0.389393 0.521790 -0.053300 -0.237608
0 0.377024 0.528439 -0.105675 -0.238014
0 0.389191 0.522020 -0.052443 -0.235286
0 0.384362 0.513267 -0.062682 -0.230154
0 0.396318 0.524460 -0.070968 -0.228695
0 0.396541 0.524051 -0.069170 -0.228351
0 0.791808 0.863348 -0.157311 0.546532
0 0.793754 0.872736 -0.153788 0.568024
0 0.397873 0.525088 -0.068983 -0.226734
