0 1.154441 0.829735 -0.549447 -0.152414
0 1.154024 0.830809 -0.550844 -0.150752
0 1.133467 0.831188 -0.605892 -0.152504
0 1.131808 0.832299 -0.607533 -0.149550
0 0.621926 0.823094 0.368251 -0.179569
0 0.621766 0.824798 0.366878 -0.175028
0 1.151195 0.827155 -0.541171 -0.159730
0 1.149408 0.829445 -0.544645 -0.156013
0 0.625473 0.833382 0.382543 -0.151421
0 0.625912 0.833809 0.380637 -0.150624
0 0.702552 0.548796 -0.468284 -0.339655
0 0.702235 0.548594 -0.468150 -0.339597
0 0.702082 0.548993 -0.464935 -0.337611
0 0.561451 0.786387 0.044744 -0.405037
0 0.611419 0.822717 0.268847 -0.198466
0 0.612068 0.821954 0.267734 -0.202151
0 0.562711 0.784705 0.053495 -0.409541
0 0.562745 0.785533 0.052330 -0.407868
0 0.703245 0.554468 -0.460528 -0.335762
0 0.705098 0.555712 -0.458262 -0.333184
0 0.703949 0.556445 -0.460696 -0.332429
0 0.698638 0.550597 -0.479430 -0.338693
0 0.697631 0.551037 -0.481294 -0.338044
0 0.698327 0.551716 -0.481414 -0.336801
0 1.132733 0.826807 -0.628349 -0.158099
0 1.130432 0.828866 -0.632555 -0.155360
0 0.692811 0.562664 -0.485307 -0.346264
0 0.712555 0.827705 -0.399738 -0.155997
0 0.714909 0.827161 -0.394795 -0.156855
0 0.619747 0.809235 0.364658 -0.216701
0 0.552255 0.782794 -0.060870 -0.435960
0 0.713348 0.810872 -0.415375 -0.162468
0 0.553350 0.784936 -0.057848 -0.431320
0 0.716046 0.810816 -0.412087 -0.162501
0 0.697341 0.562574 -0.478922 -0.323012
0 0.551162 0.779680 -0.064553 -0.441515
0 0.605728 0.829742 0.376416 -0.168424
0 0.604728 0.831324 0.373031 -0.163307
