0 0.569536 0.891503 -0.602459 -0.145424
0 0.570232 0.895757 -0.601405 -0.139114
0 0.571609 0.895988 -0.602634 -0.139018
0 0.547176 0.386143 -0.793746 -0.500180
0 0.547829 0.389565 -0.791993 -0.494521
0 0.404765 0.363182 -0.599399 -0.481521
0 0.401312 0.934445 -0.322103 -0.118723
0 0.401660 0.364105 -0.602557 -0.480172
0 0.546913 0.386162 -0.795168 -0.500690
0 0.547024 0.390118 -0.793684 -0.492267
0 0.404889 0.362872 -0.598687 -0.482647
0 0.546910 0.386937 -0.794945 -0.498392
0 0.402142 0.935784 -0.320421 -0.115960
0 0.402251 0.363704 -0.601762 -0.480890
0 0.547188 0.389172 -0.793670 -0.494971
0 0.401711 0.933805 -0.320676 -0.119356
0 0.401876 0.363656 -0.602283 -0.480644
0 0.404904 0.362787 -0.599366 -0.482495
0 0.400918 0.929520 -0.323886 -0.141055
0 0.402439 0.363442 -0.601412 -0.477501
0 0.399585 0.928271 -0.325647 -0.142216
0 0.552025 0.392597 -0.789864 -0.495860
0 0.603858 0.887282 -0.574592 -0.156858
0 0.396359 0.929139 -0.330549 -0.140526
0 0.604094 0.890245 -0.574224 -0.152858
0 0.549533 0.388416 -0.787418 -0.497351
0 0.602735 0.890135 -0.576302 -0.150738
0 0.404866 0.362676 -0.603013 -0.480676
0 0.546405 0.387013 -0.788290 -0.496297
0 0.552443 0.393610 -0.789381 -0.492715
0 0.401019 0.363500 -0.603440 -0.483190
0 0.400612 0.363770 -0.604077 -0.482259
0 0.402378 0.362786 -0.601904 -0.486589
0 0.561875 0.880965 -0.608683 -0.175846
0 0.562074 0.883539 -0.608291 -0.167701
0 0.407470 0.925312 -0.299132 -0.198930
0 0.549048 0.867867 -0.615669 -0.205045
0 0.402751 0.362927 -0.600985 -0.486544
0 0.410396 0.921091 -0.292091 -0.209875
0 0.455269 0.917953 -0.181595 -0.215923
0 0.546754 0.384124 -0.800754 -0.500154
0 0.563785 0.886918 -0.607662 -0.159097
0 0.401332 0.362225 -0.600449 -0.483987
0 0.550466 0.390437 -0.787007 -0.491950
0 0.537425 0.893241 -0.631825 -0.156882
0 0.535398 0.892925 -0.635239 -0.157418
0 0.400876 0.363579 -0.602127 -0.476082
0 0.587194 0.859369 -0.580185 -0.207438
0 0.400813 0.364840 -0.602524 -0.475124
0 0.551165 0.873441 -0.611664 -0.215915
0 0.400878 0.363868 -0.602291 -0.477089
0 0.404326 0.928406 -0.314960 -0.127106
0 0.407073 0.360935 -0.598957 -0.480302
0 0.406989 0.362494 -0.600228 -0.478667
0 0.539694 0.892502 -0.625750 -0.159388
0 0.406951 0.361835 -0.600311 -0.480712
0 0.401045 0.927907 -0.335332 -0.109694
0 0.405239 0.360433 -0.603801 -0.484147
0 0.547074 0.390828 -0.802642 -0.497995
0 0.399410 0.361292 -0.603765 -0.479986
0 0.399028 0.360811 -0.604815 -0.480776
0 0.650246 0.434241 -0.802963 -0.503953
0 0.643721 0.436915 -0.810960 -0.498553
0 0.607287 0.861937 -0.592686 -0.203986
0 0.550935 0.387971 -0.798124 -0.494816
0 0.547203 0.387584 -0.788031 -0.494872
0 0.551837 0.388227 -0.795551 -0.494768
0 0.643651 0.436041 -0.810924 -0.499673
0 0.552282 0.383517 -0.779192 -0.500605
0 0.551589 0.388384 -0.796327 -0.495115
0 0.617422 0.915375 0.065691 -0.228071
0 0.652570 0.440998 -0.799367 -0.496596
0 0.621215 0.916906 0.078634 -0.225151
0 0.403801 0.358907 -0.601908 -0.484794
0 0.646832 0.423480 -0.812169 -0.506226
0 0.647044 0.424970 -0.812111 -0.505174
0 0.644498 0.421541 -0.802967 -0.510606
0 0.644709 0.421980 -0.802536 -0.509806
0 0.531804 0.382458 -0.796043 -0.499627
0 0.855327 0.849353 0.230752 -0.360574
0 0.532602 0.383200 -0.795202 -0.498935
0 0.404087 0.359373 -0.600806 -0.483973
0 0.580318 0.878089 -0.582174 -0.201115
