0 0.553443 1.213027 -0.105447 0.592892
0 0.552953 1.218557 -0.108340 0.597405
0 0.553090 1.225143 -0.171470 0.610210
0 0.553891 1.221399 -0.170085 0.607607
0 0.545718 1.204898 -0.053824 0.593802
0 0.545057 1.204707 -0.056467 0.587957
0 0.539798 1.171806 -0.178331 0.604183
0 0.540381 1.174974 -0.178087 0.605951
0 0.465789 1.106539 -0.041264 -0.241189
0 0.465494 1.106766 -0.041000 -0.239740
0 0.533772 1.196939 -0.238580 0.644053
0 0.533416 1.190461 -0.239300 0.634345
0 0.520727 1.123742 0.000567 -0.185894
0 0.521915 1.124058 0.007089 -0.181817
