0 0.437963 0.229248 0.163173 -0.029685
0 0.440033 0.228859 0.166381 -0.029657
0 0.440599 0.228397 0.167430 -0.030661
0 0.435571 0.226970 0.170190 -0.034476
0 0.434626 0.227915 0.167685 -0.034028
0 0.435930 0.226535 0.170943 -0.035201
0 0.442833 0.230860 0.171328 -0.030457
0 0.445308 0.227745 0.174733 -0.033061
0 0.445403 0.228325 0.175170 -0.032342
0 0.416263 0.229340 0.121347 -0.037371
0 0.415426 0.227057 0.119934 -0.040110
0 0.401929 0.219328 0.118839 -0.043840
0 0.402362 0.218732 0.118295 -0.043687
0 0.919121 0.920267 -0.482888 0.667441
0 0.916665 0.905545 -0.484703 0.641972
0 0.428572 0.243929 0.142920 -0.015617
0 0.427765 0.245478 0.141071 -0.012555
0 0.949276 0.937002 -0.332031 0.673927
0 0.941862 0.917773 -0.344102 0.640551
0 0.565374 0.859511 -0.033001 0.127937
0 0.565834 0.856884 -0.031432 0.126330
0 1.135232 0.926783 0.495088 0.627626
