0 0.238901 0.648381 -0.270418 -0.710742
0 0.237604 0.649342 -0.269165 -0.707586
0 0.240040 0.649280 -0.268500 -0.709851
0 0.237426 0.649479 -0.267346 -0.705076
0 0.237853 0.651024 -0.267194 -0.702515
0 0.238546 0.649192 -0.267763 -0.708124
0 0.236829 0.647284 -0.269949 -0.706412
0 0.237176 0.646655 -0.269797 -0.707625
0 0.236778 0.646260 -0.270157 -0.708627
0 0.240572 0.646895 -0.265131 -0.707559
0 0.240336 0.645888 -0.265679 -0.709894
0 0.240781 0.646278 -0.264627 -0.709642
0 0.238239 0.649711 -0.268866 -0.707069
0 0.238587 0.648969 -0.268994 -0.708734
0 0.238191 0.648525 -0.269239 -0.709597
0 0.240048 0.651279 -0.267416 -0.702863
