0 1.053341 0.333537 -1.330109 -0.305691
0 1.053993 0.333472 -1.330435 -0.305863
0 1.055079 0.331876 -1.334203 -0.306988
0 1.055474 0.332075 -1.332236 -0.306960
0 1.053461 0.332416 -1.329204 -0.306830
0 1.052955 0.331742 -1.329438 -0.308151
0 1.051829 0.331386 -1.331288 -0.309068
0 1.055701 0.334536 -1.332178 -0.304410
0 1.056867 0.333038 -1.329113 -0.305782
0 1.048761 0.330268 -1.335911 -0.308246
0 1.048089 0.331096 -1.336439 -0.306272
0 1.048159 0.329485 -1.334918 -0.309113
0 1.058767 0.333467 -1.326730 -0.307384
0 1.058493 0.334691 -1.327734 -0.305072
0 1.054535 0.333579 -1.332637 -0.307351
0 1.049121 0.333824 -1.328170 -0.306285
0 1.049776 0.333388 -1.329441 -0.307468
0 1.047125 0.326283 -1.325843 -0.312400
0 1.049925 0.336075 -1.327286 -0.303664
0 1.055541 0.331881 -1.332136 -0.302596
0 1.055237 0.331710 -1.332150 -0.303721
