0 0.495418 0.564398 -0.495593 -0.302326
0 0.495270 0.562111 -0.495502 -0.304679
0 0.494611 0.565803 -0.496451 -0.301041
0 0.493995 0.554231 -0.505468 -0.307600
0 0.493861 0.559587 -0.506072 -0.306841
0 0.498330 0.577809 -0.494748 -0.288447
0 0.497403 0.576795 -0.496479 -0.287324
0 0.498113 0.576918 -0.496192 -0.286684
0 0.492643 0.551331 -0.500886 -0.308517
0 0.492543 0.551740 -0.500996 -0.308817
0 0.493134 0.550459 -0.500648 -0.310761
0 0.493015 0.551350 -0.501931 -0.305699
0 0.498435 0.582192 -0.495354 -0.290001
0 0.498698 0.580824 -0.494679 -0.294895
0 0.492421 0.557066 -0.503192 -0.303273
0 0.495012 0.578241 -0.491368 -0.303109
0 0.494586 0.580970 -0.492505 -0.298184
0 0.488472 0.552337 -0.514863 -0.315332
