0 0.542852 0.505766 -0.494592 -0.512322
0 0.543922 0.502698 -0.490953 -0.516312
0 0.544004 0.501929 -0.490662 -0.515379
0 0.542946 0.505098 -0.494924 -0.513530
0 0.542558 0.501663 -0.495903 -0.515171
0 0.543008 0.501011 -0.495581 -0.515601
0 0.544468 0.506300 -0.493121 -0.510244
0 0.540749 0.505486 -0.499484 -0.514528
0 0.544361 0.502466 -0.489888 -0.515595
0 0.540710 0.504976 -0.500145 -0.515428
0 0.542593 0.498656 -0.487880 -0.517863
0 0.542926 0.499184 -0.486853 -0.517806
0 0.540776 0.503206 -0.507742 -0.508427
0 0.540526 0.501770 -0.507836 -0.509483
0 0.542762 0.500036 -0.486244 -0.515181
0 0.542406 0.509535 -0.511312 -0.514564
0 0.542032 0.509909 -0.511705 -0.515250
0 0.532826 0.494612 -0.486365 -0.527340
0 0.533272 0.492374 -0.486070 -0.527732
