0 0.778771 0.610973 -0.206450 0.360756
0 0.779312 0.609001 -0.205859 0.357494
0 0.781247 0.612397 -0.201917 0.361209
0 0.939344 1.362521 0.531070 0.752010
0 0.823321 0.729114 -0.186345 0.439293
0 0.820886 0.638749 -0.177245 0.392090
0 0.821254 0.640095 -0.175794 0.394624
0 0.792440 0.658947 -0.192045 0.385052
0 0.819122 0.635881 -0.179313 0.384454
0 0.825153 0.724149 -0.182620 0.429772
0 0.796219 0.658598 -0.185360 0.382931
0 0.822033 0.721300 -0.188748 0.441768
0 0.793203 0.658802 -0.189926 0.391000
