0 0.700757 0.545814 -0.763987 -0.230634
0 0.700775 0.547355 -0.763541 -0.228569
0 0.696825 0.549033 -0.771573 -0.229201
0 0.697334 0.549908 -0.770210 -0.227029
0 0.700858 0.546138 -0.760540 -0.230473
0 0.697941 0.549403 -0.770645 -0.228068
0 0.700233 0.551169 -0.762862 -0.234739
0 0.359510 0.669561 -0.003766 -0.285183
0 0.359864 0.672119 -0.001776 -0.283196
0 0.361800 0.670245 0.000900 -0.283212
0 0.698447 0.551003 -0.766157 -0.232295
0 0.702050 0.553101 -0.755229 -0.237934
0 0.935894 0.433210 -1.415946 -0.368295
0 0.706264 0.550820 -0.757303 -0.227699
0 0.935430 0.433224 -1.416715 -0.367987
0 0.706170 0.551154 -0.757518 -0.227373
0 0.706519 0.550948 -0.755499 -0.227537
0 0.698918 0.554455 -0.762372 -0.235692
0 0.933768 0.434244 -1.425350 -0.371518
0 0.933628 0.434216 -1.426238 -0.370838
0 0.931853 0.430904 -1.427849 -0.378246
0 0.931900 0.430757 -1.427858 -0.378483
0 0.931721 0.430845 -1.428244 -0.377784
0 0.361328 0.650270 -0.005382 -0.299935
0 0.362028 0.649982 -0.006031 -0.301199
0 0.361988 0.653704 -0.005701 -0.298062
0 0.357610 0.698658 0.010493 -0.264945
0 0.929914 0.431710 -1.420661 -0.373077
0 0.356838 0.698812 0.011355 -0.262005
0 0.930188 0.431594 -1.420164 -0.373157
0 0.930120 0.432163 -1.420440 -0.372810
0 0.360600 0.700016 0.018991 -0.261163
0 0.356061 0.673635 0.007981 -0.275898
0 0.356519 0.648858 -0.001083 -0.301503
0 0.939845 0.434342 -1.423316 -0.377304
0 0.940312 0.435034 -1.424466 -0.376273
0 0.694495 0.555285 -0.753756 -0.243851
0 0.931431 0.416170 -1.432721 -0.384441
0 0.931366 0.416088 -1.433464 -0.384223
0 0.357901 0.685570 0.052455 -0.266073
0 0.931489 0.416445 -1.432790 -0.383810
0 0.696046 0.548932 -0.755797 -0.238948
0 0.693496 0.556909 -0.756068 -0.240342
0 0.696112 0.550392 -0.755617 -0.231397
0 0.926919 0.417643 -1.427556 -0.380150
0 0.926983 0.417632 -1.427356 -0.380407
0 0.926505 0.433278 -1.404927 -0.376534
0 0.926074 0.433718 -1.406026 -0.376084
0 0.927084 0.417886 -1.427808 -0.379781
