0 0.363686 0.748246 -0.153476 -0.319652
0 0.364625 0.747856 -0.152477 -0.321973
0 0.363109 0.747137 -0.154470 -0.322947
0 0.367562 0.744175 -0.152578 -0.315988
0 0.367300 0.743217 -0.152096 -0.318859
0 0.367761 0.743087 -0.150491 -0.318256
0 0.354227 0.751713 -0.159401 -0.318334
0 0.354376 0.750225 -0.159787 -0.320966
0 0.353167 0.750266 -0.159916 -0.319661
0 0.345038 0.757991 -0.165054 -0.307252
0 0.317802 0.760465 -0.188352 -0.304096
0 0.312159 0.758788 -0.193473 -0.309092
0 0.322337 0.484936 -0.431211 -0.437245
0 0.322658 0.487631 -0.429627 -0.434459
0 0.356853 0.751487 -0.155892 -0.293534
0 0.321061 0.473149 -0.432485 -0.443454
0 0.321016 0.472727 -0.431533 -0.445124
0 0.371626 0.750024 -0.146396 -0.312274
