0 0.640859 0.549781 -0.454109 0.127259
0 0.637443 0.547446 -0.460919 0.123305
0 0.641087 0.546897 -0.454196 0.126335
0 0.654887 0.517892 -0.415181 0.097357
0 0.654888 0.512376 -0.415879 0.093807
0 0.657448 0.511683 -0.408581 0.094619
0 0.647672 0.551063 -0.460851 0.127219
0 0.649329 0.548684 -0.459367 0.125409
0 0.647658 0.548832 -0.459452 0.122994
0 0.665184 0.507693 -0.434898 0.093217
0 0.661471 0.508692 -0.440490 0.092912
0 0.662753 0.515252 -0.439944 0.096835
0 0.623649 0.545721 -0.459242 0.116674
