0 0.919192 0.589279 -1.278127 -1.035501
0 0.920576 0.591300 -1.267775 -1.026615
0 0.915817 0.588641 -1.283778 -1.036996
0 0.916183 0.589530 -1.279962 -1.031467
0 0.920125 0.592282 -1.272465 -1.030519
0 0.919668 0.589324 -1.277224 -1.035028
0 0.914850 0.590077 -1.288087 -1.041712
0 0.913908 0.589797 -1.289444 -1.041744
0 0.904423 0.588828 -1.284971 -1.038097
0 0.910352 0.589647 -1.273074 -1.027835
0 0.907287 0.589654 -1.279788 -1.028213
0 0.915595 0.591104 -1.286786 -1.038951
0 0.910267 0.589999 -1.273357 -1.026401
0 0.903221 0.587414 -1.289219 -1.034118
