0 0.489536 0.700773 -0.122372 -0.921612
0 0.489518 0.700708 -0.122797 -0.921523
0 0.487550 0.700063 -0.121769 -0.923401
0 0.487008 0.699747 -0.122630 -0.922793
0 0.489581 0.700941 -0.122542 -0.921442
0 0.486962 0.699961 -0.124824 -0.923328
0 0.497892 0.699765 -0.106768 -0.920774
0 0.497091 0.697970 -0.107564 -0.924550
0 0.727989 0.698085 -0.524252 -0.934567
0 0.730029 0.696846 -0.514340 -0.937952
0 0.730191 0.696368 -0.514965 -0.939592
0 0.728029 0.698026 -0.524859 -0.935378
0 0.730929 0.693717 -0.529483 -0.938718
0 0.730104 0.693074 -0.529959 -0.940552
0 1.254911 0.694447 -2.139190 -0.956174
0 0.728607 0.696001 -0.515699 -0.939602
0 1.253934 0.693334 -2.139244 -0.957068
0 1.254896 0.695132 -2.139030 -0.954697
0 0.725926 0.696786 -0.549021 -0.932170
0 1.253134 0.694810 -2.139167 -0.954883
0 1.253499 0.694936 -2.137756 -0.955373
0 1.253572 0.693544 -2.138851 -0.958569
0 1.252845 0.695030 -2.140181 -0.953067
0 0.725480 0.697215 -0.550295 -0.931410
0 1.252715 0.695192 -2.141584 -0.952737
0 1.252543 0.695363 -2.141862 -0.952911
0 0.728815 0.698124 -0.525451 -0.935575
0 0.490191 0.700919 -0.117648 -0.919050
0 0.489510 0.700042 -0.118973 -0.921399
0 0.257103 0.710178 0.173683 -0.864781
0 0.726114 0.696881 -0.549549 -0.931800
0 0.258312 0.710893 0.175439 -0.862551
0 0.492214 0.700965 -0.123570 -0.920611
0 0.264350 0.708603 0.181494 -0.869544
0 0.262717 0.707969 0.178807 -0.871018
0 0.491481 0.700813 -0.124345 -0.920546
0 0.487238 0.700834 -0.132055 -0.921254
0 0.726042 0.694586 -0.572674 -0.937649
0 0.491302 0.698770 -0.121687 -0.923166
0 0.484615 0.700394 -0.124808 -0.920644
0 0.725242 0.693789 -0.573725 -0.940081
0 1.251623 0.692042 -2.144841 -0.967007
0 1.252030 0.691759 -2.143345 -0.967550
0 1.252082 0.692483 -2.144186 -0.966086
0 1.251861 0.697350 -2.141183 -0.957020
0 0.496263 0.701647 -0.121879 -0.919890
0 0.496225 0.701459 -0.122963 -0.920763
0 0.722609 0.695920 -0.560646 -0.932389
0 0.722825 0.696586 -0.559935 -0.931349
0 1.254231 0.693190 -2.124638 -0.961075
0 1.251792 0.693741 -2.138251 -0.968561
0 0.255008 0.710826 0.171899 -0.854208
0 0.255743 0.711506 0.175483 -0.851872
0 0.715742 0.694442 -0.596253 -0.938366
0 0.250508 0.708856 0.165996 -0.860009
0 1.253238 0.693480 -2.126670 -0.960621
0 1.253962 0.692682 -2.124610 -0.961594
0 0.250852 0.710103 0.165996 -0.859261
0 0.281888 0.708478 0.188437 -0.868627
0 0.250641 0.709248 0.167986 -0.858793
0 1.200688 0.696916 -1.486372 -0.933992
0 1.200610 0.697003 -1.487134 -0.932952
0 1.258831 0.696143 -2.144732 -0.946623
0 0.485182 0.702981 -0.114090 -0.918000
0 0.736021 0.693125 -0.489193 -0.946220
0 0.485230 0.704015 -0.114923 -0.915515
0 0.736167 0.692999 -0.489183 -0.947156
0 1.199867 0.697385 -1.471671 -0.932537
0 1.199753 0.697420 -1.472227 -0.933175
0 1.201522 0.696996 -1.483731 -0.934044
0 0.491727 0.700738 -0.131784 -0.921553
0 0.482087 0.701255 -0.103783 -0.917935
0 1.259019 0.696589 -2.144274 -0.946043
0 0.714245 0.693024 -0.562761 -0.940045
0 0.480334 0.700743 -0.107751 -0.919351
0 0.283676 0.711065 0.186964 -0.861856
0 1.255005 0.696101 -2.158573 -0.947078
0 1.255202 0.684826 -2.131650 -0.955079
0 1.200262 0.697311 -1.470165 -0.932245
0 1.254287 0.684215 -2.132045 -0.956475
0 0.732770 0.690268 -0.511240 -0.968754
0 1.254528 0.685066 -2.132700 -0.954667
0 0.734150 0.690357 -0.509556 -0.968600
0 1.202377 0.695970 -1.486554 -0.930442
0 0.480938 0.700708 -0.106030 -0.918486
0 1.200966 0.695667 -1.488507 -0.932562
0 1.201901 0.699419 -1.500534 -0.913572
0 0.256832 0.703579 0.171018 -0.887289
0 1.198345 0.698275 -1.498739 -0.926126
0 1.201869 0.700178 -1.499995 -0.913278
