0 0.502295 1.221535 -0.237558 0.236904
0 0.512102 1.219028 -0.216268 0.229186
0 0.501855 1.238434 -0.284871 0.271173
0 0.439747 1.215004 -0.364139 0.285450
0 0.441802 1.216840 -0.362102 0.286544
0 0.476709 1.212416 -0.344694 0.279457
0 0.477454 1.214090 -0.342402 0.281574
0 0.506918 1.237224 -0.288042 0.266315
0 0.394082 1.251950 -0.050183 0.282141
0 0.393755 1.245338 -0.055882 0.272989
0 0.626940 1.148486 0.057106 -0.345243
0 0.624735 1.145526 0.056243 -0.356752
0 0.629545 1.175749 0.051737 -0.024551
0 0.628146 1.179663 0.050290 -0.020994
0 0.387803 1.250971 0.003988 0.284879
0 0.389449 1.246548 0.009103 0.279993
0 0.491190 1.252480 -0.003032 0.297647
0 0.496131 1.256774 0.006480 0.307191
