0 0.394164 1.235806 -0.242543 -1.164715
0 0.772641 1.126195 -0.345547 -0.257277
0 0.394018 1.235862 -0.242445 -1.162848
0 0.777071 1.122747 -0.338628 -0.253130
0 0.395128 1.236481 -0.242322 -1.159291
0 0.773208 1.125406 -0.345617 -0.260417
0 0.392587 1.229222 -0.241683 -1.169493
0 0.773059 1.126910 -0.342875 -0.255220
0 0.392934 1.229197 -0.242795 -1.167445
0 0.393248 1.229452 -0.242356 -1.165078
0 0.777483 1.120454 -0.337944 -0.255583
0 0.778404 1.118959 -0.336951 -0.261412
0 0.119780 0.811666 0.078967 -0.410566
0 0.119537 0.809826 0.078870 -0.412931
0 0.387233 1.227264 -0.258304 -1.151125
0 0.361251 0.897528 0.207131 -0.330437
0 0.361216 0.898794 0.205413 -0.327899
0 0.361652 0.897769 0.205454 -0.330184
0 0.382772 1.222024 -0.251328 -1.151367
0 0.671707 0.563098 -1.072001 -0.398079
0 0.672659 0.565610 -1.070432 -0.389110
0 0.398266 1.241913 -0.240200 -1.163869
0 0.399349 1.241501 -0.237523 -1.164238
0 0.120796 0.812941 0.079084 -0.416774
0 0.399324 1.241610 -0.239526 -1.161808
0 0.672556 0.563504 -1.070230 -0.397441
0 0.120107 0.811948 0.078397 -0.418937
0 0.672260 0.566133 -1.070646 -0.387822
0 0.673794 0.566169 -1.069804 -0.398305
0 0.672384 0.561746 -1.068643 -0.404408
0 0.672382 0.564962 -1.070548 -0.388216
0 0.674296 0.566441 -1.069349 -0.397265
0 0.672588 0.561569 -1.067897 -0.405012
0 0.510569 0.513245 -0.601154 -0.447617
0 0.510250 0.513016 -0.601746 -0.449381
0 0.121014 0.820325 0.080644 -0.425849
0 0.120963 0.820880 0.081118 -0.423772
0 0.513726 0.512261 -0.604716 -0.456174
0 0.119956 0.806140 0.079680 -0.422900
0 0.120091 0.804620 0.079652 -0.423368
0 0.513482 0.510992 -0.605138 -0.455521
0 0.512946 0.513950 -0.603862 -0.446612
0 0.512586 0.512214 -0.604557 -0.449968
0 0.511161 0.511094 -0.609794 -0.456585
0 0.511490 0.511886 -0.606382 -0.450275
0 0.511778 0.509294 -0.617621 -0.457795
0 0.511883 0.509287 -0.618501 -0.457542
0 0.671205 0.570448 -1.080644 -0.383525
0 0.355757 0.886462 0.211269 -0.346841
0 0.356016 0.886474 0.211803 -0.346859
0 0.356345 0.886494 0.210992 -0.345456
0 0.477816 0.500280 -0.480145 -0.475851
0 0.781461 1.133894 -0.338644 -0.222041
0 0.671110 0.571487 -1.080792 -0.380851
0 0.779385 1.132994 -0.342400 -0.221411
0 0.119567 0.794854 0.078632 -0.436945
0 0.779629 1.132277 -0.339684 -0.222491
0 0.560335 1.026117 0.098051 -0.250130
0 0.671156 0.569680 -1.080699 -0.384603
0 0.478890 0.503142 -0.480026 -0.472355
0 0.560739 1.026019 0.101154 -0.249026
0 0.669606 0.567814 -1.072661 -0.383935
0 0.484244 0.507222 -0.484826 -0.463738
0 0.560109 1.023780 0.097053 -0.254238
0 0.552833 1.004441 0.073233 -0.265111
0 0.552702 1.003364 0.076253 -0.263787
0 0.552237 1.003572 0.072682 -0.263576
0 0.485442 0.507526 -0.482850 -0.462071
0 0.119156 0.791623 0.078325 -0.428712
0 0.119547 0.790639 0.078346 -0.429409
0 0.120634 0.806578 0.080077 -0.448818
0 0.669044 0.566619 -1.073782 -0.386266
0 0.393951 1.238807 -0.231391 -1.162025
0 0.617862 0.456485 -0.839701 -0.559818
0 0.669118 0.568467 -1.073704 -0.382310
0 0.395690 1.238205 -0.230250 -1.161657
0 0.394657 1.238091 -0.230416 -1.159766
0 0.460073 0.507072 -0.635736 -0.454727
0 0.616901 0.460043 -0.837101 -0.555163
0 0.507861 0.518187 -0.605510 -0.435394
0 0.612360 0.455845 -0.847539 -0.559221
0 0.507674 0.518456 -0.604889 -0.434363
0 0.484831 0.508609 -0.478916 -0.475096
0 0.536863 1.029524 0.072133 -0.233203
0 0.485269 0.509652 -0.478437 -0.474511
0 0.784476 1.139275 -0.326848 -0.232168
0 0.536559 1.026871 0.069100 -0.238394
0 0.615771 0.458529 -0.841415 -0.557588
0 0.485282 0.512814 -0.474893 -0.463660
0 0.784824 1.143092 -0.328370 -0.225753
0 0.615544 0.456443 -0.842495 -0.559159
0 0.535617 1.027318 0.070098 -0.237783
0 0.786838 1.139737 -0.324286 -0.230511
0 0.485974 0.512421 -0.474046 -0.462657
0 0.607298 0.449222 -0.855848 -0.566782
0 0.609631 0.450056 -0.851424 -0.565316
0 0.534620 0.996675 0.076754 -0.276723
0 0.535585 0.993706 0.081518 -0.282288
0 0.342318 0.909677 0.194255 -0.312977
0 0.609329 0.449614 -0.852632 -0.566940
0 0.534624 0.995955 0.078327 -0.277478
0 0.516573 0.520635 -0.580350 -0.437243
0 0.386612 1.212157 -0.259501 -1.172873
0 0.612393 0.453372 -0.851310 -0.556307
0 0.347832 0.893683 0.214768 -0.323224
0 0.347124 0.892242 0.213166 -0.325497
0 0.399585 1.261887 -0.238730 -1.110698
0 0.490204 0.508453 -0.470227 -0.452339
0 0.117664 0.746681 0.078963 -0.467498
