0 0.264377 0.806387 -0.043437 0.072427
0 0.261765 0.806581 -0.048683 0.092209
0 0.264037 0.809397 -0.043662 0.079153
0 0.262132 0.807879 -0.048014 0.093315
0 0.263725 0.807852 -0.045008 0.077386
0 0.261771 0.805903 -0.048822 0.089766
0 0.500148 0.736059 -0.411360 -0.377522
0 0.500159 0.735754 -0.410633 -0.376856
0 0.498087 0.738226 -0.409772 -0.371704
0 0.497434 0.737447 -0.408726 -0.372463
0 0.498127 0.737587 -0.409831 -0.372786
0 0.500795 0.736220 -0.410398 -0.375515
0 0.494617 0.731962 -0.420542 -0.385481
0 0.509438 0.735653 -0.397291 -0.373828
0 0.268162 0.780825 -0.038244 0.041756
0 0.271542 0.781406 -0.032221 0.044554
0 0.505008 0.738681 -0.411263 -0.374364
0 0.505032 0.738793 -0.409163 -0.374680
0 0.504828 0.738262 -0.409727 -0.376215
0 0.269959 0.804913 -0.037392 0.064587
0 0.497097 0.732128 -0.423687 -0.399972
0 0.502632 0.741170 -0.393964 -0.369131
0 0.501845 0.741761 -0.396627 -0.369570
0 0.502179 0.741296 -0.395826 -0.370259
0 0.275412 0.809454 -0.025966 0.069289
0 0.263839 0.814383 -0.038488 0.082889
0 0.262575 0.816016 -0.040953 0.087137
0 0.265374 0.811167 -0.035270 0.077068
0 0.511059 0.741005 -0.388607 -0.387627
0 0.263699 0.805185 -0.040316 0.099619
0 0.262369 0.806408 -0.043071 0.102719
0 0.265847 0.806440 -0.035663 0.096962
