0 0.522176 1.041641 -0.318044 -0.585708
0 0.521964 1.041741 -0.319144 -0.586654
0 0.521678 1.043283 -0.319521 -0.583917
0 0.526188 1.047844 -0.309828 -0.575212
0 0.665895 0.955441 -0.646421 -1.121841
0 0.666060 0.955289 -0.646739 -1.122620
0 0.526501 1.046965 -0.310571 -0.578677
0 0.526097 1.046569 -0.309914 -0.579906
0 0.521016 1.034150 -0.322145 -0.646320
0 0.667998 0.955549 -0.643455 -1.121273
0 0.522576 1.032421 -0.319925 -0.650206
0 0.637025 0.958398 -0.675390 -1.107536
0 0.522269 1.033035 -0.319944 -0.648869
0 0.637685 0.960433 -0.674745 -1.102009
0 0.651410 0.953287 -0.663025 -1.120091
0 0.652300 0.954220 -0.662436 -1.118321
0 0.652967 0.954454 -0.662352 -1.117048
0 0.521091 1.041633 -0.324972 -0.580524
0 0.522554 1.026600 -0.313454 -0.546860
0 0.218636 0.862961 0.143293 -0.366005
0 0.218538 0.858548 0.143728 -0.373333
0 0.218445 0.866143 0.143002 -0.355400
0 0.208938 0.849303 0.137703 -0.378628
0 0.517309 1.033803 -0.345825 -0.668519
0 0.209709 0.845982 0.139117 -0.384548
0 0.636381 0.955763 -0.671210 -1.114952
0 0.517378 1.037029 -0.329001 -0.517542
0 0.210711 0.852186 0.140420 -0.372601
0 0.796487 1.081384 -0.276334 -0.367880
0 0.636836 0.955460 -0.670044 -1.115886
0 0.793902 1.081268 -0.276161 -0.364367
0 0.518002 1.038861 -0.327375 -0.514988
0 0.517023 1.038090 -0.328468 -0.521965
0 0.637669 0.956335 -0.668754 -1.113754
0 0.525840 1.025954 -0.312191 -0.492220
0 0.518135 1.032464 -0.310523 -0.619470
0 0.627392 0.959802 -0.674145 -1.094851
0 0.626888 0.956245 -0.674373 -1.102142
0 0.289819 0.887072 0.184966 -0.353415
