0 0.311820 1.173181 0.206808 0.202979
0 0.123693 0.455888 0.082209 -0.078690
0 0.124328 0.457057 0.083192 -0.076061
0 0.439523 0.653911 -0.191371 -0.133483
0 0.439729 0.653803 -0.190916 -0.133183
0 0.278861 0.230377 -0.000399 -0.121884
0 0.439295 0.653143 -0.191327 -0.136819
0 0.281055 0.235697 0.008171 -0.110984
0 0.279751 0.230448 0.001126 -0.120560
0 0.281107 0.235440 0.007658 -0.110453
0 0.125358 0.455272 0.082640 -0.072333
0 0.125166 0.454956 0.082903 -0.092802
0 0.125913 0.454658 0.084100 -0.093176
0 0.124633 0.455318 0.081022 -0.072330
0 0.499967 0.969901 -0.258301 -0.993742
0 0.499724 0.970378 -0.259018 -0.992467
0 0.500624 0.971555 -0.257950 -0.991757
0 0.427902 0.658498 -0.200213 -0.137565
0 0.124424 0.450305 0.080570 -0.083754
0 0.276380 0.229937 -0.005204 -0.116752
0 0.276770 0.230166 -0.004409 -0.116385
0 0.758067 1.083739 -0.498402 -0.347909
0 0.122136 0.459276 0.081443 -0.063563
0 0.512163 0.690098 -0.711435 -0.506921
0 0.122621 0.459752 0.081823 -0.065041
0 0.279382 0.231819 0.003606 -0.123744
0 0.757331 1.081061 -0.500629 -0.354653
0 0.279504 0.230900 0.003776 -0.124653
0 0.511610 0.688873 -0.712251 -0.509558
0 0.510320 0.970761 -0.264265 -0.992908
0 0.429419 0.656628 -0.197585 -0.132025
0 0.428765 0.655428 -0.199571 -0.134615
0 0.510424 0.970022 -0.264367 -0.995540
0 0.759806 1.082701 -0.496812 -0.352499
0 0.429227 0.655886 -0.198605 -0.133733
0 0.508469 0.971843 -0.268205 -0.991161
0 0.746614 1.081937 -0.592327 -0.346503
0 0.514061 0.681940 -0.709123 -0.513798
0 0.746533 1.078426 -0.591436 -0.355210
0 0.515593 0.682933 -0.707160 -0.512144
0 0.425579 0.654931 -0.205663 -0.141218
0 0.151851 0.200581 -0.083007 -0.126039
0 0.152511 0.200078 -0.082353 -0.127217
0 0.152003 0.199914 -0.082954 -0.127330
0 0.269221 0.218512 -0.001598 -0.121818
0 0.279656 0.219041 0.012421 -0.120468
0 0.123257 0.454930 0.082057 -0.100000
0 0.523539 0.968393 -0.251876 -1.001196
0 0.745951 1.081483 -0.593945 -0.349861
0 0.502861 0.968716 -0.258922 -1.000572
0 0.122944 0.453022 0.081791 -0.103107
0 0.122805 0.449334 0.081330 -0.110995
0 0.155037 0.197535 -0.080642 -0.133468
0 0.504133 0.968918 -0.234087 -0.993087
0 0.501453 0.967142 -0.238673 -0.996955
0 0.499362 0.967564 -0.243580 -0.995989
0 0.077912 0.200319 0.052749 -0.162821
0 0.521587 0.217449 -0.768683 -0.167399
0 0.075314 0.202609 0.051842 -0.162829
0 0.523054 0.215140 -0.767914 -0.174350
0 0.073195 0.201139 0.050085 -0.162638
0 0.154168 0.197651 -0.082386 -0.133792
0 0.744614 1.077152 -0.623080 -0.360138
0 0.522120 0.218268 -0.762108 -0.164059
0 0.743432 1.074722 -0.627007 -0.365119
0 0.523349 0.215106 -0.768142 -0.174244
0 0.523410 0.215813 -0.767776 -0.172911
0 0.508251 0.692845 -0.713209 -0.501330
0 0.743478 1.074408 -0.624753 -0.365581
0 0.073356 0.200337 0.049792 -0.166234
0 0.507539 0.692719 -0.714891 -0.502575
0 0.073168 0.200460 0.049020 -0.165689
0 0.511928 0.670856 -0.711359 -0.519193
0 0.521290 0.213846 -0.768800 -0.172487
0 0.511993 0.669275 -0.710869 -0.520265
0 0.511809 0.664952 -0.711272 -0.525628
0 0.443133 0.670019 -0.188423 -0.132815
0 0.521302 0.215201 -0.769430 -0.171346
0 0.073260 0.200528 0.049015 -0.165492
0 0.521153 0.213842 -0.769921 -0.172449
0 0.444928 0.670237 -0.185134 -0.132546
0 0.444801 0.669144 -0.184079 -0.134755
0 0.403838 1.178729 0.269359 0.189506
0 0.785875 1.081728 -0.332222 -0.354777
0 0.442842 0.657022 -0.198349 -0.141564
0 0.786164 1.080231 -0.334985 -0.357003
0 0.151691 0.198914 -0.076693 -0.132780
0 0.504545 0.691928 -0.715079 -0.502626
0 0.503988 0.692957 -0.716390 -0.500675
0 0.546737 0.969116 -0.240262 -0.991698
0 0.507291 0.686999 -0.715088 -0.508815
0 0.546663 0.969843 -0.241320 -0.990130
0 0.388859 0.194446 -0.229148 -0.174282
0 0.787442 1.080935 -0.331226 -0.361414
0 0.544932 0.968998 -0.246017 -0.991334
0 0.119692 0.454597 0.080972 -0.050267
0 0.430791 0.650697 -0.202865 -0.130690
0 0.431848 0.649142 -0.200913 -0.133668
0 0.074243 0.207951 0.050267 -0.160370
0 0.129825 0.453432 0.085396 -0.079931
0 0.073681 0.208416 0.049720 -0.160168
0 0.119906 0.455481 0.081750 -0.048191
0 0.516753 0.215968 -0.763078 -0.173389
0 0.511024 0.672906 -0.710202 -0.513707
0 0.431933 0.649161 -0.201996 -0.134006
0 0.073854 0.209361 0.049823 -0.158442
0 0.509975 0.670536 -0.711917 -0.516563
0 0.131456 0.453427 0.088468 -0.079814
0 0.765267 1.075472 -0.469144 -0.364152
0 0.131435 0.451283 0.088554 -0.087019
0 0.504325 0.686951 -0.715340 -0.510453
0 0.510921 0.666507 -0.710104 -0.522202
0 0.764823 1.073651 -0.472065 -0.368481
0 0.766539 1.072104 -0.466974 -0.370427
0 0.291647 0.233421 0.017856 -0.115030
0 0.522595 0.222000 -0.765676 -0.158950
0 0.516830 0.216933 -0.763558 -0.171270
0 0.516716 0.215671 -0.763733 -0.173675
0 0.291590 0.232869 0.018214 -0.115119
0 0.361622 0.176988 -0.319130 -0.193617
0 0.370628 0.178139 -0.272815 -0.190840
0 0.503450 0.969235 -0.256071 -1.005248
0 0.525177 0.969839 -0.249067 -1.004735
0 0.119692 0.449522 0.081217 -0.059511
0 0.523785 0.224965 -0.758611 -0.151891
0 0.520894 0.707494 -0.700116 -0.494268
0 0.155808 0.189568 -0.078007 -0.140341
0 0.520732 0.211920 -0.763735 -0.180599
0 0.069548 0.199854 0.045487 -0.167740
