0 0.270625 1.154316 0.177552 0.115657
0 0.442726 1.138076 -0.065879 0.039041
0 0.447316 1.142445 -0.054176 0.046156
0 0.439539 1.151378 -0.069410 0.091579
0 0.438196 1.147960 -0.074116 0.086172
0 0.820817 1.148781 -0.183090 0.022918
0 0.824623 1.149525 -0.177528 0.028135
0 0.782575 1.156774 -0.416826 0.051137
0 0.784774 1.156805 -0.412112 0.049725
0 0.443195 1.146021 0.002556 0.086264
0 0.441854 1.141332 -0.003978 0.079106
0 0.436125 1.153324 -0.013819 0.081816
0 0.433347 1.148146 -0.022416 0.073993
0 0.659683 1.118103 -0.234437 -0.100162
0 0.659651 1.118028 -0.237412 -0.099007
0 0.431193 1.161294 -0.068251 0.073348
0 0.618189 1.118540 -0.258289 -0.106975
0 0.620484 1.119001 -0.256194 -0.104857
0 0.267800 1.067764 0.174442 0.107184
0 0.829850 1.128749 -0.126151 -0.049622
0 0.833218 1.127726 -0.118129 -0.047883
0 0.714202 1.140296 0.299168 0.020490
0 0.425863 1.137811 -0.081259 0.079438
0 0.582399 1.128054 -0.338465 -0.083988
0 0.760470 1.151083 -0.560103 0.081140
0 0.761347 1.152971 -0.558144 0.082816
0 0.819434 1.167811 0.426178 0.096157
0 0.596816 1.111303 -0.290515 -0.136914
