0 0.750384 0.103514 -0.497126 0.071000
0 1.244851 0.688932 0.858997 0.403918
0 0.751990 0.104176 -0.494798 0.072007
0 0.787665 0.097771 -0.431185 0.063229
0 0.788454 0.098468 -0.430563 0.064195
0 0.784776 0.093656 -0.433094 0.062851
0 0.795355 0.101396 -0.436496 0.066622
0 0.797213 0.101648 -0.431560 0.066847
0 0.522570 0.098163 0.124761 0.066958
0 0.783753 0.094480 -0.435007 0.063962
0 1.222218 0.922069 0.763895 0.234179
0 0.516550 0.098134 -0.047591 0.064941
0 0.518871 0.098463 -0.044681 0.064329
0 0.517990 0.095339 -0.033381 0.065073
0 0.521062 0.096290 -0.027246 0.066024
0 0.801450 0.090829 -0.439903 0.062095
0 0.802881 0.091731 -0.435858 0.063872
