0 0.857997 1.176441 0.039325 -0.615440
0 0.855186 1.176625 0.035375 -0.618184
0 0.856103 1.176003 0.031961 -0.610789
0 0.347948 1.402338 0.232961 0.751006
0 0.813983 1.409624 -0.083677 0.919708
0 0.810934 1.418086 -0.088839 0.939707
0 0.882020 1.176370 0.153380 -0.613786
0 0.880401 1.175777 0.143868 -0.614278
0 0.764511 1.418845 -0.312810 0.943093
0 0.765265 1.415525 -0.311408 0.943059
0 0.827821 1.428418 -0.056250 0.852907
0 0.825832 1.436778 -0.061303 0.868201
0 0.789550 1.386627 -0.076625 0.896337
0 0.787962 1.408250 -0.078559 0.939059
0 0.903884 1.181655 0.305497 -0.620302
0 0.910548 1.181598 0.322938 -0.620648
0 0.855673 1.194441 0.026154 -0.479445
0 0.856013 1.191311 0.030452 -0.486546
