0 0.462522 0.807252 -0.800178 -1.040278
0 0.462748 0.796754 -0.799688 -1.035887
0 0.462760 0.809691 -0.799827 -1.036445
0 0.462485 0.794452 -0.800147 -1.039238
0 0.462167 0.799552 -0.803605 -1.037095
0 0.457852 1.112474 0.258962 -0.129648
0 0.462846 0.805902 -0.799720 -1.041360
0 0.462897 0.793205 -0.799493 -1.041217
0 0.455873 1.113689 0.249296 -0.126723
0 0.462278 0.797597 -0.803387 -1.039706
0 0.462813 0.798046 -0.802365 -1.038507
0 0.582254 1.117460 0.335522 -0.135021
0 0.462609 0.813599 -0.803690 -1.032566
0 0.463600 0.813156 -0.801917 -1.032063
0 0.805453 1.097775 -0.263996 -0.133670
0 0.306428 0.766066 -0.483558 -0.882861
0 0.462497 0.812285 -0.803706 -1.033556
0 0.582592 1.119621 0.339258 -0.129129
0 0.306936 0.768936 -0.483004 -0.877808
0 0.306530 0.766224 -0.484042 -0.881844
0 0.471120 0.794757 -0.781151 -1.043065
0 0.806359 1.100418 -0.258068 -0.130647
0 0.305933 0.725521 -0.490179 -0.892442
0 0.743655 1.131519 0.537411 -0.080818
0 0.306064 0.730125 -0.490658 -0.885056
0 0.467748 1.115535 0.274761 -0.159301
0 0.306386 0.728611 -0.489879 -0.887518
0 0.468411 1.114732 0.272127 -0.161478
0 0.920486 1.143676 0.477716 -0.063809
0 0.306851 0.730346 -0.481849 -0.890423
0 0.307016 0.721792 -0.481105 -0.905278
0 0.307412 0.727946 -0.481110 -0.894957
0 0.449201 1.092503 0.271053 -0.146911
0 0.448525 1.093128 0.273165 -0.145861
0 0.313765 0.768424 -0.455289 -0.897643
0 0.712135 1.141800 0.443934 -0.064454
