0 0.684453 0.610212 -1.014396 -0.531691
0 0.684481 0.610299 -1.014339 -0.532258
0 0.684304 0.604437 -1.016460 -0.542272
0 0.684957 0.602058 -1.015162 -0.548103
0 0.685288 0.607210 -1.010700 -0.533252
0 0.684831 0.603945 -1.015167 -0.542052
0 0.686328 0.608683 -1.009307 -0.530950
0 0.684726 0.610259 -1.013941 -0.540047
0 0.685016 0.610584 -1.014265 -0.539257
0 0.683599 0.601155 -1.015627 -0.548672
0 0.684416 0.599881 -1.014498 -0.551713
0 0.684240 0.600810 -1.014656 -0.549645
0 0.462208 0.485153 -0.689087 -0.407999
0 0.686045 0.592657 -1.010992 -0.543522
0 0.685830 0.591853 -1.011687 -0.544870
0 0.685949 0.590044 -1.011334 -0.549058
0 0.461394 0.485351 -0.690811 -0.392036
0 0.463492 0.489257 -0.686277 -0.402888
0 0.461394 0.483148 -0.689134 -0.398913
0 0.460413 0.485305 -0.693270 -0.413544
0 0.851792 1.247305 0.570404 0.669203
0 0.460376 0.487571 -0.693405 -0.411633
0 0.460066 0.480343 -0.696788 -0.412921
0 0.460835 0.485619 -0.692937 -0.414227
0 0.685274 0.622694 -1.016595 -0.537442
0 0.684666 0.622626 -1.017961 -0.538592
0 0.685159 0.618327 -1.016876 -0.547306
0 0.459882 0.479419 -0.697128 -0.415161
0 0.460387 0.478784 -0.696573 -0.415687
