0 0.265706 1.206820 0.176722 0.705280
0 0.460877 1.029470 -0.443684 0.461860
0 0.465051 1.038778 -0.438477 0.475430
0 0.453304 1.001670 -0.481003 0.477441
0 0.573342 1.059392 -0.584689 0.502391
0 0.577535 1.065251 -0.579611 0.510772
0 0.458695 1.003520 -0.475099 0.479319
0 0.545319 0.990075 -0.627403 0.445468
0 0.459472 0.987346 -0.483355 0.440646
0 0.709434 1.110940 -0.864589 0.273459
0 0.709936 0.984970 -0.864277 0.198199
0 0.710199 1.122749 -0.863516 0.287990
0 0.461758 0.970963 -0.449813 0.455940
0 0.709863 0.970813 -0.864188 0.159822
0 0.488066 1.031351 -0.437569 0.451654
0 0.556871 0.993028 -0.616606 0.447810
0 0.464515 0.988238 -0.473626 0.439331
0 0.708566 0.889255 -0.862700 0.115765
0 0.571352 0.896324 -0.833498 0.355346
0 0.708432 0.877049 -0.863477 0.086937
0 0.492825 1.034796 -0.426937 0.458028
0 0.602213 1.183390 -0.536025 0.642962
0 0.255219 0.572932 0.177208 0.249154
0 0.605734 1.189097 -0.532688 0.651731
0 0.714125 0.885820 -0.854976 0.093616
0 0.709192 0.861246 -0.873168 0.098467
0 0.711711 1.111711 -0.864398 0.253017
0 0.710512 0.995577 -0.868557 0.192090
0 0.704661 0.861013 -0.878649 0.096561
0 0.232589 0.326660 -0.241108 -0.379926
0 0.565283 0.789672 -0.846923 0.285921
0 0.231945 0.324843 -0.246139 -0.381985
0 0.232280 0.324053 -0.245068 -0.382640
0 0.708943 0.970853 -0.872347 0.145133
0 0.585711 0.973381 -0.729783 0.435385
0 0.713712 0.940842 -0.853160 0.124024
0 0.231950 0.323789 -0.246521 -0.383624
