0 0.686708 1.060945 -0.139468 0.016644
0 0.685111 1.062357 -0.142359 0.018338
0 0.680208 1.069659 -0.150374 0.017518
0 0.680117 1.067797 -0.148394 0.016103
0 0.679075 1.054782 -0.172657 -0.021105
0 0.680123 1.052537 -0.174377 -0.024640
0 0.690692 1.045966 -0.133347 -0.017574
0 0.680626 1.034035 -0.175164 -0.066887
0 0.686249 1.033205 -0.153273 -0.041140
0 0.687206 1.029057 -0.154078 -0.050064
0 0.688181 1.025198 -0.153919 -0.064438
0 0.683170 1.045972 -0.143404 -0.030865
0 0.468606 0.893694 -0.582936 0.330808
0 0.470939 0.879969 -0.581784 0.304776
0 0.466716 0.603696 -0.587628 0.118626
0 0.466498 0.603862 -0.588322 0.116468
0 0.465989 0.719824 -0.588809 0.190693
0 0.465841 0.731694 -0.589122 0.216684
0 0.034399 0.559967 0.023545 -0.291328
0 0.034253 0.561759 0.023885 -0.286455
0 0.034372 0.559498 0.023654 -0.290382
0 0.471428 0.860451 -0.582523 0.281403
