0 0.636800 0.597305 -0.942705 -0.843754
0 0.637182 0.597633 -0.941549 -0.843374
0 0.637259 0.597820 -0.942021 -0.850631
0 0.637726 0.597362 -0.941490 -0.850943
0 0.637233 0.596613 -0.941784 -0.852359
0 0.634586 0.599733 -0.941108 -0.825729
0 0.634360 0.597921 -0.941403 -0.829470
0 0.633700 0.598960 -0.941642 -0.827938
0 0.633954 0.598933 -0.940078 -0.833652
0 0.633548 0.597872 -0.941343 -0.834842
0 0.630183 0.596306 -0.943653 -0.832066
0 0.629981 0.596324 -0.943125 -0.832590
0 0.634913 0.595064 -0.947933 -0.866298
0 0.652921 0.707486 -1.208779 -0.865900
0 0.636977 0.596719 -0.943578 -0.849534
0 0.652649 0.707832 -1.209207 -0.865705
0 0.652639 0.706720 -1.209363 -0.867722
0 0.652646 0.706351 -1.209810 -0.861659
0 0.652530 0.706937 -1.209961 -0.859858
0 0.652581 0.708133 -1.209355 -0.857813
0 0.652167 0.703199 -1.207138 -0.865357
0 0.626628 0.598272 -0.971455 -0.830507
0 0.653189 0.710852 -1.206214 -0.873863
0 0.626825 0.598678 -0.971565 -0.829977
0 0.626598 0.600006 -0.971484 -0.827726
0 0.647273 0.591210 -1.235261 -0.840756
0 0.652838 0.710922 -1.207498 -0.874418
0 0.652871 0.709418 -1.207510 -0.875151
0 0.619873 0.549148 -1.167884 -0.891157
0 0.621623 0.554117 -1.162244 -0.886757
0 0.648607 0.650463 -1.228171 -0.794627
0 0.638396 0.594257 -0.944887 -0.868803
0 0.647679 0.593409 -1.234744 -0.836769
0 0.621282 0.554702 -1.162813 -0.885660
0 0.621063 0.553123 -1.163284 -0.887127
0 0.647822 0.591099 -1.234916 -0.840914
0 0.647516 0.587998 -1.234331 -0.846122
0 0.639233 0.594499 -0.942958 -0.868803
0 0.638541 0.593965 -0.944696 -0.869591
0 0.651943 0.705661 -1.212410 -0.780846
0 0.651511 0.705808 -1.213806 -0.781091
0 0.652263 0.701465 -1.207257 -0.849214
0 0.637695 0.597636 -0.937160 -0.850725
0 0.651515 0.706717 -1.213924 -0.778969
0 0.647613 0.586799 -1.234178 -0.847617
0 0.630615 0.596231 -0.940919 -0.840140
0 0.647369 0.569988 -1.235762 -0.858561
0 0.637388 0.598351 -0.937847 -0.848242
