0 0.358614 0.609740 -0.197930 -0.797232
0 0.359399 0.609563 -0.197684 -0.796799
0 0.359507 0.610435 -0.198061 -0.796063
0 0.358757 0.612599 -0.199187 -0.803244
0 0.356044 0.612373 -0.202671 -0.804605
0 0.365297 0.605942 -0.199876 -0.810473
0 0.366418 0.607584 -0.198837 -0.804710
0 0.342608 0.610924 -0.210716 -0.806876
0 0.341188 0.608787 -0.213976 -0.809764
0 0.371937 0.613788 -0.194018 -0.792780
0 0.372376 0.612952 -0.193213 -0.793985
0 1.164155 0.837210 0.332194 0.596815
0 0.572395 0.636671 0.106489 -0.969066
0 0.371839 0.613030 -0.194361 -0.793494
0 1.300608 0.843791 0.824876 0.598041
0 0.349514 0.609270 -0.204649 -0.808368
0 0.349161 0.608455 -0.205247 -0.809946
0 0.349601 0.608845 -0.204667 -0.809477
0 0.573213 0.642098 0.107754 -0.924914
0 0.341175 0.607602 -0.207864 -0.803771
0 0.341778 0.608006 -0.207645 -0.801927
0 0.341649 0.607991 -0.207707 -0.803328
