0 0.582519 0.989055 0.065122 -0.305499
0 0.582714 0.990876 0.063785 -0.304346
0 0.584669 0.982412 0.067677 -0.319141
0 0.579287 0.959580 0.054390 -0.285259
0 0.579795 0.948458 0.055382 -0.306362
0 0.579271 0.957060 0.055802 -0.291402
0 0.631204 0.544445 -0.969532 -0.319626
0 0.631072 0.543923 -0.969629 -0.320582
0 0.632406 0.544130 -0.967022 -0.317717
0 0.632649 0.543926 -0.967098 -0.317039
0 0.633030 0.546044 -0.965072 -0.318947
0 0.632819 0.546931 -0.966467 -0.317251
0 0.633040 0.545964 -0.965231 -0.319199
0 0.631979 0.547042 -0.970239 -0.314973
0 0.631561 0.547687 -0.971737 -0.313493
0 0.632096 0.547383 -0.970196 -0.313830
0 0.608263 1.005488 0.199772 -0.309319
0 0.607092 1.005347 0.195792 -0.311208
0 0.576806 0.951520 0.034348 -0.288626
0 0.576087 0.954619 0.032900 -0.279927
0 0.611196 1.002280 0.202529 -0.319433
0 0.578941 0.952264 0.039244 -0.284284
0 0.588526 1.034472 0.072898 -0.288556
0 0.587849 1.034641 0.071668 -0.289864
0 0.632876 0.543797 -0.959898 -0.317659
0 0.633445 0.544255 -0.958847 -0.317287
