0 0.092234 0.491896 0.065165 -0.421158
0 0.092342 0.491726 0.065253 -0.420899
0 0.092003 0.492116 0.063163 -0.413741
0 0.091777 0.493011 0.062807 -0.412234
0 0.092844 0.491286 0.063703 -0.418604
0 0.092517 0.492412 0.063104 -0.416836
0 0.092595 0.491406 0.063279 -0.418646
0 0.093458 0.494291 0.067629 -0.413204
0 0.092707 0.492661 0.066588 -0.416400
0 0.093767 0.493019 0.067990 -0.414985
0 0.091749 0.492035 0.065152 -0.415653
0 0.091598 0.492681 0.065348 -0.414965
0 0.413432 0.956154 0.165741 0.270371
0 0.419858 1.236078 0.185232 0.497544
0 0.089108 0.496989 0.061005 -0.419506
0 0.089590 0.496416 0.062312 -0.420522
0 0.088809 0.496901 0.060505 -0.420053
