0 0.512131 1.085758 -0.340368 0.012080
0 0.511712 1.086835 -0.341481 0.015845
0 0.815342 0.768475 -0.207589 0.158309
0 0.814662 0.772076 -0.209703 0.163697
0 0.815653 0.763776 -0.205644 0.147409
0 0.288144 0.759769 0.159620 -0.655940
0 0.288891 0.759512 0.159685 -0.655723
0 0.288294 0.759074 0.159269 -0.656781
0 0.513975 1.102697 -0.329767 0.013625
0 0.816337 0.738532 -0.209954 0.099628
0 0.513773 1.104575 -0.330815 0.019760
0 0.817033 0.735232 -0.208372 0.092076
0 0.303040 0.748040 0.154516 -0.678740
0 0.817586 0.739805 -0.206089 0.097588
0 0.289262 0.760725 0.157773 -0.649738
0 0.289280 0.759948 0.157633 -0.651572
0 0.290300 0.760928 0.158203 -0.649689
0 0.525915 1.083535 -0.321765 0.016820
0 0.302852 0.748019 0.153123 -0.679198
0 0.527349 1.084813 -0.316437 0.021145
0 0.272573 0.760965 0.139420 -0.653806
0 0.272980 0.760707 0.140999 -0.655484
0 0.274981 0.762088 0.143680 -0.651207
0 0.824246 0.784946 -0.151759 0.175785
0 0.825945 0.782364 -0.150289 0.169547
0 0.791921 0.751392 -0.318584 0.118205
0 0.794804 0.748983 -0.316071 0.113331
0 0.826154 0.770617 -0.148032 0.142158
0 0.794974 0.746549 -0.316483 0.107129
0 0.372446 0.756141 0.221295 -0.651070
0 0.372632 0.756997 0.223439 -0.648807
0 0.373084 0.756623 0.221655 -0.650242
0 0.047205 0.853676 0.031743 -0.472338
0 0.502739 1.068973 -0.311769 -0.002128
