0 0.887236 0.226695 -1.065323 0.037284
0 0.886769 0.226893 -1.065975 0.037273
0 0.886957 0.228062 -1.066674 0.038240
0 0.546262 0.339331 -0.026836 -0.081873
0 0.546598 0.340087 -0.025281 -0.080680
0 0.891243 0.223721 -1.063425 0.031189
0 0.545805 0.340606 -0.026356 -0.079970
0 0.885934 0.228191 -1.068709 0.036954
0 0.890329 0.224038 -1.064725 0.031500
0 0.889908 0.224208 -1.066149 0.031993
0 0.885274 0.227154 -1.069416 0.035913
0 0.549101 0.338652 -0.024213 -0.079104
0 0.548111 0.337160 -0.026354 -0.080609
0 0.893883 0.224944 -1.057465 0.035716
0 0.548106 0.337537 -0.024114 -0.080748
0 0.893604 0.224884 -1.057975 0.034698
0 0.891910 0.225496 -1.058048 0.034857
0 0.885009 0.230982 -1.065350 0.046761
0 0.884733 0.229293 -1.065793 0.045030
0 0.541777 0.325247 -0.049608 -0.083166
0 0.456576 0.383841 -0.455746 -0.349519
0 0.456945 0.383313 -0.453579 -0.349577
0 0.540172 0.327550 -0.051274 -0.080304
0 0.891838 0.219863 -1.069096 0.033389
0 0.891610 0.221078 -1.068963 0.035924
0 0.461542 0.382636 -0.436372 -0.338847
0 0.461713 0.382428 -0.435608 -0.339308
0 0.538958 0.357248 -0.052191 -0.051673
0 0.540666 0.353540 -0.050183 -0.058355
0 0.563472 0.333416 -0.019331 -0.086501
0 0.564450 0.331306 -0.016492 -0.089212
0 0.564634 0.332139 -0.017126 -0.087812
0 0.890242 0.226329 -1.090964 0.036286
0 0.889611 0.225822 -1.091545 0.036359
0 1.006112 0.841967 0.646030 0.113497
0 0.978854 0.495046 -0.840980 -0.356945
0 0.465033 0.380224 -0.435176 -0.344907
0 0.978267 0.495394 -0.840548 -0.358157
0 0.977437 0.495362 -0.842159 -0.358255
0 0.465318 0.380739 -0.434585 -0.344712
0 0.463306 0.383994 -0.450845 -0.335178
0 0.465043 0.381176 -0.434902 -0.342822
0 0.462040 0.383707 -0.454052 -0.334628
0 0.463500 0.383536 -0.450801 -0.333628
