0 1.003152 0.876109 -0.775792 0.267091
0 0.697207 0.403794 -0.198559 -0.283383
0 1.004294 0.878346 -0.772962 0.273215
0 0.696731 0.403189 -0.198861 -0.286925
0 0.696113 0.403089 -0.199596 -0.286556
0 1.012013 0.903484 -0.763075 0.233019
0 1.012006 0.903841 -0.762551 0.236101
0 0.986764 0.869861 -0.772506 0.253678
0 0.986545 0.869996 -0.773021 0.256601
0 0.908986 0.743478 -0.207854 -0.658982
0 0.912525 0.743579 -0.202958 -0.659517
0 0.907684 0.744667 -0.209834 -0.655665
0 1.001616 0.897398 -0.754878 0.216988
0 1.001271 0.898015 -0.756272 0.218695
0 0.697576 0.408140 -0.195081 -0.291093
0 0.708617 0.409834 -0.174027 -0.288073
0 0.695004 0.408446 -0.196992 -0.290682
0 0.999356 0.779314 -0.783471 0.173267
0 0.998526 0.782680 -0.786061 0.181532
0 0.944324 0.744688 -0.198641 -0.655041
0 0.939935 0.744701 -0.205534 -0.655781
0 0.944044 0.746046 -0.200392 -0.650652
0 0.900879 0.741918 -0.205189 -0.663317
0 0.900126 0.742275 -0.205647 -0.662518
0 0.898117 0.741898 -0.215543 -0.663594
0 0.985154 0.778294 -0.774378 0.171139
0 0.983343 0.780363 -0.779446 0.176619
0 1.002566 0.740406 0.140141 -0.662908
0 0.423475 0.803236 0.284752 -0.313081
0 0.685856 0.409159 -0.225147 -0.281637
0 0.422155 0.808155 0.280969 -0.300037
0 0.686912 0.409488 -0.227230 -0.280857
0 0.422569 0.807368 0.282984 -0.301593
0 0.424949 0.801946 0.285121 -0.300928
0 0.963465 0.740808 0.059517 -0.660849
0 0.425555 0.804138 0.282905 -0.295320
0 0.686076 0.408794 -0.225944 -0.282163
