0 0.693716 0.731219 -0.839487 -0.612138
0 0.694573 0.730705 -0.837225 -0.612602
0 0.693367 0.731497 -0.839857 -0.609589
0 0.675206 1.180194 -0.401826 0.181368
0 0.675814 1.182547 -0.400685 0.186969
0 0.688325 0.732117 -0.852681 -0.609287
0 0.688618 0.731351 -0.852505 -0.610065
0 0.688907 0.732225 -0.852870 -0.608547
0 0.689008 0.735723 -0.842581 -0.613421
0 0.689199 0.735096 -0.841501 -0.614231
0 0.684882 1.180160 -0.401914 0.197037
0 0.687993 0.737425 -0.843817 -0.608962
0 0.688784 0.715874 -0.844233 -0.636987
0 0.688764 1.177356 -0.397396 0.188886
0 0.688630 0.718395 -0.844278 -0.632372
0 0.496190 1.147141 0.284388 0.021060
0 0.562147 1.140084 0.323028 0.005134
0 0.677257 1.167732 -0.392238 0.151838
0 0.686140 0.703468 -0.851949 -0.643839
0 0.685792 0.709693 -0.852699 -0.635399
0 0.677070 1.167503 -0.394146 0.152484
0 0.493197 1.146977 0.281295 0.060132
0 0.853286 1.118147 0.577510 -0.045221
0 0.688156 0.722813 -0.859920 -0.622539
0 0.848683 1.118326 0.566178 -0.043803
0 0.889185 1.138379 0.578398 0.012151
0 0.688257 0.718832 -0.860239 -0.631066
0 0.912679 1.179899 0.518673 0.198535
