0 0.557330 0.900019 -0.647310 -1.020974
0 0.558071 0.900395 -0.646958 -1.020306
0 0.556264 0.905616 -0.650541 -1.009186
0 0.555672 0.904401 -0.651405 -1.010674
0 0.556198 0.904750 -0.652262 -1.008355
0 0.557530 0.900441 -0.647258 -1.018401
0 0.555402 0.901731 -0.652744 -1.010539
0 0.555166 0.901030 -0.652977 -1.011735
0 0.553399 0.903658 -0.655925 -1.009405
0 0.553338 0.906442 -0.656157 -1.003944
0 0.553227 0.903879 -0.655661 -1.010202
0 0.556128 0.897389 -0.650257 -1.021206
0 0.556560 0.896253 -0.649772 -1.022409
0 0.553259 0.900843 -0.655515 -1.012022
0 0.553332 0.896927 -0.654069 -1.021192
