0 0.795706 0.757166 -0.367440 -0.314973
0 0.794573 0.756961 -0.370433 -0.315514
0 0.371157 0.708174 -0.532033 -0.501878
0 0.371264 0.714026 -0.533016 -0.490954
0 0.795205 0.756298 -0.367802 -0.318429
0 0.369606 0.709115 -0.533259 -0.498832
0 0.369090 0.709576 -0.533623 -0.497429
0 0.369736 0.707845 -0.538031 -0.503277
0 0.369496 0.712266 -0.537973 -0.497858
0 0.796328 0.762802 -0.366380 -0.310307
0 0.393330 0.636921 0.144129 -0.652917
0 0.797092 0.764092 -0.364530 -0.307859
0 0.394026 0.637303 0.146159 -0.652044
0 0.393319 0.637006 0.143929 -0.652306
0 0.370030 0.709472 -0.530964 -0.496868
0 0.796966 0.763239 -0.365416 -0.308496
0 0.369582 0.709252 -0.532166 -0.497974
0 0.393020 0.633094 0.136101 -0.656253
0 0.393985 0.633648 0.136553 -0.655926
0 0.786067 0.757983 -0.383900 -0.316087
0 0.395319 0.634698 0.138483 -0.654066
0 0.785378 0.758134 -0.384609 -0.316277
0 0.785522 0.757900 -0.386060 -0.317280
0 0.108741 0.537565 0.066068 -0.717071
0 0.369699 0.709548 -0.538034 -0.504438
0 0.370916 0.709925 -0.532875 -0.497153
0 0.108779 0.537837 0.066301 -0.717145
0 0.107702 0.542849 0.059412 -0.710934
0 0.107099 0.543662 0.057966 -0.709005
0 0.107145 0.542312 0.058075 -0.711404
0 0.107619 0.537519 0.059578 -0.717127
0 0.107049 0.537381 0.058818 -0.716526
0 0.106984 0.540634 0.060581 -0.712526
0 0.106912 0.541432 0.059829 -0.711711
0 0.106914 0.541249 0.059862 -0.711961
0 0.369493 0.712040 -0.531147 -0.492462
0 0.399561 0.639126 0.137660 -0.644332
0 0.369030 0.712696 -0.531884 -0.491434
0 0.367657 0.696237 -0.533330 -0.550937
0 0.367601 0.697805 -0.533040 -0.549101
0 0.640451 0.466944 -1.159033 -0.655107
0 0.367543 0.699710 -0.534012 -0.544737
0 0.640233 0.466987 -1.159509 -0.655693
0 0.393496 0.639361 0.138423 -0.641545
0 0.392086 0.638640 0.122839 -0.643139
0 0.103266 0.535841 0.033681 -0.715922
0 0.637912 0.464972 -1.159622 -0.655478
0 0.637948 0.463963 -1.159592 -0.657506
0 0.103707 0.543287 0.032049 -0.711859
0 0.638098 0.464489 -1.159177 -0.657350
0 0.637936 0.465555 -1.159459 -0.654985
0 0.638470 0.464807 -1.158785 -0.655823
0 0.638469 0.464804 -1.158912 -0.656893
0 0.369692 0.694049 -0.540487 -0.557035
0 0.399026 0.635029 0.142948 -0.652774
0 0.397135 0.635091 0.138619 -0.652595
0 0.369605 0.697588 -0.540272 -0.551133
0 0.397822 0.635530 0.140158 -0.651965
0 0.369743 0.698119 -0.539860 -0.549672
0 0.107501 0.535106 0.056644 -0.714739
0 0.105897 0.542609 0.060060 -0.717599
0 0.106026 0.543323 0.059935 -0.715584
0 0.108488 0.537391 0.061876 -0.706723
0 0.108423 0.536945 0.061887 -0.708042
0 0.100646 0.533895 0.029600 -0.719753
0 0.100926 0.541393 0.027879 -0.715591
0 0.387253 0.639165 0.125074 -0.640352
0 0.642086 0.469238 -1.150212 -0.652544
0 0.106141 0.541940 0.053757 -0.712524
0 0.639157 0.466408 -1.158633 -0.655455
0 0.638673 0.466544 -1.159977 -0.656067
0 0.403323 0.641727 0.136273 -0.652773
