0 0.774168 0.783878 0.109388 -0.074774
0 0.772607 0.784940 0.106907 -0.072349
0 0.775799 0.786197 0.111109 -0.070086
0 0.669724 0.624196 -1.101008 -0.812521
0 0.670301 0.623935 -1.101215 -0.812971
0 0.669909 0.621450 -1.103853 -0.819091
0 0.670070 0.623699 -1.101384 -0.813397
0 0.064036 0.711876 0.040821 -0.726406
0 0.669603 0.624350 -1.103954 -0.815648
0 0.669903 0.625208 -1.103491 -0.814332
0 0.063775 0.712182 0.040450 -0.726135
0 0.064004 0.712215 0.040967 -0.725801
0 0.669852 0.620787 -1.105177 -0.819204
0 0.064162 0.712131 0.040612 -0.725862
0 0.065092 0.706463 0.039029 -0.734360
0 0.228708 0.866013 -0.243991 -0.557598
0 0.063570 0.711318 0.041755 -0.726397
0 0.228529 0.863404 -0.243875 -0.560206
0 0.063582 0.713216 0.041918 -0.722494
0 0.063279 0.712515 0.041386 -0.724343
0 0.767741 0.790639 0.090015 -0.059224
0 0.668692 0.626002 -1.104840 -0.810377
0 0.670182 0.622782 -1.103238 -0.809786
0 0.669793 0.622929 -1.102621 -0.808640
0 0.669084 0.626013 -1.105505 -0.807790
0 0.669660 0.626084 -1.103748 -0.816043
0 0.668859 0.626162 -1.104586 -0.810897
0 0.670396 0.623450 -1.103226 -0.808154
0 0.668694 0.627020 -1.106045 -0.805269
0 0.669494 0.625964 -1.104007 -0.817176
0 0.774086 0.790623 0.099493 -0.060078
0 0.668513 0.626278 -1.105435 -0.810446
0 0.065017 0.712015 0.040342 -0.724383
0 0.774326 0.791772 0.101540 -0.057421
0 0.066890 0.707658 0.041793 -0.731987
0 0.226359 0.859553 -0.247096 -0.558501
0 0.226536 0.861860 -0.247474 -0.554953
0 0.227623 0.867523 -0.246249 -0.546971
0 0.169338 0.562219 -0.220305 -0.884287
0 0.067287 0.712171 0.044109 -0.725815
0 0.181702 0.593222 -0.003114 -0.862737
0 0.061483 0.714543 0.038182 -0.725641
0 0.168955 0.562852 -0.221151 -0.884055
0 0.181539 0.593677 -0.003621 -0.861966
0 0.169098 0.563750 -0.220722 -0.881489
0 0.061205 0.714642 0.037927 -0.726837
0 0.670245 0.623456 -1.102455 -0.807960
0 0.232290 0.866249 -0.238264 -0.536512
0 0.181917 0.592566 -0.008637 -0.864408
0 0.170482 0.561669 -0.222079 -0.884632
0 0.228329 0.869520 -0.244999 -0.539114
0 0.061825 0.715579 0.038937 -0.724596
0 0.181907 0.593722 -0.008279 -0.862972
0 0.175494 0.593026 -0.049445 -0.866691
0 0.175154 0.590022 -0.060352 -0.871404
0 0.669760 0.627219 -1.104355 -0.798269
0 0.066919 0.712482 0.043021 -0.723625
0 0.174605 0.590192 -0.061172 -0.871296
0 0.232395 0.867199 -0.237874 -0.534441
0 0.170100 0.562469 -0.223940 -0.883133
0 0.175754 0.592893 -0.046458 -0.866853
0 0.170084 0.562092 -0.223785 -0.882916
0 0.174416 0.589620 -0.062581 -0.871596
0 0.225717 0.871191 -0.244272 -0.555105
0 0.172915 0.588490 -0.068155 -0.872559
0 0.184406 0.593107 0.004663 -0.865598
0 0.184569 0.594256 0.004870 -0.864129
0 0.172639 0.589411 -0.068778 -0.871729
0 0.183291 0.593425 -0.000631 -0.865525
0 0.186102 0.593203 0.008054 -0.862308
0 0.187827 0.594439 0.013968 -0.860971
0 0.187532 0.594085 0.013404 -0.861647
0 0.172367 0.588869 -0.070229 -0.872707
0 0.225508 0.868104 -0.244101 -0.561357
0 0.170003 0.589246 -0.077966 -0.871448
0 0.168858 0.566670 -0.224616 -0.878412
0 0.670810 0.624560 -1.099049 -0.814681
0 0.168931 0.566590 -0.223476 -0.878977
0 0.171072 0.556064 -0.219089 -0.888504
0 0.170770 0.556259 -0.218894 -0.888352
0 0.169965 0.590404 -0.078319 -0.868141
0 0.236970 0.863242 -0.237532 -0.558504
0 0.236653 0.864271 -0.237979 -0.557811
0 0.185633 0.589700 -0.042734 -0.867467
0 0.185554 0.590511 -0.040866 -0.866635
0 0.670089 0.625563 -1.099391 -0.796343
0 0.062050 0.693751 0.038520 -0.763389
0 0.172586 0.556596 -0.217433 -0.883864
0 0.173082 0.565376 -0.210012 -0.875029
0 0.172417 0.556219 -0.217700 -0.884564
0 0.670263 0.624602 -1.099455 -0.796401
0 0.170120 0.554932 -0.220921 -0.889011
0 0.669135 0.623437 -1.101783 -0.796822
0 0.223973 0.822614 -0.251458 -0.566021
0 0.224527 0.819657 -0.250792 -0.566148
0 0.225378 0.813158 -0.249837 -0.576348
0 0.225660 0.818918 -0.249610 -0.569998
0 0.774207 0.795895 0.098672 -0.044006
0 0.772030 0.793956 0.098846 -0.048030
0 0.172358 0.556063 -0.217616 -0.884966
0 0.773140 0.794256 0.098253 -0.047352
0 0.168627 0.568468 -0.222021 -0.881228
