0 0.400192 0.964946 -0.549822 -0.796637
0 0.400268 0.964259 -0.549500 -0.798064
0 0.402590 0.964427 -0.547625 -0.785910
0 0.402216 0.964728 -0.548127 -0.784825
0 0.463844 0.987619 -0.646979 -0.725801
0 0.464051 0.991411 -0.647073 -0.718772
0 0.460423 1.006064 -0.657699 -0.723472
0 0.460536 0.975082 -0.656832 -0.742338
0 0.460623 1.007253 -0.657587 -0.720523
0 0.538741 0.987267 -0.711753 -0.874104
0 0.538961 0.986700 -0.711807 -0.874553
0 0.537129 0.984171 -0.707112 -0.881688
0 0.537715 0.984786 -0.707036 -0.880877
0 0.460701 0.971423 -0.656691 -0.749342
0 0.401829 0.966151 -0.547498 -0.787869
0 0.401218 0.965227 -0.548296 -0.786868
0 0.399295 0.962595 -0.547888 -0.784572
0 0.399680 0.962045 -0.547854 -0.782061
0 0.401213 0.963627 -0.549218 -0.806413
0 0.400907 0.965201 -0.549702 -0.805765
0 0.461044 0.994189 -0.651268 -0.738576
0 0.539584 0.984238 -0.700173 -0.869802
0 0.540797 0.983311 -0.723192 -0.873928
0 0.539857 0.984878 -0.702061 -0.870320
0 0.535091 0.989704 -0.698028 -0.870687
0 0.540068 0.984386 -0.725413 -0.872363
0 0.535196 0.989537 -0.698200 -0.871272
0 0.397722 0.965489 -0.548037 -0.797038
0 0.461129 0.990534 -0.650995 -0.750327
0 0.463684 0.984430 -0.627378 -0.708861
0 0.463821 0.984167 -0.626973 -0.711455
0 0.397676 0.967399 -0.548990 -0.794964
0 0.460027 0.973406 -0.661689 -0.744351
0 0.534313 0.981445 -0.706851 -0.860685
0 0.532725 0.977617 -0.712480 -0.864097
0 0.446067 0.412360 -0.643238 -0.321422
0 0.445610 0.412559 -0.643934 -0.320232
0 0.445841 0.405038 -0.646480 -0.331683
0 0.445570 0.413627 -0.643943 -0.319306
0 0.460508 0.973570 -0.660393 -0.745050
0 0.536684 0.981250 -0.728831 -0.861497
0 0.446395 0.405190 -0.644490 -0.332049
0 0.535921 0.976282 -0.730513 -0.865275
0 0.444014 0.407000 -0.643656 -0.331146
0 0.548714 0.985611 -0.674318 -0.880880
0 0.539957 0.978755 -0.728903 -0.886270
0 0.546863 0.989162 -0.681405 -0.872334
0 0.464181 0.973891 -0.649305 -0.718041
0 0.444331 0.406834 -0.643604 -0.332061
0 0.540431 0.979879 -0.727825 -0.884373
0 0.443266 0.415729 -0.644516 -0.319952
0 0.464273 0.966586 -0.649514 -0.726433
0 0.443512 0.416039 -0.644395 -0.320403
0 0.443162 0.417341 -0.644562 -0.318609
