0 0.225214 0.501493 -0.077000 -0.449812
0 0.225877 0.501204 -0.076083 -0.450963
0 0.397071 0.446114 -0.571808 -0.393397
0 0.397335 0.446742 -0.570998 -0.392198
0 0.225364 0.502459 -0.074337 -0.450052
0 0.397863 0.446433 -0.571393 -0.392662
0 0.397178 0.445784 -0.572252 -0.393566
0 0.225790 0.502919 -0.073030 -0.448553
0 0.225880 0.503486 -0.072714 -0.448618
0 0.224813 0.501986 -0.074672 -0.449992
0 0.225153 0.501767 -0.073507 -0.451374
0 0.397556 0.447485 -0.571828 -0.390936
0 0.653711 0.597080 -0.982484 -0.299535
0 0.653792 0.597026 -0.982358 -0.299857
0 0.224952 0.503347 -0.072817 -0.446509
0 0.225173 0.503153 -0.072361 -0.447900
0 0.225156 0.505179 -0.072635 -0.443288
0 0.395733 0.447056 -0.574239 -0.394474
0 0.396233 0.447155 -0.573504 -0.394992
0 0.654225 0.600481 -0.976910 -0.304444
0 0.623726 0.803918 -0.217613 -0.416290
0 0.396087 0.446098 -0.574202 -0.395962
0 0.401886 0.443523 -0.566580 -0.404356
0 0.654707 0.600432 -0.975926 -0.305126
0 0.402254 0.444320 -0.565883 -0.402332
0 0.623635 0.800297 -0.220169 -0.429390
0 0.623123 0.803488 -0.218675 -0.420893
0 0.655792 0.600209 -0.984212 -0.288022
0 0.656082 0.600240 -0.984251 -0.287133
0 0.392928 0.449803 -0.576027 -0.389873
0 0.625388 0.805601 -0.213583 -0.427068
0 0.626195 0.804730 -0.211767 -0.429511
0 0.626161 0.804201 -0.213804 -0.430842
0 0.655286 0.594310 -0.983837 -0.298596
0 0.655842 0.592572 -0.981579 -0.299718
0 0.655683 0.590946 -0.981812 -0.308303
0 0.228192 0.503021 -0.069164 -0.448424
0 0.398143 0.450581 -0.569803 -0.389627
0 0.397948 0.451569 -0.569980 -0.387443
0 0.653038 0.591334 -0.991445 -0.312565
0 0.653512 0.592949 -0.990317 -0.306434
0 0.652840 0.589243 -0.992137 -0.308760
0 0.223776 0.502931 -0.077030 -0.451255
0 0.225162 0.503605 -0.074230 -0.449194
0 0.229503 0.502891 -0.067620 -0.447879
0 0.225522 0.504070 -0.073693 -0.449920
0 0.393641 0.449235 -0.575479 -0.391117
0 0.393635 0.449503 -0.575319 -0.391535
0 0.393939 0.448950 -0.575194 -0.392402
0 0.395269 0.444443 -0.573328 -0.394380
0 0.226728 0.503960 -0.076679 -0.451679
0 0.226153 0.505236 -0.076142 -0.448889
0 0.656849 0.579705 -0.983577 -0.293728
0 0.221745 0.501640 -0.076387 -0.447699
0 0.652209 0.602404 -0.982045 -0.319911
0 0.223114 0.503677 -0.073747 -0.446032
0 0.652397 0.600607 -0.980753 -0.322583
0 0.103813 1.036583 0.069694 -0.469842
0 0.223599 0.502413 -0.073125 -0.447417
0 0.658191 0.578786 -0.980246 -0.294341
0 0.103477 1.038302 0.069522 -0.464174
0 0.652347 0.598330 -0.980923 -0.329474
0 0.657964 0.576032 -0.980566 -0.300887
0 0.108287 1.047593 0.072414 -0.456529
0 0.107801 1.049804 0.072234 -0.454747
0 0.387663 0.447363 -0.576167 -0.395519
0 0.576111 0.453354 -0.754035 -0.391094
0 0.574777 0.452224 -0.756590 -0.393449
0 0.576330 0.451394 -0.753831 -0.394066
0 0.576854 0.460775 -0.767012 -0.381306
0 0.104172 1.033584 0.071167 -0.483213
0 0.576332 0.462678 -0.766768 -0.379957
0 0.576050 0.449349 -0.758386 -0.390187
0 0.609260 0.664900 -0.256982 -0.514205
0 0.609245 0.660634 -0.257735 -0.521643
0 0.576045 0.450677 -0.758763 -0.389022
0 0.104684 1.032737 0.071242 -0.482606
0 0.393522 0.439018 -0.576334 -0.403952
0 0.609619 0.663487 -0.259349 -0.518958
0 0.228132 0.504662 -0.072321 -0.451181
0 0.629653 0.790014 -0.235634 -0.429144
0 0.399974 0.438059 -0.571845 -0.396189
0 0.629099 0.790644 -0.238359 -0.425263
0 0.103624 1.017411 0.070845 -0.497964
0 0.628954 0.793390 -0.240112 -0.422572
0 0.576539 0.466883 -0.777735 -0.376389
0 0.576475 0.466301 -0.777529 -0.377360
0 0.575243 0.466495 -0.783058 -0.376552
0 0.653997 0.576276 -0.993417 -0.287066
