0 0.187629 0.886528 -0.045245 -1.288765
0 0.188526 0.887094 -0.044165 -1.287309
0 0.188347 0.886033 -0.044771 -1.289181
0 0.192574 0.889954 -0.039888 -1.285056
0 0.193005 0.890416 -0.039379 -1.285103
0 0.194776 0.886785 -0.037780 -1.283284
0 0.195233 0.886153 -0.037450 -1.284355
0 0.187715 0.889725 -0.044070 -1.285075
0 0.191155 0.887871 -0.040530 -1.285058
0 0.187464 0.889592 -0.044674 -1.285014
0 0.191919 0.887444 -0.038735 -1.285589
0 0.187321 0.889465 -0.045199 -1.285634
0 0.187124 0.885237 -0.050571 -1.293033
0 0.197719 0.883630 -0.040559 -1.290133
0 0.198283 0.882953 -0.038756 -1.290883
0 0.198412 0.884183 -0.038440 -1.289434
0 0.183444 0.885608 -0.046849 -1.292888
0 0.673512 0.847792 -1.080733 -1.335227
0 0.673222 0.847610 -1.081631 -1.335224
0 0.673294 0.847233 -1.081076 -1.335610
0 0.679190 0.852784 -1.041493 -1.325507
0 0.671033 0.849761 -1.089891 -1.336056
0 0.671862 0.850482 -1.089004 -1.334233
0 0.672024 0.848946 -1.087942 -1.334650
0 0.684165 0.853754 -1.012984 -1.322590
0 0.671706 0.849249 -1.089254 -1.335899
0 0.671521 0.848969 -1.088108 -1.333349
0 0.708527 0.857652 -0.879687 -1.305310
0 0.676671 0.851597 -1.050781 -1.328216
0 0.707408 0.858077 -0.881252 -1.305354
