0 0.671931 0.474258 -0.643615 -0.155293
0 0.673058 0.474776 -0.641344 -0.154082
0 0.672650 0.474885 -0.642740 -0.155287
0 0.671489 0.475212 -0.640154 -0.166454
0 0.670259 0.474655 -0.642788 -0.167949
0 0.671050 0.475851 -0.640736 -0.165899
0 0.668386 0.472299 -0.665489 -0.151242
0 0.441224 0.479599 -0.268279 -0.123450
0 0.668689 0.472607 -0.663250 -0.151843
0 0.440755 0.479316 -0.268049 -0.122226
0 0.667901 0.473622 -0.662257 -0.151283
0 0.677315 0.470618 -0.641553 -0.186661
0 0.444816 0.481258 -0.263355 -0.120196
0 0.441776 0.455306 -0.259407 -0.274284
0 0.441380 0.455951 -0.261106 -0.265349
0 0.452418 0.481325 -0.295902 -0.118811
0 0.452656 0.481939 -0.293750 -0.119840
0 0.443875 0.457751 -0.256127 -0.256851
0 0.454881 0.482929 -0.287395 -0.117768
0 0.670525 0.423502 -0.647195 -0.212984
0 0.442759 0.448999 -0.292454 -0.305889
0 0.431664 0.451838 -0.292015 -0.295802
0 0.442224 0.449814 -0.291629 -0.302968
0 0.432034 0.451867 -0.291807 -0.295633
0 0.671228 0.420375 -0.646350 -0.215065
0 0.426572 0.437579 -0.304041 -0.343659
0 0.427269 0.437007 -0.303035 -0.342351
0 0.879138 0.738599 -1.557505 -0.702153
0 0.877741 0.742896 -1.562905 -0.707558
0 0.877404 0.743898 -1.563125 -0.708971
0 0.879162 0.740055 -1.560062 -0.688577
0 0.420561 0.437783 -0.317322 -0.341728
0 0.423612 0.451538 -0.309918 -0.295388
0 0.876174 0.732035 -1.566732 -0.698189
0 0.658683 0.417633 -0.651922 -0.222129
0 0.445920 0.452770 -0.279624 -0.290138
