0 0.587319 0.937617 -0.971468 -1.219901
0 0.586652 0.937578 -0.972996 -1.220556
0 0.653907 0.940075 -1.096199 -1.197701
0 0.228287 0.831121 -0.282137 -0.792224
0 0.587340 0.936051 -0.971132 -1.223474
0 0.654364 0.938512 -1.096365 -1.201305
0 0.228850 0.832710 -0.281641 -0.790796
0 0.653521 0.940628 -1.097286 -1.197349
0 0.228296 0.832283 -0.282030 -0.791990
0 0.373643 0.933344 -0.569921 -0.956910
0 0.653849 0.940220 -1.096029 -1.198238
0 0.565200 0.767601 -0.650808 -0.939708
0 0.373320 0.938398 -0.571179 -0.949109
0 0.654583 0.938755 -1.096635 -1.201107
0 0.229087 0.834502 -0.279890 -0.797025
0 0.566610 0.762807 -0.645936 -0.947123
0 0.587127 0.935277 -0.968168 -1.224404
0 0.565899 0.768268 -0.649911 -0.939518
0 0.373238 0.934792 -0.569801 -0.950209
0 0.566489 0.763693 -0.646491 -0.947262
0 0.565333 0.768020 -0.648350 -0.938772
0 0.567051 0.763104 -0.645977 -0.947727
0 0.655112 0.936826 -1.095145 -1.203366
0 0.651474 0.941639 -1.100201 -1.195710
0 0.229205 0.835359 -0.279511 -0.795507
0 0.587633 0.936333 -0.967809 -1.222113
0 0.654971 0.936213 -1.095381 -1.204581
0 0.587191 0.933765 -0.971461 -1.229762
0 0.651405 0.943064 -1.100260 -1.192599
0 0.316685 0.967611 -0.441130 -0.984804
0 0.651272 0.942725 -1.101148 -1.193531
0 0.587477 0.933189 -0.971125 -1.230977
0 0.587749 0.934916 -0.970511 -1.228793
0 0.564257 0.765838 -0.652490 -0.948374
0 0.588065 0.934260 -0.970187 -1.229785
0 0.563421 0.764397 -0.654552 -0.949425
0 0.229360 0.838822 -0.281778 -0.786576
0 0.229271 0.834541 -0.281350 -0.793506
0 0.315139 0.971851 -0.442841 -0.985561
0 0.316812 0.969277 -0.440614 -0.981815
0 0.374178 0.934542 -0.568008 -0.952042
0 0.229240 0.836841 -0.281451 -0.790766
0 0.563296 0.765788 -0.649246 -0.946408
0 0.313507 0.964467 -0.448140 -0.995209
0 0.562689 0.765472 -0.650640 -0.946447
0 0.229766 0.836166 -0.278345 -0.794154
0 0.313955 0.970667 -0.448050 -0.986767
0 0.587739 0.938075 -0.971069 -1.223953
0 0.230724 0.834247 -0.277654 -0.797224
0 0.315996 0.972109 -0.440351 -0.985890
0 0.373028 0.942660 -0.570139 -0.946939
0 0.587689 0.938561 -0.970945 -1.223197
0 0.373556 0.948688 -0.569613 -0.933985
0 0.373363 0.934765 -0.570199 -0.956016
0 0.587056 0.938486 -0.972413 -1.223311
0 0.499678 0.716763 -0.761177 -0.798747
0 0.500390 0.716383 -0.760366 -0.799362
0 0.375065 0.939036 -0.566782 -0.953822
0 0.499691 0.716781 -0.761412 -0.798484
0 0.500292 0.705939 -0.760277 -0.803610
0 0.501401 0.706387 -0.758017 -0.802684
0 0.374818 0.941253 -0.567393 -0.949911
0 0.229195 0.833390 -0.280024 -0.794504
0 0.314270 0.954949 -0.444957 -0.996461
0 0.315040 0.955211 -0.443994 -0.994181
0 0.500876 0.709180 -0.759982 -0.803544
0 0.500727 0.708870 -0.760288 -0.804087
0 0.500840 0.709871 -0.760245 -0.802479
0 0.375961 0.937532 -0.566564 -0.952158
0 0.318765 0.974630 -0.437748 -0.979686
0 0.376505 0.937791 -0.565283 -0.951869
0 0.312283 0.964688 -0.452921 -0.997100
0 0.312984 0.969361 -0.451269 -0.991319
0 0.589875 0.936378 -0.970248 -1.228197
0 0.588561 0.936628 -0.973150 -1.226947
0 0.230194 0.834024 -0.278590 -0.792830
0 0.588480 0.935332 -0.973384 -1.229812
0 0.317944 0.973378 -0.438275 -0.982710
0 0.658558 0.939024 -1.091613 -1.203489
0 0.228605 0.829538 -0.285526 -0.791967
0 0.658841 0.938855 -1.090863 -1.204243
0 0.230123 0.830918 -0.281856 -0.790101
0 0.228692 0.828098 -0.285205 -0.794602
0 0.511678 0.736163 -0.742800 -0.815330
0 0.314071 0.950173 -0.445223 -1.000534
0 0.507978 0.722491 -0.747027 -0.819067
0 0.565165 0.768806 -0.643983 -0.951375
0 0.565018 0.768607 -0.643466 -0.951488
0 0.371852 0.938891 -0.575615 -0.954318
0 0.313131 0.962105 -0.448792 -1.002536
0 0.372958 0.942552 -0.572971 -0.949279
0 0.565371 0.768825 -0.643068 -0.951586
0 0.587345 0.934796 -0.969712 -1.254990
0 0.372525 0.937283 -0.570606 -0.951247
0 0.587074 0.933716 -0.969695 -1.256833
0 0.565814 0.762650 -0.647788 -0.946198
0 0.660310 0.940984 -1.089889 -1.197659
0 0.659961 0.939393 -1.090744 -1.202389
0 0.660946 0.940300 -1.088013 -1.200533
0 0.314851 0.951383 -0.447759 -0.992216
0 0.586051 0.937823 -0.967016 -1.221824
0 0.563926 0.762512 -0.652527 -0.957657
0 0.585816 0.935624 -0.967276 -1.227732
0 0.500472 0.694290 -0.757695 -0.811472
0 0.565491 0.763082 -0.648315 -0.940697
0 0.586337 0.936993 -0.966364 -1.224618
0 0.315596 0.949954 -0.446146 -0.993053
0 0.563444 0.763007 -0.653479 -0.956180
0 0.560996 0.763035 -0.657168 -0.950035
0 0.371853 0.934945 -0.575439 -0.964204
0 0.501394 0.694174 -0.756620 -0.811237
0 0.559918 0.764319 -0.654699 -0.949418
0 0.509208 0.730185 -0.755478 -0.793475
0 0.522850 0.732762 -0.726678 -0.805287
0 0.512452 0.729934 -0.749400 -0.794090
0 0.524542 0.740351 -0.723828 -0.802018
0 0.312146 0.962491 -0.453072 -1.005115
0 0.314785 0.944496 -0.447928 -1.000711
0 0.509653 0.731056 -0.754978 -0.792031
0 0.653301 0.935433 -1.098523 -1.198125
0 0.653364 0.935658 -1.098771 -1.196859
0 0.654307 0.934740 -1.101242 -1.196952
