0 0.693747 1.060846 -0.953946 -0.381498
0 0.694397 1.060531 -0.952251 -0.383888
0 0.693773 1.059392 -0.953948 -0.386000
0 0.443843 1.161214 -0.050158 0.218976
0 0.443826 1.159612 -0.048185 0.215658
0 0.693876 1.057730 -0.952973 -0.388843
0 0.694563 1.059144 -0.951963 -0.384969
0 0.693865 1.057258 -0.954028 -0.389365
0 0.692810 1.062263 -0.956830 -0.394279
0 0.693127 1.061303 -0.956020 -0.396111
0 0.691746 1.060371 -0.958208 -0.397633
0 0.690512 1.055866 -0.954704 -0.400165
0 0.449160 1.144653 -0.047913 0.225383
0 0.450841 1.144356 -0.046087 0.223513
0 0.435177 1.157913 -0.036432 0.212792
0 0.434542 1.158757 -0.039143 0.214670
0 0.653726 1.206938 -0.378141 0.580690
0 0.654338 1.219888 -0.376754 0.605543
0 0.659966 1.215996 -0.363766 0.517655
0 0.659624 1.227771 -0.365417 0.538995
0 0.650098 1.207589 -0.353518 0.496477
0 0.689570 1.036381 -0.960545 -0.411640
0 0.648549 1.212310 -0.357853 0.502615
0 0.652794 1.219514 -0.364448 0.604112
0 0.652173 1.222507 -0.365379 0.610657
0 0.687701 1.049991 -0.964343 -0.446008
0 0.691930 1.050621 -0.933686 -0.401773
0 0.671649 1.188640 -0.354049 0.324903
0 0.670998 1.187715 -0.352882 0.320935
0 0.661588 1.192864 -0.322644 0.342359
0 0.660123 1.194078 -0.329165 0.343104
0 0.693451 1.061148 -0.966218 -0.391326
0 0.455615 1.166101 -0.067719 0.225350
0 0.458956 1.165830 -0.062455 0.221743
