0 0.746134 0.721106 -0.489605 -0.062723
0 0.748435 0.720280 -0.486310 -0.063746
0 0.735961 0.722397 -0.529251 -0.082850
0 0.746304 0.716288 -0.489456 -0.072765
0 0.735047 0.722316 -0.529772 -0.082653
0 0.736006 0.719264 -0.529937 -0.089327
0 0.737218 0.730764 -0.574439 -0.085196
0 0.739492 0.729974 -0.568300 -0.086409
0 0.736057 0.725800 -0.577636 -0.094409
0 0.753046 0.727408 -0.529895 -0.069265
0 0.754251 0.726265 -0.526588 -0.071560
0 0.751899 0.723883 -0.533228 -0.077534
0 0.741006 0.712817 -0.512329 -0.089436
0 0.745928 0.724623 -0.497523 -0.101388
0 0.589060 0.703029 -0.428933 0.020669
0 0.765800 0.704442 -0.365717 -0.055538
0 0.767740 0.702896 -0.362154 -0.057555
0 0.589352 0.704073 -0.430261 0.023943
0 0.723797 0.708324 -0.498364 -0.092630
0 0.761961 0.703485 -0.373815 -0.055408
0 0.578938 0.707329 -0.461555 -0.004730
0 0.727064 0.719958 -0.494974 -0.101664
0 0.743732 0.701004 -0.516562 -0.072497
0 0.585468 0.708523 -0.457009 -0.001834
0 0.729907 0.725422 -0.609973 -0.105479
