0 0.109528 1.056134 0.071118 -1.359968
0 0.109292 1.056032 0.070021 -1.359981
0 0.109316 1.054228 0.070604 -1.364103
0 0.112766 1.052577 0.075505 -1.363998
0 0.112069 1.052137 0.075603 -1.363971
0 0.111137 1.055332 0.073302 -1.357047
0 0.110346 1.055939 0.073369 -1.355797
0 0.110756 1.056098 0.072510 -1.358725
0 0.110232 1.057184 0.071652 -1.357508
0 0.110204 1.055899 0.071447 -1.359972
0 0.231107 0.879660 -0.142760 -1.433998
0 0.230092 0.880457 -0.145140 -1.430419
0 0.231040 0.879222 -0.143095 -1.434790
0 0.231094 0.878914 -0.142975 -1.434890
0 0.112181 1.052575 0.073443 -1.367762
0 0.229517 0.880703 -0.146428 -1.429848
0 0.229637 0.881009 -0.146207 -1.430334
0 0.112440 1.053885 0.073687 -1.363860
0 0.230332 0.881568 -0.143299 -1.429103
0 0.235848 0.878343 -0.138227 -1.433226
0 0.232714 0.875946 -0.141624 -1.435641
0 0.229973 0.877560 -0.140394 -1.438179
0 0.582772 1.324915 -0.169106 0.170301
0 0.582695 1.326969 -0.168219 0.174199
0 0.232561 0.882781 -0.133211 -1.439651
0 0.230851 0.884881 -0.141876 -1.423411
0 0.233076 0.881871 -0.140494 -1.426928
0 0.109935 1.058628 0.070480 -1.358194
0 0.110596 1.058264 0.071395 -1.358090
0 0.110378 1.058233 0.071014 -1.359561
0 0.161341 0.880352 -0.070535 -1.350323
0 0.234593 0.921857 -0.130085 -1.397432
0 0.596495 1.318546 -0.087853 0.174274
0 0.595237 1.315872 -0.091036 0.168130
0 0.161105 0.882536 -0.070545 -1.348413
0 0.163875 0.884664 -0.048478 -1.339962
0 0.070997 0.893121 0.049394 -1.332753
0 0.164224 0.887388 -0.048618 -1.337049
