0 0.612600 0.694372 -0.646606 0.407771
0 0.612980 0.692800 -0.646906 0.405670
0 0.612660 0.687037 -0.646652 0.393159
0 0.607201 0.702427 -0.653739 0.398483
0 0.607344 0.705102 -0.655503 0.405236
0 0.606318 0.693162 -0.654783 0.383344
0 0.759460 1.067178 -0.554855 -0.245952
0 0.760274 1.066578 -0.550295 -0.249858
0 0.613906 0.683943 -0.645874 0.387658
0 0.614160 0.688528 -0.645365 0.400915
0 0.614512 0.686583 -0.644828 0.397046
0 0.768945 1.064806 -0.511758 -0.240170
0 0.771274 1.091755 -0.506913 -0.242469
0 0.771198 1.090750 -0.505657 -0.245541
0 0.763581 1.087538 -0.537269 -0.252452
0 0.762880 1.087403 -0.542733 -0.254402
0 0.768707 1.065867 -0.510577 -0.236126
0 0.693953 0.970269 0.464550 -0.228095
0 0.687602 0.973116 0.450289 -0.219050
0 0.760059 1.040251 -0.554072 -0.279175
