0 0.591199 0.840503 -0.848788 -0.911560
0 0.591158 0.841478 -0.849111 -0.912479
0 0.591338 0.841482 -0.849564 -0.911828
0 0.405774 0.832115 -0.496902 -0.948200
0 0.405082 0.831800 -0.498528 -0.949738
0 0.637317 0.819642 -0.781313 -1.150160
0 0.404954 0.831120 -0.498515 -0.948334
0 0.635628 0.826192 -0.784329 -1.137044
0 0.637137 0.820577 -0.781601 -1.147788
0 0.635184 0.827348 -0.785402 -1.135428
0 0.631445 0.824967 -0.786783 -1.145049
0 0.631465 0.824079 -0.786662 -1.146241
0 0.635811 0.825654 -0.782867 -1.137073
0 0.404189 0.829647 -0.503005 -0.943894
0 0.456160 0.814032 -0.410155 -1.148184
0 0.404520 0.830363 -0.503296 -0.941996
0 0.456075 0.815002 -0.411030 -1.146876
0 0.444034 0.816199 -0.428876 -1.142640
0 0.443740 0.815925 -0.429440 -1.143908
0 0.590799 0.842141 -0.851895 -0.908059
0 0.448471 0.813036 -0.418868 -1.153831
0 0.448838 0.814064 -0.418106 -1.152405
0 0.590941 0.843112 -0.850700 -0.905879
0 0.631974 0.824360 -0.786800 -1.146266
0 0.592655 0.839625 -0.846411 -0.918879
0 0.591940 0.839805 -0.847422 -0.917742
0 0.597851 0.847196 -0.839461 -0.911774
0 0.592361 0.839167 -0.847022 -0.917372
0 0.597500 0.847464 -0.840622 -0.909017
0 0.419691 0.838365 -0.473107 -0.973170
0 0.443166 0.816120 -0.430281 -1.142240
0 0.601801 0.851506 -0.832115 -0.925011
0 0.601596 0.852392 -0.833053 -0.921308
0 0.419021 0.839172 -0.475196 -0.968632
0 0.414229 0.834462 -0.483733 -0.945785
0 0.414893 0.835178 -0.482140 -0.941708
0 0.447396 0.813226 -0.419300 -1.151923
0 0.640878 0.820667 -0.780604 -1.154840
0 0.640951 0.821608 -0.780453 -1.152689
0 0.640193 0.820458 -0.779360 -1.146306
0 0.640647 0.820648 -0.779217 -1.146467
0 0.423232 0.839692 -0.457332 -0.964649
0 0.591941 0.840477 -0.849166 -0.907577
0 0.592486 0.841741 -0.847934 -0.905578
0 0.424103 0.838374 -0.455922 -0.966591
0 0.462043 0.811150 -0.404176 -1.151345
0 0.592235 0.835614 -0.848586 -0.915835
0 0.456453 0.814226 -0.409818 -1.157948
0 0.456614 0.814158 -0.410381 -1.157319
0 0.404951 0.832975 -0.493667 -0.945816
0 0.405048 0.833353 -0.493467 -0.944462
0 0.462004 0.811502 -0.403945 -1.150910
0 0.406669 0.828204 -0.505912 -0.959457
0 0.404732 0.833189 -0.494091 -0.944935
0 0.419100 0.841065 -0.465606 -0.961710
0 0.406907 0.828618 -0.505573 -0.957993
0 0.406494 0.828374 -0.506301 -0.957690
0 0.629740 0.818735 -0.797024 -1.151569
0 0.607427 0.854508 -0.815112 -0.927528
0 0.439728 0.816602 -0.419880 -1.142748
0 0.439924 0.816199 -0.419815 -1.144293
0 0.404952 0.826743 -0.502682 -0.940398
0 0.631222 0.813715 -0.834442 -1.171203
0 0.404188 0.828026 -0.503926 -0.937690
0 0.404124 0.823701 -0.504349 -0.946394
0 0.610357 0.852089 -0.820253 -0.912549
0 0.446074 0.806670 -0.435131 -1.167841
0 0.445378 0.812867 -0.427823 -1.150590
0 0.600710 0.846569 -0.819966 -0.938574
0 0.432123 0.841941 -0.446833 -0.978426
0 0.597918 0.849493 -0.826357 -0.933686
