0 0.310858 0.939050 -0.084025 -0.857516
0 0.310240 0.938820 -0.085732 -0.858194
0 0.310509 0.940831 -0.085734 -0.855609
0 0.314899 0.939003 -0.073757 -0.855908
0 0.314857 0.938271 -0.074450 -0.857133
0 0.313958 0.940697 -0.077112 -0.854098
0 0.722217 1.225877 -0.783010 0.625763
0 0.722186 1.218389 -0.779320 0.612880
0 0.313986 0.941284 -0.086547 -0.840072
0 0.734368 1.252353 -0.706029 0.662471
0 0.737117 1.249423 -0.703539 0.651776
0 0.308754 0.944106 -0.101282 -0.851276
0 0.313681 0.939926 -0.078300 -0.849341
0 0.310522 0.942955 -0.086080 -0.870976
0 0.715168 1.215724 -0.831036 0.570150
0 0.138327 0.933817 0.090013 -0.625666
0 0.715795 1.220924 -0.831786 0.581545
0 0.138337 0.933396 0.089855 -0.625134
0 0.314919 0.940441 -0.058479 -0.865559
0 0.313899 0.940554 -0.060332 -0.866511
0 0.310934 0.942888 -0.099939 -0.862920
0 0.312593 0.941818 -0.062290 -0.864969
0 0.310670 0.944625 -0.100244 -0.861634
0 0.310474 0.946878 -0.101136 -0.860234
0 0.533523 0.933901 -0.404391 -0.900622
0 0.533985 0.932850 -0.403404 -0.900872
0 0.535095 0.933367 -0.399958 -0.897107
0 0.696626 1.227202 -0.928467 0.659118
0 0.696879 1.234878 -0.921962 0.669171
0 0.136081 0.907340 0.086422 -0.771282
0 0.136531 0.908240 0.087232 -0.768743
