0 0.265735 0.656148 -0.413485 -0.760081
0 0.265675 0.656783 -0.413405 -0.759023
0 0.149663 0.988380 -0.004887 -0.528125
0 0.149301 0.988939 -0.005255 -0.528816
0 0.265835 0.655774 -0.413163 -0.761115
0 0.266111 0.658190 -0.413057 -0.759574
0 0.266701 0.657252 -0.411254 -0.761017
0 0.266774 0.657221 -0.411551 -0.760809
0 0.265544 0.656463 -0.413600 -0.758391
0 0.265541 0.656567 -0.413476 -0.758099
0 0.266914 0.656364 -0.410799 -0.762833
0 0.150390 0.994765 -0.005093 -0.528800
0 0.265708 0.656366 -0.413471 -0.758534
0 0.150148 0.994006 -0.005547 -0.530847
0 0.149559 0.989865 -0.006668 -0.535437
0 0.375241 0.722723 -0.581191 -0.716962
0 0.374976 0.722997 -0.581807 -0.716684
0 0.375252 0.723308 -0.580963 -0.716332
0 0.188718 0.946664 -0.122045 -0.534834
0 0.187767 0.946228 -0.123641 -0.535413
0 0.191755 0.930265 -0.106432 -0.538444
0 0.191638 0.929246 -0.106359 -0.542337
0 0.374470 0.729584 -0.590727 -0.702148
0 0.370229 0.726514 -0.575597 -0.681296
0 0.372383 0.726660 -0.581464 -0.691756
0 0.366984 0.724600 -0.577829 -0.688378
0 0.147533 0.993823 -0.002917 -0.520443
0 0.367027 0.725116 -0.577975 -0.686837
0 0.147097 0.996032 -0.004269 -0.517817
0 0.367980 0.725478 -0.576123 -0.686774
0 0.064189 0.648005 -0.016539 -0.751920
0 0.064232 0.646949 -0.016581 -0.754158
0 0.064020 0.647289 -0.016910 -0.753124
0 0.374223 0.722942 -0.596959 -0.728287
0 0.374002 0.723064 -0.597155 -0.728771
0 0.063084 0.649252 -0.018101 -0.749953
0 0.373938 0.723158 -0.597116 -0.727521
0 0.063236 0.648829 -0.017712 -0.751121
0 0.063210 0.648493 -0.017867 -0.751791
0 0.186097 0.896913 -0.146232 -0.621038
0 0.192819 0.909555 -0.116552 -0.556824
0 0.192837 0.908174 -0.116449 -0.560310
0 0.187766 0.895738 -0.120994 -0.589058
0 0.184860 0.912079 -0.139840 -0.594032
0 0.152187 0.991285 -0.004312 -0.525410
0 0.268149 0.656778 -0.406771 -0.755514
0 0.189308 0.911375 -0.127482 -0.576487
0 0.189739 0.911870 -0.126966 -0.574528
0 0.186653 0.898497 -0.145601 -0.618716
0 0.063215 0.648291 -0.018026 -0.757510
0 0.267801 0.653720 -0.409908 -0.763214
0 0.263986 0.659579 -0.413780 -0.764584
0 0.187669 0.896902 -0.121931 -0.580648
0 0.064657 0.647365 -0.015617 -0.741689
0 0.268925 0.654950 -0.405865 -0.760477
0 0.184984 0.907358 -0.139851 -0.604498
0 0.269134 0.657441 -0.410697 -0.757402
0 0.375117 0.728615 -0.575746 -0.688378
0 0.153026 0.985566 -0.000694 -0.567300
0 0.377791 0.732116 -0.583003 -0.697221
0 0.188292 0.894399 -0.128549 -0.589447
0 0.188736 0.874779 -0.109040 -0.564246
0 0.265822 0.650925 -0.413003 -0.757233
0 0.189929 0.873820 -0.107333 -0.558917
0 0.265800 0.663771 -0.406350 -0.753192
0 0.063535 0.654323 -0.016117 -0.756520
0 0.188653 0.894972 -0.128948 -0.586815
0 0.062872 0.652979 -0.017435 -0.759457
0 0.069697 0.647369 -0.005544 -0.745596
0 0.373143 0.728734 -0.570619 -0.675902
0 0.062754 0.653009 -0.017473 -0.759960
0 0.070158 0.651328 -0.005846 -0.741536
0 0.065179 0.639110 -0.013751 -0.753386
0 0.066037 0.638982 -0.012294 -0.751800
