0 0.496595 0.663586 -0.354465 -0.009618
0 0.496194 0.661673 -0.355482 -0.010826
0 0.507560 0.581373 -0.581963 -0.459268
0 0.507873 0.581700 -0.581632 -0.460155
0 0.495751 0.661236 -0.356136 -0.012949
0 0.507181 0.581654 -0.583523 -0.458879
0 0.501901 0.651783 -0.353581 -0.024561
0 0.501898 0.651322 -0.353898 -0.025182
0 0.501004 0.651321 -0.357503 -0.024061
0 0.507054 0.571353 -0.586881 -0.491845
0 0.507196 0.572161 -0.586031 -0.490821
0 0.509841 0.574048 -0.578353 -0.475314
0 0.507281 0.571754 -0.586100 -0.491855
0 0.509823 0.575362 -0.578393 -0.473984
0 0.509756 0.579382 -0.575669 -0.459632
0 0.500875 0.653375 -0.354946 -0.029309
0 0.509736 0.577964 -0.575618 -0.463807
0 0.509517 0.574494 -0.578055 -0.475518
0 0.509563 0.578957 -0.575638 -0.459961
0 0.489036 0.656240 -0.369509 -0.018880
0 0.509901 0.575333 -0.580958 -0.471312
0 0.509860 0.574986 -0.581602 -0.474312
0 0.508662 0.575523 -0.583086 -0.471358
0 0.506637 0.581335 -0.586589 -0.470248
0 0.507401 0.580515 -0.585281 -0.472157
0 0.496626 0.657072 -0.362949 -0.008172
0 0.507225 0.579882 -0.586498 -0.473490
0 0.498148 0.656015 -0.359495 -0.007863
0 0.497401 0.656203 -0.361205 -0.007694
0 0.507285 0.584098 -0.577079 -0.459006
0 0.507242 0.583766 -0.576881 -0.458450
0 0.507519 0.584104 -0.576374 -0.458003
0 0.499881 0.673162 -0.362700 -0.008928
0 0.510099 0.575968 -0.573044 -0.456649
0 0.509943 0.575876 -0.572552 -0.456892
0 0.509711 0.578210 -0.574181 -0.452613
0 0.488160 0.654318 -0.354752 -0.018140
0 0.487893 0.655486 -0.356578 -0.013728
0 0.487700 0.655082 -0.356289 -0.015118
0 0.512163 0.576245 -0.581429 -0.475289
0 0.511320 0.577149 -0.582543 -0.475533
0 0.509270 0.577643 -0.587353 -0.475405
0 0.492833 0.666958 -0.349921 -0.019670
