0 0.496063 0.802358 -0.101542 -0.383764
0 0.494863 0.800210 -0.103519 -0.387568
0 0.495265 0.802724 -0.101795 -0.384119
0 0.493498 0.792169 -0.132399 -0.417744
0 0.500578 0.740113 -0.132028 -0.593923
0 0.493083 0.792178 -0.132249 -0.418295
0 0.496501 0.798093 -0.102304 -0.359454
0 0.498471 0.796796 -0.099237 -0.361609
0 0.491346 0.791999 -0.133169 -0.422006
0 0.497428 0.743882 -0.139052 -0.587049
0 0.496088 0.799708 -0.102088 -0.355728
0 0.485314 0.739185 -0.183877 -0.621191
0 0.489172 0.741033 -0.184724 -0.649574
0 0.486402 0.736660 -0.182752 -0.626509
0 0.487949 0.743558 -0.186109 -0.645267
0 0.497216 0.748036 -0.135459 -0.626981
0 0.495186 0.793338 -0.107946 -0.477782
0 0.494415 0.751643 -0.141752 -0.620555
0 0.494769 0.794009 -0.108938 -0.476986
0 0.494740 0.794884 -0.109417 -0.475859
