0 0.706154 0.542286 -0.590451 0.085382
0 0.706652 0.533076 -0.584452 0.079983
0 0.705664 0.542495 -0.590893 0.085470
0 0.705483 0.533137 -0.587321 0.079169
0 0.707112 0.542686 -0.587902 0.085441
0 0.707093 0.534174 -0.583988 0.081871
0 0.269614 0.509239 -0.223481 -0.278062
0 0.269363 0.508719 -0.223482 -0.278716
0 0.267420 0.505554 -0.225128 -0.282763
0 0.266999 0.506178 -0.224034 -0.280800
0 0.441820 0.436828 -0.287203 -0.038055
0 0.441820 0.440113 -0.287375 -0.034977
0 0.442934 0.437926 -0.287064 -0.037117
0 0.266189 0.505996 -0.224220 -0.279963
0 0.266412 0.504067 -0.223723 -0.283287
0 0.265545 0.505853 -0.225557 -0.279876
0 0.709559 0.551462 -0.580369 0.084946
0 0.708291 0.557157 -0.582184 0.079868
0 0.445853 0.433930 -0.285634 -0.032928
0 0.444543 0.429710 -0.277227 -0.045133
0 0.443414 0.429984 -0.281079 -0.045264
0 0.446025 0.437879 -0.284743 -0.036707
0 0.709586 0.541674 -0.584341 0.093224
0 0.443207 0.430681 -0.280269 -0.044434
0 0.711311 0.542137 -0.581698 0.095002
0 0.712023 0.540752 -0.580545 0.092099
0 0.253230 0.496892 -0.234997 -0.287048
0 0.419585 0.524419 -0.293545 -0.326891
0 0.420322 0.524110 -0.292788 -0.328582
0 0.420589 0.524897 -0.290662 -0.327016
0 0.252978 0.496768 -0.235763 -0.287659
0 0.252630 0.496718 -0.236575 -0.288881
0 0.423352 0.520764 -0.286953 -0.323559
0 0.424088 0.520248 -0.283648 -0.324775
0 0.423050 0.521551 -0.288002 -0.322249
0 0.274439 0.511568 -0.220710 -0.279116
0 0.274225 0.511741 -0.221355 -0.279717
0 0.274593 0.511770 -0.219855 -0.279472
0 0.440588 0.417728 -0.294858 -0.053966
0 0.441010 0.418455 -0.293072 -0.051580
0 0.440832 0.418954 -0.295096 -0.051699
0 0.415242 0.528659 -0.301184 -0.320828
0 0.419259 0.526979 -0.301487 -0.325449
0 0.415109 0.531049 -0.301142 -0.317309
0 0.420081 0.526749 -0.298581 -0.326236
0 0.419938 0.527478 -0.299413 -0.324759
0 0.431588 0.919336 -0.029051 -0.343802
0 0.272275 0.501777 -0.224001 -0.285706
0 0.428715 0.932656 -0.030086 -0.327293
0 0.272705 0.500959 -0.222891 -0.286732
0 0.428228 0.935003 -0.028307 -0.323629
0 0.432400 0.919604 -0.026539 -0.345085
0 0.272141 0.500441 -0.224439 -0.289582
0 0.431932 0.917263 -0.027806 -0.355890
0 0.448232 0.444219 -0.284104 -0.055643
0 0.428166 0.926145 -0.027315 -0.341236
0 0.418405 0.519370 -0.301539 -0.325672
0 0.706073 0.546115 -0.581156 0.082634
0 0.417868 0.521107 -0.302755 -0.321503
0 0.703303 0.556792 -0.585500 0.080630
0 0.447953 0.434835 -0.285031 -0.065783
0 0.420864 0.520114 -0.308443 -0.322839
0 0.420659 0.521856 -0.310468 -0.320862
0 0.263064 0.509554 -0.224275 -0.275601
0 0.421267 0.519681 -0.307409 -0.324993
0 0.262865 0.509768 -0.224047 -0.274798
0 0.418769 0.526543 -0.314563 -0.320132
0 0.419507 0.524088 -0.314479 -0.323595
0 0.417307 0.518748 -0.318690 -0.325681
0 0.418176 0.515698 -0.317923 -0.331874
0 0.555706 0.215751 -0.675471 0.043086
0 0.444253 0.401931 -0.288103 -0.062470
0 0.443913 0.397236 -0.289239 -0.066183
0 0.555986 0.217833 -0.674919 0.047217
0 0.547343 0.214977 -0.679732 0.037129
0 0.234237 0.486199 -0.244623 -0.295396
