0 0.223504 1.022907 0.126692 -0.614271
0 0.223083 1.021844 0.126354 -0.614598
0 0.223103 1.022172 0.127217 -0.614326
0 0.419201 1.009767 -0.273403 -0.662331
0 0.441530 0.849974 -0.473574 -0.600395
0 0.454846 1.028317 -0.254884 -0.601271
0 0.459753 1.033040 -0.223637 -0.601063
0 0.442675 0.846755 -0.471338 -0.604941
0 0.467497 1.033638 -0.013537 -0.568753
0 0.454967 1.023259 -0.254424 -0.612211
0 0.467172 1.031088 -0.013475 -0.574159
0 0.460778 1.033863 -0.225737 -0.600959
0 0.467771 1.032909 -0.013233 -0.572119
0 0.459093 1.031294 -0.229734 -0.606068
0 0.456975 1.025037 -0.251765 -0.604063
0 0.218685 1.036305 0.128267 -0.614526
0 0.470563 1.003516 -0.007678 -0.564872
0 0.471303 1.006946 -0.006935 -0.556224
0 0.219118 1.036104 0.129334 -0.615688
0 0.470257 1.007522 -0.008865 -0.558500
0 0.218141 1.036330 0.125874 -0.615081
0 0.226167 1.000120 0.121182 -0.602958
0 0.226317 1.002957 0.120522 -0.597458
0 0.226581 1.001562 0.121682 -0.600778
0 0.445928 0.847972 -0.460089 -0.600920
0 0.223300 1.023000 0.111922 -0.600989
0 0.225681 1.006525 0.124445 -0.593124
0 0.222267 1.024629 0.109370 -0.599059
0 0.211794 1.025518 0.120985 -0.603567
0 0.222793 1.023326 0.111146 -0.602382
0 0.210039 1.026946 0.117610 -0.602882
0 0.211301 1.025503 0.119671 -0.604417
0 0.214649 1.000740 0.113181 -0.616469
0 0.436415 1.031122 -0.261146 -0.640968
0 0.439369 1.031903 -0.256624 -0.640324
0 0.464381 1.022484 0.003813 -0.582848
0 0.442888 0.840895 -0.483272 -0.608525
0 0.466318 1.019660 0.007162 -0.587779
0 0.464153 1.020916 0.003467 -0.586115
0 0.436417 1.032008 -0.263010 -0.640080
0 0.442428 0.842005 -0.485689 -0.605606
0 0.415208 1.031664 -0.278842 -0.657006
0 0.215341 1.021162 0.121403 -0.623130
0 0.230515 0.978225 0.131833 -0.601995
0 0.221811 1.019457 0.112416 -0.613573
0 0.457297 1.021647 -0.255292 -0.663084
0 0.455956 1.021625 -0.257636 -0.663095
0 0.458445 1.022454 -0.255158 -0.658952
0 0.452520 1.040637 -0.024048 -0.527753
0 0.281498 0.885409 -0.137772 -0.561035
0 0.475654 1.029156 -0.223652 -0.478052
0 0.280531 0.885830 -0.139286 -0.559364
0 0.433560 1.014892 -0.246810 -0.611308
0 0.476830 1.035012 -0.220595 -0.478290
0 0.447686 1.022335 -0.021202 -0.504897
0 0.475852 1.033199 -0.222522 -0.482650
0 0.439409 0.848545 -0.487214 -0.599462
0 0.450899 0.886533 -0.413904 -0.562981
0 0.452485 0.876778 -0.408543 -0.574194
0 0.445174 0.859115 -0.453047 -0.578287
0 0.443934 0.855092 -0.469995 -0.582262
0 0.210923 0.954221 0.111550 -0.654965
0 0.436342 0.859008 -0.494034 -0.596124
0 0.485593 1.008158 -0.180989 -0.677508
0 0.438401 0.839624 -0.492166 -0.612525
