0 0.395340 0.609453 -0.477057 -0.712877
0 0.396626 0.611348 -0.473977 -0.705427
0 0.395161 0.610506 -0.477230 -0.710571
0 0.394913 0.608929 -0.477692 -0.713543
0 0.396590 0.611993 -0.473985 -0.705141
0 0.396347 0.611709 -0.474495 -0.705441
0 0.397896 0.612220 -0.470625 -0.703704
0 0.397525 0.611909 -0.471194 -0.704815
0 0.396643 0.612730 -0.472465 -0.706685
0 0.396371 0.612975 -0.472624 -0.707564
0 0.461380 0.594174 -0.626219 -0.679635
0 0.461523 0.593417 -0.625807 -0.680032
0 0.397122 0.610247 -0.472185 -0.703231
0 0.397226 0.610554 -0.471706 -0.703318
0 0.451848 0.595313 -0.632789 -0.675077
0 0.397078 0.610938 -0.472295 -0.703965
0 0.397548 0.613550 -0.474266 -0.701516
0 0.452369 0.595958 -0.632463 -0.673828
0 0.452299 0.595031 -0.632439 -0.675156
0 0.397559 0.614266 -0.474778 -0.701638
0 0.463650 0.592257 -0.625673 -0.675744
0 0.463999 0.592627 -0.625642 -0.674637
0 0.396159 0.609369 -0.470136 -0.708715
0 0.395097 0.609547 -0.475683 -0.706203
0 0.458365 0.595373 -0.629551 -0.674946
0 0.457980 0.596384 -0.630549 -0.672240
0 0.457933 0.593953 -0.630708 -0.677154
0 0.464118 0.596261 -0.629305 -0.667283
0 0.397646 0.607837 -0.470534 -0.702596
0 0.464193 0.596004 -0.629419 -0.667681
0 0.397468 0.609438 -0.471292 -0.703331
0 0.386167 0.609065 -0.477898 -0.714755
0 0.397701 0.609510 -0.470996 -0.701274
0 0.398387 0.611086 -0.472180 -0.694467
0 0.398490 0.611550 -0.472756 -0.693555
0 0.464393 0.591802 -0.628568 -0.673504
0 0.464268 0.592615 -0.628992 -0.672218
0 0.464152 0.592492 -0.629264 -0.672433
0 0.447517 0.592308 -0.639957 -0.678118
0 0.456847 0.592098 -0.633633 -0.674869
