0 0.576778 0.635769 -0.799592 -0.680307
0 0.576879 0.636378 -0.799259 -0.678594
0 0.569790 0.634199 -0.802547 -0.680132
0 0.569724 0.632967 -0.803060 -0.682505
0 0.569746 0.634977 -0.803155 -0.678660
0 0.565089 0.633815 -0.809305 -0.684199
0 0.565581 0.634056 -0.807886 -0.684562
0 0.570960 0.638249 -0.798765 -0.682051
0 0.571509 0.638020 -0.797744 -0.682119
0 0.571461 0.638964 -0.798047 -0.680719
0 0.584023 0.633867 -0.793317 -0.680622
0 0.583997 0.634342 -0.792348 -0.679526
0 0.606330 0.635290 -0.770014 -0.679224
0 0.565191 0.626816 -0.808509 -0.688826
0 0.566622 0.627447 -0.805554 -0.687702
0 0.606161 0.634354 -0.770620 -0.680515
0 0.566674 0.626155 -0.805449 -0.690382
0 0.602388 0.638314 -0.783128 -0.674480
0 0.605531 0.634266 -0.770313 -0.680479
0 0.596876 0.634423 -0.782727 -0.679699
0 0.611151 0.642524 -0.767975 -0.676683
0 0.611331 0.642613 -0.768024 -0.678708
