0 0.505636 0.961088 -0.243213 -0.016562
0 0.505705 0.969058 -0.244023 -0.001295
0 0.505586 0.966836 -0.245252 -0.004150
0 0.505940 0.986722 -0.247122 0.082534
0 0.508207 0.986943 -0.244754 0.087445
0 0.514325 0.986287 -0.242875 0.134800
0 0.514252 0.986221 -0.243488 0.141971
0 0.520570 0.964115 -0.201959 -0.024449
0 0.506092 0.970256 -0.245317 0.042085
0 0.507987 0.968292 -0.241757 -0.003586
0 0.507322 0.965907 -0.244448 -0.004920
0 0.508154 0.963382 -0.240561 -0.013755
0 0.517699 0.943334 -0.216109 -0.036594
0 0.514084 0.970237 -0.242591 0.095074
