0 0.250682 0.539956 -0.200044 0.074800
0 0.250361 0.541001 -0.201257 0.075618
0 0.251568 0.559027 -0.200554 0.082544
0 0.251549 0.560813 -0.200281 0.088359
0 0.250651 0.579031 -0.200176 0.110204
0 0.249281 0.572197 -0.203259 0.098563
0 0.251850 0.543813 -0.190460 0.080165
0 0.251595 0.544148 -0.190318 0.080333
0 0.249718 0.583301 -0.199096 0.086155
0 0.249175 0.586187 -0.201841 0.088438
0 0.253644 0.538085 -0.202372 0.074136
0 0.929028 0.819528 0.617531 -0.392470
0 0.254200 0.536646 -0.201519 0.072633
0 0.251470 0.543319 -0.197669 0.087624
0 0.919227 0.835772 0.583465 -0.308349
