0 0.469339 0.434223 0.304020 -0.214753
0 0.470777 0.435052 0.306433 -0.214310
0 0.468250 0.434721 0.302902 -0.213634
0 0.465860 0.435512 0.304794 -0.213280
0 0.468058 0.435289 0.308903 -0.212782
0 0.466275 0.435638 0.306237 -0.212587
0 0.453926 0.419903 0.280817 -0.226085
0 0.451509 0.419342 0.275775 -0.224072
0 0.465651 0.426893 0.296692 -0.217499
0 0.467707 0.427612 0.302112 -0.215718
0 0.468912 0.426301 0.304599 -0.218158
0 0.646188 0.239951 -0.535098 0.131971
0 0.645287 0.242022 -0.549888 0.128017
0 0.646461 0.239998 -0.535569 0.132147
0 0.645976 0.242243 -0.549245 0.128957
0 0.650659 0.240234 -0.528955 0.132807
0 0.648598 0.242437 -0.540748 0.130160
0 0.465144 0.432967 0.298695 -0.211782
0 0.444341 0.397665 0.262811 -0.244908
0 0.443323 0.401006 0.260385 -0.239996
0 0.462219 0.435804 0.292173 -0.204974
0 0.649424 0.236896 -0.504083 0.117480
0 0.650117 0.237755 -0.503173 0.118264
0 0.649096 0.235245 -0.562127 0.114736
0 0.649450 0.235508 -0.562008 0.114020
0 0.643413 0.241078 -0.499265 0.136966
0 0.642192 0.240543 -0.501172 0.135263
0 0.644025 0.240659 -0.495447 0.135144
0 0.461335 0.411156 0.275558 -0.235214
0 0.459590 0.412365 0.273614 -0.230424
0 0.640861 0.242382 -0.460464 0.126738
0 0.642076 0.243456 -0.458101 0.125086
0 0.470778 0.441977 0.308173 -0.214034
0 0.457093 0.419983 0.304756 -0.229022
0 0.471814 0.444085 0.308792 -0.210167
0 0.472138 0.443234 0.307982 -0.211811
0 0.651282 0.239112 -0.577973 0.126942
