0 0.590843 0.481277 -0.935656 -0.701352
0 0.591263 0.479816 -0.937549 -0.703493
0 0.591051 0.481423 -0.936744 -0.702433
0 0.591994 0.480166 -0.934399 -0.703208
0 0.592045 0.480698 -0.934905 -0.702295
0 0.591487 0.480991 -0.934744 -0.701864
0 0.592097 0.480096 -0.935177 -0.703444
0 0.591071 0.480759 -0.935388 -0.702350
0 0.593055 0.477567 -0.932809 -0.707931
0 0.589905 0.484550 -0.939540 -0.695966
0 0.591300 0.478820 -0.931270 -0.706960
0 0.588679 0.477123 -0.941642 -0.709285
0 0.592593 0.480307 -0.935882 -0.702635
0 0.592879 0.479915 -0.935580 -0.703851
0 0.592598 0.479895 -0.935729 -0.702626
0 0.658102 0.382926 -1.175677 -0.669242
0 0.655898 0.385425 -1.177387 -0.666509
0 0.657769 0.382742 -1.175535 -0.669720
0 0.657484 0.383994 -1.177907 -0.666082
0 0.656742 0.383757 -1.179469 -0.666896
0 0.655812 0.385176 -1.177072 -0.669419
0 0.657162 0.383706 -1.174866 -0.669772
0 0.590089 0.487313 -0.939278 -0.689255
0 0.656920 0.383378 -1.174947 -0.670461
0 0.656095 0.385591 -1.176665 -0.665571
0 0.592128 0.485467 -0.933949 -0.695315
0 0.786787 1.227971 0.564005 0.817339
0 0.586990 0.477633 -0.940164 -0.709574
0 0.657902 0.384917 -1.178497 -0.667535
0 0.657414 0.384839 -1.179582 -0.667888
0 0.592198 0.476724 -0.937186 -0.707095
0 0.655396 0.382907 -1.183078 -0.671740
0 0.657410 0.383502 -1.178509 -0.667088
0 0.656212 0.385836 -1.175915 -0.668065
0 0.610143 1.224657 0.398923 0.656891
0 0.657482 0.382778 -1.177602 -0.669416
0 0.592060 0.484429 -0.935981 -0.694647
0 0.656350 0.384504 -1.181468 -0.669975
0 0.656700 0.384006 -1.176608 -0.669729
0 0.656107 0.383437 -1.181951 -0.669033
