0 0.816472 1.095319 -0.216338 -0.269634
0 0.650950 0.389893 -1.027149 -0.110270
0 0.651248 0.390160 -1.026503 -0.109056
0 0.816452 1.100515 -0.214153 -0.259135
0 0.650666 0.390193 -1.027811 -0.108548
0 0.651951 0.391554 -1.022785 -0.107729
0 0.651876 0.376951 -1.030228 -0.118435
0 0.652363 0.393257 -1.021406 -0.104538
0 0.651675 0.378552 -1.030526 -0.114744
0 0.586202 0.395756 -0.891030 -0.103787
0 0.658736 0.411327 -0.987893 -0.084094
0 0.538625 1.176170 0.343821 0.184770
0 0.588956 0.400749 -0.887731 -0.096332
0 0.658447 0.417313 -0.985999 -0.080549
0 0.839811 1.099316 -0.092765 -0.261614
0 0.585441 0.396489 -0.893434 -0.106840
0 0.584196 0.394607 -0.895440 -0.109615
0 0.585150 0.394536 -0.894400 -0.111968
0 0.580359 0.386174 -0.903175 -0.109995
0 0.841996 1.100917 -0.087755 -0.259867
0 0.581874 0.389060 -0.900085 -0.103213
0 0.584534 0.398642 -0.888561 -0.103851
0 0.585892 0.400799 -0.887522 -0.101383
0 0.645864 0.369245 -1.033666 -0.125011
0 0.645798 0.369546 -1.034054 -0.124019
0 0.645947 0.369697 -1.033890 -0.123339
0 0.585392 0.402031 -0.882706 -0.101671
0 0.647086 0.396611 -1.030378 -0.108680
0 0.584904 0.401123 -0.883433 -0.104096
0 0.584718 0.401611 -0.883362 -0.100939
0 0.648431 0.397553 -1.027712 -0.105695
0 0.647061 0.396866 -1.030385 -0.105900
0 0.592298 0.420468 -0.879460 -0.091094
0 0.581705 0.368626 -0.902109 -0.118392
0 0.527933 1.144018 0.336177 0.073169
0 0.581276 0.365050 -0.902895 -0.126253
0 0.700872 0.503566 -0.828248 0.027854
0 0.580612 0.366899 -0.903474 -0.121355
