0 0.257062 0.812948 -0.165311 -0.328826
0 0.257060 0.811073 -0.164689 -0.330885
0 0.255085 0.800831 -0.172209 -0.336728
0 0.255476 0.799327 -0.171348 -0.339426
0 0.260334 0.815926 -0.153560 -0.331032
0 0.260554 0.815307 -0.152559 -0.332478
0 0.254615 0.790028 -0.174857 -0.392610
0 0.253358 0.782689 -0.177324 -0.402069
0 0.655485 0.697742 -1.078231 -0.306273
0 0.655093 0.696264 -1.078743 -0.308931
0 0.648628 0.694115 -1.087056 -0.292620
0 0.648919 0.693499 -1.086056 -0.294968
0 0.657767 0.694252 -1.077488 -0.306271
0 0.657554 0.695492 -1.077413 -0.303630
0 0.657052 0.689771 -1.075459 -0.290950
0 0.657153 0.691338 -1.075265 -0.289286
0 0.558054 1.215873 -0.095143 -0.117218
0 0.560341 1.218656 -0.091171 -0.109735
0 0.650777 0.701488 -1.077029 -0.298737
0 0.650203 0.703632 -1.077991 -0.297572
0 0.254116 0.786102 -0.184560 -0.393192
0 0.255639 0.798739 -0.181685 -0.375149
0 0.665256 0.679645 -1.068441 -0.383723
0 0.664684 0.676360 -1.068657 -0.389745
0 0.664789 0.673567 -1.068238 -0.397180
0 0.267033 0.816183 -0.133188 -0.329442
0 0.252868 0.758735 -0.185210 -0.409375
0 0.253825 0.762487 -0.182873 -0.407147
0 0.610408 1.205570 0.124441 -0.147937
0 0.612126 1.206618 0.131960 -0.144920
0 0.571065 1.255470 -0.076024 0.076935
0 0.259225 0.824648 -0.157683 -0.356105
0 0.574522 1.257186 -0.067849 0.083052
0 0.596151 1.302024 -0.038817 0.465345
0 0.264936 0.815969 -0.135197 -0.322773
