0 0.925846 0.732108 -1.274411 -0.663158
0 0.926275 0.732674 -1.273329 -0.662958
0 0.925374 0.732068 -1.275154 -0.663510
0 0.924881 0.732478 -1.271820 -0.664497
0 0.926337 0.732841 -1.269219 -0.663691
0 0.925444 0.733047 -1.270913 -0.664437
0 0.391099 0.597335 0.156606 -0.632018
0 0.391849 0.599049 0.157200 -0.626695
0 0.392229 0.598325 0.160148 -0.629994
0 0.924317 0.731937 -1.268656 -0.655896
0 0.922450 0.712700 -1.271676 -0.682937
0 0.922343 0.732855 -1.271703 -0.654044
0 0.920585 0.711807 -1.274340 -0.682762
0 0.927909 0.739671 -1.270480 -0.656707
0 0.927032 0.740090 -1.272713 -0.656193
0 0.365483 0.601497 0.018798 -0.624954
0 0.367138 0.602012 0.022866 -0.624511
0 0.366759 0.602209 0.023148 -0.623330
0 0.925789 0.740200 -1.275269 -0.656358
0 0.836491 0.903964 -0.129932 0.342369
0 0.837401 0.911023 -0.128616 0.350573
0 0.356104 0.599300 0.000775 -0.632352
0 0.356170 0.600580 0.001794 -0.628948
0 0.124414 0.577394 -0.097912 -0.851691
0 0.124391 0.576168 -0.097984 -0.853800
0 0.124454 0.576678 -0.097665 -0.852604
0 0.393995 0.594474 0.205989 -0.635267
0 0.395342 0.594601 0.207178 -0.635186
0 0.392474 0.594889 0.202505 -0.635245
0 0.353814 0.596067 -0.038687 -0.632517
0 0.211105 0.576278 -0.275487 -0.846382
0 0.211274 0.577395 -0.275619 -0.845041
0 0.354718 0.597361 -0.038098 -0.630362
0 0.124122 0.578581 -0.093132 -0.850317
0 0.124212 0.579908 -0.093709 -0.848325
0 0.124247 0.578090 -0.093881 -0.850485
0 0.353908 0.597053 -0.035572 -0.631190
0 0.211329 0.576224 -0.274840 -0.846189
0 0.392001 0.601057 0.114748 -0.625782
0 0.391680 0.598195 0.113809 -0.632363
0 0.832497 0.913818 -0.126723 0.296710
0 0.807148 0.784306 -0.900602 -0.424275
0 0.831887 0.911445 -0.127290 0.292515
0 0.809388 0.786161 -0.897541 -0.418111
0 0.210578 0.563635 -0.273910 -0.857666
0 0.807363 0.783454 -0.900778 -0.428170
0 0.210498 0.561974 -0.274038 -0.861184
0 0.588115 0.717643 0.374668 -0.810414
0 0.589001 0.718307 0.374232 -0.809310
0 0.924774 0.708675 -1.275168 -0.681252
0 0.590543 0.718091 0.377077 -0.809051
0 0.852070 0.911148 -0.138734 0.343531
0 0.853106 0.916762 -0.135970 0.350789
0 0.921675 0.697702 -1.273075 -0.704944
0 0.210881 0.562115 -0.272454 -0.860680
0 0.824240 0.767293 -0.174389 0.256536
0 0.217444 0.576816 -0.229731 -0.844293
0 0.822763 0.836022 -0.167831 0.293480
0 0.925129 0.708446 -1.275142 -0.681507
0 0.924598 0.708626 -1.273352 -0.681712
0 0.217059 0.577952 -0.231379 -0.842876
0 0.823772 0.835319 -0.165283 0.287544
0 0.826005 0.762327 -0.170438 0.245023
0 0.121253 0.565802 -0.104561 -0.856224
0 0.216928 0.576213 -0.231531 -0.846064
0 0.124570 0.571728 -0.098682 -0.859267
0 0.927826 0.708637 -1.277436 -0.679690
0 0.124541 0.571819 -0.098413 -0.859594
0 0.405534 0.593691 0.252054 -0.634681
0 0.408508 0.593594 0.256241 -0.635196
