0 0.755006 0.738411 -0.150232 -0.342318
0 0.754220 0.737213 -0.151636 -0.345091
0 0.757662 0.738027 -0.144666 -0.342117
0 0.757036 0.743331 -0.158321 -0.329759
0 0.759538 0.743053 -0.153392 -0.329413
0 0.757723 0.742590 -0.156569 -0.332223
0 0.359181 0.599132 0.119526 -0.539202
0 0.360467 0.599551 0.121007 -0.539789
0 0.406156 0.619484 0.150661 -0.513184
0 0.401946 0.618735 0.140846 -0.514079
0 0.404496 0.619786 0.145095 -0.513331
0 0.360113 0.601017 0.119152 -0.536810
0 0.742426 0.738878 -0.160381 -0.343330
0 0.379823 0.603644 0.143814 -0.549733
0 0.741606 0.737726 -0.164160 -0.344648
0 0.744999 0.737384 -0.154583 -0.346942
0 0.543481 0.639170 0.225332 -0.472671
0 0.542930 0.639478 0.226315 -0.473148
0 0.544271 0.638389 0.229895 -0.474080
0 0.349386 0.604292 0.112479 -0.533895
0 0.349558 0.604358 0.111824 -0.532968
0 0.577035 0.646596 0.194308 -0.463014
0 0.578209 0.645917 0.199568 -0.465366
0 0.349474 0.605045 0.111296 -0.530935
0 0.345710 0.594230 0.106661 -0.554938
0 0.577461 0.646122 0.202435 -0.465116
0 0.374328 0.601363 0.133413 -0.552082
0 0.870388 0.719598 0.410312 -0.379530
0 0.863633 0.721465 0.398671 -0.375433
0 0.344918 0.594501 0.104377 -0.554203
0 0.759748 0.744793 -0.170437 -0.325092
0 0.758496 0.745379 -0.171100 -0.324927
