0 0.701922 0.539567 -0.881680 -0.696531
0 0.701398 0.540721 -0.882669 -0.695096
0 0.702529 0.538316 -0.883377 -0.701813
0 0.702701 0.538673 -0.882860 -0.701795
0 0.703088 0.539260 -0.882461 -0.699079
0 0.602288 0.522200 -0.763826 -0.691324
0 0.702731 0.539135 -0.883095 -0.699760
0 0.602302 0.520570 -0.765404 -0.691452
0 0.455999 0.498056 -0.520743 -0.689320
0 0.456016 0.497861 -0.520537 -0.690269
0 0.602522 0.522710 -0.763245 -0.690678
0 0.602467 0.521128 -0.765156 -0.691129
0 0.601802 0.522795 -0.768335 -0.689991
0 0.456026 0.497914 -0.520919 -0.689575
0 0.601523 0.521970 -0.768660 -0.690647
0 0.455643 0.498304 -0.522718 -0.689703
0 0.522457 0.504848 -0.636469 -0.698354
0 0.455776 0.495696 -0.523238 -0.693141
0 0.522574 0.504549 -0.636653 -0.698380
0 0.455587 0.498156 -0.522321 -0.691399
0 0.455068 0.494263 -0.521677 -0.692948
0 0.522505 0.504659 -0.636344 -0.698969
0 0.459062 0.492652 -0.522842 -0.697065
0 0.453741 0.494185 -0.523770 -0.691964
0 0.453996 0.494329 -0.523686 -0.692828
0 0.523060 0.507289 -0.641793 -0.694286
0 0.522893 0.506861 -0.642798 -0.693182
0 0.600090 0.519153 -0.766332 -0.692486
0 0.523196 0.502611 -0.639335 -0.700520
0 0.599915 0.519403 -0.766560 -0.691835
0 0.602388 0.520789 -0.764925 -0.692289
0 0.459630 0.494847 -0.513930 -0.695184
0 0.526317 0.506328 -0.633277 -0.696312
0 0.526311 0.506613 -0.633606 -0.696101
0 0.601254 0.520492 -0.766081 -0.696206
0 0.601777 0.521410 -0.765076 -0.694778
0 0.455935 0.496760 -0.522364 -0.692267
0 0.524922 0.505443 -0.635572 -0.697184
0 0.703262 0.539710 -0.873687 -0.695520
0 0.703816 0.539976 -0.872314 -0.695890
0 0.523576 0.504014 -0.638453 -0.698980
0 0.703698 0.540536 -0.878258 -0.696539
0 0.456468 0.495736 -0.521839 -0.694429
0 0.703037 0.541125 -0.879848 -0.695739
0 0.525965 0.504415 -0.635815 -0.696278
0 0.524671 0.502373 -0.649989 -0.695819
0 0.601934 0.521226 -0.763347 -0.696014
0 0.604456 0.519036 -0.760820 -0.697789
0 0.457234 0.495908 -0.521937 -0.694330
0 0.523171 0.505309 -0.637408 -0.694852
0 0.129345 0.434925 0.034901 -0.701402
0 0.243466 0.457266 -0.179626 -0.698977
0 0.702524 0.537972 -0.885036 -0.700354
0 0.241342 0.456561 -0.181742 -0.702966
0 0.324436 0.472292 -0.363290 -0.706519
0 0.603367 0.520129 -0.763622 -0.693474
0 0.128993 0.434850 0.032858 -0.701334
0 0.240273 0.458643 -0.187660 -0.703140
0 0.701923 0.537752 -0.885608 -0.700141
0 0.241603 0.456660 -0.181962 -0.703003
0 0.603546 0.520658 -0.763149 -0.691441
0 0.241671 0.457233 -0.181483 -0.701567
0 0.135434 0.435699 0.035215 -0.700505
0 0.335831 0.472192 -0.286338 -0.697073
0 0.328644 0.473743 -0.343196 -0.702546
0 0.328798 0.473438 -0.343591 -0.702491
0 0.333875 0.471781 -0.306179 -0.704893
0 0.240363 0.459055 -0.187566 -0.702258
0 0.523287 0.502966 -0.641155 -0.698082
0 0.139622 0.438032 0.040982 -0.698233
0 0.240346 0.458662 -0.187822 -0.702475
0 0.328299 0.473464 -0.344776 -0.701738
0 0.523741 0.502311 -0.640285 -0.699845
0 0.526038 0.504739 -0.646347 -0.694777
0 0.248397 0.454640 -0.144773 -0.696237
0 0.600746 0.520018 -0.766938 -0.692411
0 0.131622 0.436823 0.035113 -0.699056
0 0.127094 0.434530 0.028204 -0.699866
0 0.457283 0.496884 -0.515758 -0.691572
0 0.458424 0.497106 -0.512942 -0.691126
0 0.324959 0.473314 -0.369784 -0.707225
0 0.457569 0.497015 -0.515234 -0.690295
0 0.325092 0.473710 -0.369016 -0.706753
0 0.522107 0.504896 -0.638091 -0.699933
0 0.700563 0.539146 -0.897229 -0.704125
0 0.701832 0.536689 -0.905648 -0.708773
0 0.130077 0.434464 0.030810 -0.701322
0 0.325055 0.473353 -0.369344 -0.706783
0 0.354541 0.475110 -0.506353 -0.736643
0 0.328950 0.468961 -0.276216 -0.696642
0 0.522839 0.504629 -0.636854 -0.697998
0 0.338278 0.472042 -0.268022 -0.697856
0 0.337982 0.471385 -0.268442 -0.697392
0 0.129367 0.435151 0.028948 -0.699817
0 0.356398 0.474413 -0.503401 -0.736052
0 0.518647 0.508388 -0.628514 -0.694976
0 0.335586 0.471179 -0.271974 -0.698844
0 0.325195 0.473655 -0.367689 -0.709273
0 0.243187 0.456133 -0.177441 -0.702137
0 0.240248 0.458475 -0.200181 -0.699541
0 0.139568 0.436189 0.032609 -0.701297
0 0.524110 0.504205 -0.628289 -0.701307
0 0.122036 0.437021 0.026311 -0.697793
0 0.140727 0.436321 0.036113 -0.700957
0 0.358183 0.474873 -0.500990 -0.738540
0 0.242323 0.456769 -0.186478 -0.698865
0 0.322281 0.473069 -0.370354 -0.712297
0 0.592785 0.518329 -0.766273 -0.698182
0 0.250129 0.453491 -0.134083 -0.697760
0 0.130354 0.436974 0.035639 -0.696718
0 0.524299 0.504624 -0.627814 -0.699904
0 0.357769 0.474600 -0.502574 -0.739205
0 0.239209 0.457663 -0.201075 -0.707174
0 0.248536 0.453288 -0.137944 -0.698362
0 0.459408 0.496081 -0.529325 -0.692027
0 0.250514 0.453567 -0.133241 -0.697256
0 0.348751 0.472072 -0.512297 -0.744030
0 0.357894 0.475895 -0.502282 -0.736951
0 0.459536 0.495893 -0.529621 -0.691710
0 0.459329 0.495798 -0.529988 -0.691962
0 0.348973 0.471904 -0.512733 -0.744402
0 0.525492 0.504220 -0.625285 -0.701671
0 0.604162 0.517556 -0.773004 -0.699966
0 0.337588 0.471321 -0.263220 -0.697088
0 0.324751 0.470928 -0.371436 -0.709987
0 0.337825 0.471466 -0.262959 -0.696908
0 0.349047 0.473039 -0.512501 -0.742416
0 0.343975 0.471323 -0.514106 -0.745159
0 0.334023 0.473662 -0.322811 -0.703466
0 0.526528 0.505124 -0.628003 -0.693179
0 0.343828 0.471518 -0.513507 -0.745106
0 0.131759 0.435730 0.031467 -0.700818
0 0.338164 0.470417 -0.260798 -0.698217
0 0.526682 0.504714 -0.627520 -0.694007
0 0.333724 0.474545 -0.322669 -0.701452
0 0.521261 0.504230 -0.623411 -0.697588
0 0.240898 0.456402 -0.182926 -0.705092
0 0.333259 0.473938 -0.324742 -0.702805
0 0.119034 0.433840 0.026092 -0.701799
0 0.130278 0.436470 0.030647 -0.697139
0 0.118956 0.433994 0.025158 -0.701653
0 0.526579 0.504223 -0.627649 -0.693710
0 0.450917 0.496207 -0.511524 -0.692791
0 0.605154 0.524436 -0.754573 -0.692440
0 0.360584 0.474047 -0.498802 -0.739643
0 0.343712 0.470974 -0.298856 -0.701907
0 0.458312 0.497941 -0.516854 -0.696179
0 0.235130 0.448023 -0.103008 -0.702798
0 0.238176 0.453119 -0.163763 -0.702902
0 0.345409 0.469688 -0.259772 -0.699835
0 0.343370 0.470875 -0.512652 -0.746548
