0 0.628630 0.953764 -0.668608 -0.557254
0 0.627916 0.953397 -0.669723 -0.555043
0 0.628749 0.953237 -0.669521 -0.556772
0 0.629618 0.958882 -0.665940 -0.541819
0 0.627952 0.959046 -0.668234 -0.541764
0 0.630281 0.959477 -0.665841 -0.538803
0 0.326805 1.143686 0.210794 -0.759540
0 0.327668 1.146001 0.212700 -0.753263
0 0.635317 0.937575 -0.653975 -0.567044
0 0.326147 1.143716 0.209937 -0.760520
0 0.560551 0.917059 0.112587 -0.624317
0 0.560406 0.917557 0.113759 -0.624894
0 0.561079 0.918315 0.113728 -0.622966
0 0.328459 1.152787 0.214693 -0.755455
0 0.639148 0.937138 -0.647588 -0.562403
0 0.327749 1.150124 0.212983 -0.760698
0 0.327465 1.149173 0.212279 -0.762831
0 0.625747 0.954390 -0.673429 -0.559661
0 0.626319 0.954314 -0.672331 -0.561084
0 0.626421 0.954222 -0.674248 -0.560856
0 0.337333 1.160463 0.210610 -0.704309
0 0.547288 0.926999 0.086741 -0.608838
0 0.549424 0.926583 0.089775 -0.610078
0 0.545109 0.927048 0.084941 -0.612383
0 0.557176 0.923944 0.111565 -0.633546
0 0.556412 0.924835 0.108814 -0.632720
0 0.556995 0.925301 0.110107 -0.631678
0 0.635853 0.928086 -0.641497 -0.550002
0 0.637673 0.930705 -0.648154 -0.553321
0 0.565865 0.962858 0.104260 -0.588700
0 0.631256 0.961993 -0.648886 -0.540181
0 0.336687 1.139827 0.208991 -0.792006
0 0.632340 0.960700 -0.647533 -0.543506
0 0.564547 0.962780 0.099948 -0.587495
0 0.631257 0.961016 -0.647017 -0.543564
0 0.565964 0.963850 0.102537 -0.585676
0 0.326629 1.159056 0.194993 -0.690189
0 0.329263 1.160129 0.200798 -0.690201
0 0.328853 1.163106 0.200611 -0.680422
0 0.632306 0.948866 -0.663913 -0.581403
0 0.336361 1.154974 0.216069 -0.720652
