0 0.546301 0.851007 -0.221955 -0.181530
0 0.544734 0.846715 -0.225599 -0.183964
0 0.544060 0.846076 -0.225997 -0.183514
0 0.553653 0.831702 -0.213446 -0.200509
0 0.552584 0.828255 -0.215664 -0.204095
0 0.554115 0.829272 -0.212800 -0.202091
0 0.547551 0.866587 -0.222090 -0.159327
0 0.546153 0.863396 -0.223464 -0.163286
0 0.547058 0.865337 -0.223199 -0.161425
0 0.553285 0.816497 -0.219401 -0.224872
0 0.554803 0.780257 -0.211186 -0.256762
0 0.552453 0.823409 -0.224456 -0.207779
0 0.555863 0.778697 -0.218205 -0.239688
