0 0.955490 0.581699 -0.159221 -0.254624
0 0.957465 0.582651 -0.154564 -0.254845
0 0.954612 0.572213 -0.179908 -0.258924
0 0.954721 0.572677 -0.178703 -0.257570
0 0.958972 0.581173 -0.152179 -0.259105
0 0.957334 0.579144 -0.202408 -0.261945
0 0.955131 0.579157 -0.205762 -0.260337
0 0.952113 0.578206 -0.211279 -0.259650
0 0.957845 0.572599 -0.174591 -0.260108
0 0.958288 0.572704 -0.202926 -0.262250
0 0.956057 0.571283 -0.205900 -0.262593
0 0.954466 0.571997 -0.206714 -0.260321
0 0.595675 0.580885 -0.200716 -0.269052
0 0.597294 0.580434 -0.197631 -0.268212
0 0.594662 0.581815 -0.202626 -0.265253
