0 0.341406 1.146748 -0.312295 -0.803852
0 0.341271 1.145835 -0.312091 -0.805820
0 0.438376 1.156170 -0.476078 -0.774867
0 0.438712 1.154359 -0.475679 -0.778362
0 0.341514 1.127644 -0.308462 -0.836884
0 0.344006 1.143394 -0.310154 -0.795618
0 0.439275 1.156484 -0.475002 -0.771759
0 0.439998 1.157590 -0.473541 -0.769872
0 0.344285 1.142936 -0.308990 -0.795768
0 0.550026 1.176421 -0.591518 -0.617355
0 0.550158 1.177843 -0.591539 -0.617821
0 0.268414 1.144578 -0.130043 -0.797711
0 0.268072 1.145471 -0.130562 -0.795937
0 0.550376 1.179042 -0.590458 -0.614670
0 0.270980 1.134656 -0.125366 -0.796773
0 0.537119 1.176155 -0.593241 -0.630944
0 0.271700 1.135310 -0.123523 -0.795502
0 0.553393 1.247263 -0.584809 -0.093004
0 0.537816 1.176354 -0.593554 -0.634725
0 0.343897 1.145345 -0.310611 -0.806866
0 0.555757 1.247045 -0.576402 -0.091492
0 0.343623 1.144217 -0.310425 -0.809880
0 0.340618 1.119331 -0.310440 -0.851315
0 0.344231 1.123385 -0.309511 -0.839020
0 0.543720 1.177226 -0.587249 -0.633325
0 0.260974 1.115735 -0.147812 -0.846089
0 0.442562 1.159727 -0.467883 -0.766060
0 0.438681 1.143993 -0.477367 -0.802707
0 0.433957 1.149277 -0.476626 -0.809570
0 0.442264 1.155379 -0.468143 -0.777067
0 0.273765 1.145788 -0.121144 -0.796579
0 0.263155 1.125103 -0.145493 -0.826637
0 0.275061 1.138663 -0.115994 -0.784091
0 0.344297 1.112974 -0.309287 -0.854076
0 0.260246 1.110392 -0.148687 -0.856429
0 0.552394 1.252939 -0.575453 -0.078714
0 0.268897 1.141727 -0.125157 -0.808684
0 0.556770 1.174890 -0.588100 -0.662852
0 0.269501 1.140631 -0.123166 -0.811448
0 0.557332 1.175838 -0.587542 -0.661669
0 0.553907 1.247876 -0.573091 -0.090333
0 0.440901 1.147246 -0.479445 -0.791716
0 0.276810 1.142994 -0.101606 -0.740715
0 0.277818 1.142062 -0.098914 -0.744018
0 0.557387 1.176269 -0.587127 -0.660679
0 0.522851 1.177739 -0.597803 -0.654075
0 0.262195 1.114314 -0.146535 -0.845645
0 0.285108 1.142520 -0.075378 -0.741162
0 0.546193 1.024231 -0.587087 -0.309499
0 0.345192 1.143090 -0.303841 -0.797182
0 0.274207 1.141561 -0.110240 -0.810389
0 0.549416 1.175967 -0.589777 -0.658606
0 0.346103 1.147401 -0.299463 -0.803673
0 0.548669 1.146877 -0.603929 -0.129512
0 0.437562 1.155106 -0.487011 -0.779276
0 0.341972 1.128931 -0.319662 -0.843288
0 0.342929 1.133382 -0.294690 -0.829064
0 0.438504 1.151913 -0.485692 -0.788274
0 0.432220 1.153178 -0.474400 -0.786422
0 0.438777 1.124370 -0.476416 -0.844325
0 0.431703 1.153165 -0.466092 -0.783673
0 0.346236 1.145035 -0.300932 -0.808683
0 0.431421 1.152165 -0.466536 -0.787269
0 0.348771 1.135126 -0.306017 -0.801538
