0 0.775882 1.286614 -0.442229 0.861284
0 0.777227 1.279388 -0.438799 0.849844
0 0.173766 1.098134 0.117493 -0.238763
0 0.173794 1.118533 0.112593 -0.115692
0 0.781557 1.258681 -0.419594 0.751055
0 0.341064 0.761175 0.198647 -0.296872
0 0.342371 0.762016 0.199632 -0.295332
0 0.782337 1.242878 -0.417604 0.723434
0 0.174722 1.099132 0.116596 -0.234505
0 0.340793 0.762136 0.198376 -0.295031
0 0.177890 1.118642 0.114323 -0.113493
0 0.357556 0.761176 0.207512 -0.287283
0 0.357653 0.759822 0.207459 -0.290338
0 0.357777 0.759670 0.207951 -0.290752
0 0.807085 1.260351 -0.262167 0.820232
0 0.807748 1.257103 -0.260243 0.814486
0 0.198354 1.114072 0.135280 -0.109634
0 0.198842 1.112671 0.136510 -0.108366
0 0.324218 0.783305 0.184298 -0.294707
0 0.805593 1.238386 -0.269414 0.725035
0 0.804520 1.247019 -0.272322 0.746268
0 0.324644 0.783068 0.187202 -0.295128
0 0.324952 0.782094 0.188485 -0.296543
0 0.177489 1.105401 0.117372 -0.222054
