0 0.403977 1.139606 -0.232989 -0.872056
0 0.404869 1.139805 -0.232089 -0.871901
0 0.404278 1.138996 -0.232280 -0.873923
0 0.411424 1.136809 -0.211098 -0.878193
0 0.534459 1.491662 -0.101493 0.911971
0 0.534750 1.464279 -0.102232 0.858233
0 0.403369 1.140956 -0.231198 -0.879478
0 0.402868 1.140947 -0.232273 -0.879462
0 0.403713 1.139814 -0.231434 -0.881990
0 0.418165 1.127939 -0.203345 -0.922194
0 0.399965 1.138484 -0.225976 -0.870160
0 0.532077 1.484032 -0.090314 0.900575
0 0.531939 1.449000 -0.091926 0.831280
0 0.528601 1.316853 -0.112421 0.750649
0 0.528865 1.312235 -0.111312 0.738575
0 0.619947 0.343822 -0.671690 0.224817
0 0.620989 0.345067 -0.670872 0.227498
0 0.620680 0.344551 -0.668962 0.226134
0 0.403445 1.146198 -0.238683 -0.847195
0 0.403722 1.144473 -0.239696 -0.851059
0 0.404399 1.148968 -0.237827 -0.841493
0 0.613683 0.351922 -0.662210 0.230881
0 0.614308 0.352780 -0.661446 0.232160
0 0.400392 1.131530 -0.225354 -0.910701
0 0.614764 0.351532 -0.661119 0.231863
0 0.521472 1.188350 -0.115600 0.648966
0 0.521556 1.188613 -0.115626 0.648945
0 0.525788 1.318185 -0.098503 0.740376
0 0.525838 1.323078 -0.098310 0.746402
0 0.521055 1.197600 -0.102518 0.675408
0 0.521261 1.198049 -0.102137 0.677732
