0 0.649773 1.201711 -0.778545 -0.126799
0 0.649971 1.204879 -0.779247 -0.123052
0 0.659731 1.177566 0.191962 -0.697991
0 0.657274 1.177363 0.187420 -0.688908
0 0.658850 1.177823 0.190410 -0.694886
0 0.663175 1.151874 0.200373 -0.781425
0 0.661147 1.151437 0.197847 -0.783676
0 0.661448 1.151154 0.197737 -0.779282
0 0.642612 1.196157 -0.785311 -0.104916
0 0.642336 1.195212 -0.786887 -0.110971
0 0.651583 1.221925 -0.765380 -0.105777
0 0.650997 1.223203 -0.767080 -0.105627
0 0.340668 0.152655 -0.434845 0.101433
0 0.341609 0.152822 -0.432691 0.101819
0 0.338033 0.153882 -0.439223 0.101691
0 0.659631 1.164379 0.180285 -0.720391
0 0.338567 0.153360 -0.438057 0.100225
0 0.337890 0.152649 -0.439395 0.099332
0 0.337968 0.153615 -0.437960 0.103777
0 0.530132 1.271040 -0.130124 0.102807
0 0.531179 1.271810 -0.127666 0.103559
0 0.659304 1.163764 0.182368 -0.718056
0 0.656989 1.162571 0.177407 -0.716746
0 0.339226 0.155057 -0.434725 0.104246
0 0.329546 1.266081 -0.177936 0.648998
0 0.221893 0.150085 -0.126923 0.102163
0 0.222249 0.151131 -0.125576 0.103497
0 0.220693 0.150366 -0.124910 0.103617
0 0.221016 0.150363 -0.124807 0.103466
0 0.643515 1.187228 -0.772351 -0.112730
0 0.643723 1.187345 -0.772440 -0.116902
0 0.338796 0.155134 -0.440095 0.102717
0 0.338219 0.155178 -0.441506 0.101736
0 0.651998 1.158296 0.167271 -0.765080
0 0.337865 0.155933 -0.441761 0.103480
0 0.651407 1.156919 0.166288 -0.770519
0 0.648978 1.156377 0.161221 -0.766086
0 0.336125 1.290366 -0.171547 0.683960
0 0.642706 1.129309 -0.787477 -0.207379
0 0.341082 0.154738 -0.431719 0.099414
0 0.536758 1.288627 -0.069193 0.127311
0 0.533076 1.290457 -0.075848 0.134849
0 0.339252 0.156620 -0.439279 0.103732
0 0.340205 0.155611 -0.437150 0.101094
0 0.212947 0.152735 -0.131242 0.105963
0 0.645382 1.186465 -0.776971 -0.128457
0 0.213589 0.154111 -0.130906 0.107978
0 0.213380 0.151627 -0.131279 0.104385
0 0.212137 0.150920 -0.131431 0.105465
0 0.213144 0.150883 -0.130352 0.104293
0 0.212827 0.151807 -0.130672 0.105567
0 0.338608 0.153201 -0.444557 0.100399
0 0.338341 0.153669 -0.422462 0.100931
0 0.530038 1.274922 -0.133451 0.029488
0 0.338680 0.152914 -0.422237 0.098397
0 0.528453 1.274245 -0.134061 0.028953
0 0.337895 0.152792 -0.423402 0.098894
0 0.619665 1.276214 0.109550 0.041804
