0 0.357035 0.596032 -0.315013 -0.195501
0 0.357304 0.596166 -0.313591 -0.194725
0 0.351954 0.592138 -0.314951 -0.193682
0 0.351706 0.591924 -0.315172 -0.194388
0 0.362507 0.598805 -0.306937 -0.189154
0 0.356271 0.607112 -0.310354 -0.170084
0 0.354934 0.607383 -0.312483 -0.172011
0 0.356143 0.594077 -0.311058 -0.189014
0 0.356281 0.599686 -0.310714 -0.189962
0 0.352389 0.607300 -0.309575 -0.171629
0 0.350555 0.606950 -0.315063 -0.173385
0 0.350002 0.587995 -0.314446 -0.196901
0 0.349135 0.585606 -0.315652 -0.200895
0 0.359898 0.584446 -0.309572 -0.199974
0 0.359793 0.584646 -0.309063 -0.201422
0 0.350735 0.575869 -0.311242 -0.191117
0 0.353106 0.572986 -0.313977 -0.194797
0 0.348865 0.573077 -0.316578 -0.192703
0 0.352880 0.566049 -0.315073 -0.201097
0 0.350301 0.567315 -0.312358 -0.200905
0 0.351068 0.569840 -0.318087 -0.196579
0 0.362269 0.586142 -0.304168 -0.199487
0 0.352149 0.597018 -0.310353 -0.192812
0 0.353367 0.587977 -0.311013 -0.196420
