0 0.392680 0.868615 -0.487521 0.122457
0 0.419040 1.317087 0.160031 0.494526
0 0.752755 1.426455 -0.593824 0.803310
0 0.753661 1.423781 -0.596687 0.795357
0 0.392492 0.866201 -0.486696 0.123921
0 0.072184 1.074437 0.048303 -1.153955
0 0.395153 0.863545 -0.485300 0.105186
0 0.073913 1.076224 0.048188 -1.152449
0 0.395210 0.858128 -0.485175 0.097956
0 0.064804 1.059152 0.042636 -1.150032
0 0.065556 1.061340 0.043069 -1.148920
0 0.064696 1.057700 0.042449 -1.158699
0 0.076721 1.078181 0.054136 -1.144827
0 0.075263 1.076707 0.053361 -1.145976
0 0.734369 1.424004 -0.712039 0.825315
0 0.075128 1.067777 0.051586 -1.158478
0 0.733984 1.420420 -0.710400 0.818354
0 0.075532 1.069842 0.050622 -1.155200
0 0.314928 0.704186 -0.390934 0.152009
0 0.315801 0.700076 -0.389860 0.145025
0 0.759228 1.375190 -0.567507 0.652847
0 0.760787 1.365016 -0.563189 0.630791
0 0.061980 1.063805 0.040789 -1.150981
0 0.062791 1.064929 0.042492 -1.148593
0 0.772926 1.436213 -0.493549 0.812639
0 0.771325 1.417147 -0.497758 0.774111
0 0.394327 0.921359 -0.477062 0.157689
0 0.319639 0.718232 -0.390432 0.154087
0 0.062167 1.058979 0.041024 -1.160486
0 0.319677 0.716731 -0.390807 0.152678
0 0.075021 1.056539 0.049839 -1.144785
0 0.075780 1.058365 0.051479 -1.141433
0 0.409746 1.132723 0.154894 0.369466
0 0.066274 1.069668 0.043296 -1.193218
0 0.741704 1.365276 -0.644581 0.792350
0 0.065839 1.069502 0.043529 -1.193617
