0 0.826567 0.465011 -1.341231 -0.546255
0 0.827013 0.465045 -1.340717 -0.546662
0 0.882509 0.625722 -1.531098 -0.451345
0 0.882244 0.620721 -1.531749 -0.461809
0 1.131079 0.688867 0.497301 -0.388495
0 0.883829 0.646951 -1.529082 -0.396890
0 1.125998 0.688178 0.485272 -0.389796
0 0.827132 0.465291 -1.342549 -0.545592
0 0.826717 0.465195 -1.342804 -0.545812
0 0.881687 0.647023 -1.539611 -0.389598
0 1.135497 0.693079 0.510485 -0.411277
0 0.827190 0.465887 -1.342446 -0.544706
0 1.132220 0.692948 0.501106 -0.412497
0 0.885280 0.652315 -1.523961 -0.396650
0 0.883959 0.646824 -1.526205 -0.396583
0 0.824875 0.465010 -1.341130 -0.546421
0 0.828634 0.464914 -1.340728 -0.544425
0 0.827528 0.463932 -1.342009 -0.546177
0 0.828573 0.464159 -1.340943 -0.546278
0 0.824776 0.464870 -1.341512 -0.546705
0 0.824997 0.464607 -1.341558 -0.547366
0 0.885991 0.650961 -1.520790 -0.399911
0 0.739469 0.527283 -1.208896 -0.491889
0 0.822901 0.464739 -1.347191 -0.549514
0 0.827556 0.465966 -1.345400 -0.544497
0 0.740937 0.527859 -1.205859 -0.491479
0 0.878477 0.636050 -1.545761 -0.402942
0 1.088455 0.684508 0.500139 -0.395375
0 0.828026 0.466425 -1.344939 -0.544469
0 1.081869 0.685042 0.490626 -0.393996
0 0.819995 0.461881 -1.343854 -0.550639
0 0.828152 0.470315 -1.336971 -0.543864
0 0.878869 0.637029 -1.545166 -0.398549
0 0.827833 0.469781 -1.337064 -0.544630
0 0.738356 0.514191 -1.208719 -0.508443
0 0.741816 0.542613 -1.204706 -0.481578
0 0.742542 0.540560 -1.203631 -0.482745
0 0.883646 0.648133 -1.532203 -0.388536
0 0.739334 0.514498 -1.206617 -0.506692
0 0.741619 0.537121 -1.204920 -0.484992
0 0.825775 0.461615 -1.337929 -0.547214
0 0.825507 0.460753 -1.338582 -0.547658
0 0.884883 0.621487 -1.537001 -0.457447
0 0.885112 0.637827 -1.519583 -0.447796
0 0.826016 0.461769 -1.338038 -0.545806
0 0.824478 0.461104 -1.346411 -0.550444
0 0.885571 0.641305 -1.518259 -0.443439
0 0.883236 0.617119 -1.544097 -0.467297
0 0.740798 0.533096 -1.203604 -0.497016
0 0.742876 0.534481 -1.200159 -0.495764
0 1.099167 0.708589 0.507487 -0.377003
0 1.090107 0.709156 0.491134 -0.376206
0 0.740064 0.500659 -1.208409 -0.513865
0 0.739765 0.502799 -1.209664 -0.513166
0 0.740161 0.504315 -1.208680 -0.511652
0 0.826495 0.461133 -1.342672 -0.541374
0 0.826244 0.461882 -1.343357 -0.540183
0 0.821400 0.461172 -1.343044 -0.550395
