0 0.509365 1.031885 0.347724 -0.522303
0 0.668479 1.094282 -0.330003 -0.139917
0 0.671372 1.093547 -0.325047 -0.142350
0 0.508698 1.027834 0.347143 -0.530811
0 0.509064 1.032006 0.346576 -0.522567
0 0.671702 1.086130 -0.324082 -0.153140
0 0.673078 1.085400 -0.322079 -0.154311
0 0.517332 1.022829 0.345295 -0.541348
0 0.517905 1.024122 0.344394 -0.538869
0 0.516108 1.020656 0.345005 -0.545955
0 0.713672 1.020206 -0.302553 -0.604119
0 0.712696 1.022732 -0.304905 -0.596574
0 0.713533 1.023226 -0.305079 -0.595437
0 0.856825 1.056726 0.522568 -0.422162
0 0.696981 1.056101 -0.309367 -0.303750
0 0.846781 1.054354 0.497592 -0.427560
0 0.695920 1.056747 -0.310002 -0.306975
0 0.679598 1.009331 -0.627963 -0.538998
0 0.678757 1.010154 -0.627918 -0.536932
0 0.851509 1.063515 0.546666 -0.420022
0 0.676624 1.008300 -0.630247 -0.545354
0 0.694541 1.009246 -0.619092 -0.570235
0 0.694343 1.010589 -0.619107 -0.566173
0 0.691502 1.005468 -0.621562 -0.579078
0 0.850618 1.059489 0.519820 -0.491972
0 0.832956 1.062429 0.510500 -0.424056
0 0.856872 1.059765 0.528409 -0.492534
0 0.675346 1.079838 -0.301297 -0.212340
0 0.676345 1.080049 -0.295200 -0.212715
0 0.695570 1.047673 -0.310334 -0.336914
0 0.716109 1.013893 -0.439367 -0.569795
0 0.713887 1.016042 -0.443626 -0.563458
