0 0.092142 0.494621 -0.003683 -0.397489
0 0.089840 0.498253 -0.004049 -0.395377
0 0.088514 0.492309 -0.006293 -0.400027
0 0.088382 0.493185 -0.006577 -0.397825
0 0.090626 0.496151 -0.006119 -0.402604
0 0.090672 0.495318 -0.005613 -0.403747
0 0.088352 0.491335 -0.006749 -0.401896
0 0.090700 0.494740 -0.006195 -0.404340
0 0.092664 0.494316 -0.001562 -0.396237
0 0.091392 0.496633 -0.002447 -0.397333
0 0.090026 0.488320 -0.001675 -0.423707
0 0.945808 1.137592 0.520409 0.735033
0 0.085345 0.491274 -0.006328 -0.436766
0 0.090232 0.489248 -0.001153 -0.421385
0 0.091589 0.491110 -0.001241 -0.398544
0 0.091686 0.489981 -0.001509 -0.400400
0 0.091639 0.489390 -0.001408 -0.401449
0 0.087251 0.491409 -0.007433 -0.403404
0 0.096529 0.492803 -0.004313 -0.393619
0 0.096028 0.493779 -0.005214 -0.393513
0 0.096172 0.493900 -0.005258 -0.392053
