0 0.833278 1.189932 0.373464 0.293609
0 0.682613 0.521398 -1.024686 -0.381254
0 0.682369 0.521285 -1.025011 -0.382134
0 0.682336 0.521315 -1.025298 -0.382499
0 0.682747 0.522320 -1.022468 -0.388953
0 0.682455 0.530943 -1.024892 -0.373602
0 0.682882 0.521937 -1.021814 -0.389445
0 0.682907 0.521408 -1.022019 -0.390570
0 0.683074 0.528183 -1.023878 -0.378482
0 0.682992 0.517767 -1.022522 -0.392618
0 0.683265 0.517328 -1.022372 -0.393792
0 0.681767 0.523031 -1.028440 -0.352302
0 0.682126 0.518617 -1.021581 -0.380442
0 0.681428 0.519994 -1.028843 -0.355789
0 0.681884 0.518285 -1.022184 -0.383017
0 0.682092 0.519953 -1.021800 -0.378757
0 0.035901 0.293684 0.007334 -0.286741
0 0.035589 0.294257 0.006721 -0.285787
