0 0.408609 0.518963 -0.289872 0.002379
0 0.409195 0.519482 -0.288890 0.001496
0 0.407979 0.519400 -0.289391 0.003999
0 0.414117 0.522031 -0.275074 -0.002138
0 0.411938 0.521163 -0.280743 -0.001668
0 0.412561 0.521662 -0.277921 0.000165
0 0.409206 0.514479 -0.287200 0.004927
0 0.410220 0.516780 -0.285726 0.009417
0 0.408745 0.514621 -0.286475 0.004980
0 0.404506 0.501657 -0.291148 -0.009612
0 0.405331 0.497380 -0.290180 -0.021504
0 0.403236 0.503352 -0.297084 -0.008909
0 0.404228 0.498436 -0.295200 -0.019265
0 0.406635 0.497137 -0.292852 0.007482
0 0.403309 0.519545 -0.294718 -0.001983
0 0.403723 0.510161 -0.294488 -0.022179
0 0.407000 0.491622 -0.292466 0.001009
