0 0.177816 0.806471 -0.098808 -0.192436
0 0.177833 0.805151 -0.098672 -0.198310
0 0.484497 0.969830 -0.218095 -0.215071
0 0.484295 0.970803 -0.216672 -0.214206
0 0.483861 0.965351 -0.217741 -0.227555
0 0.180687 0.815215 -0.100137 -0.177078
0 0.180120 0.810106 -0.100585 -0.185396
0 0.175637 0.802968 -0.109637 -0.179043
0 0.178725 0.796188 -0.097932 -0.189348
0 0.178660 0.792036 -0.097896 -0.200014
0 0.491355 0.996696 -0.169942 -0.199440
0 0.493061 0.996582 -0.169269 -0.199181
0 0.171734 0.793853 -0.104487 -0.197369
0 0.490851 0.980603 -0.171746 -0.230641
0 0.180424 0.825199 -0.101396 -0.159635
0 0.477263 0.959269 -0.285869 -0.213077
0 0.479676 0.959712 -0.280338 -0.215559
0 0.474444 0.962087 -0.275669 -0.219637
