0 0.603127 1.138992 -0.429853 0.323071
0 0.603605 1.141741 -0.427438 0.328532
0 0.609213 1.139305 -0.434874 0.329066
0 0.609905 1.140151 -0.433872 0.327661
0 0.770539 1.040625 -0.303026 -0.536859
0 0.770206 1.044789 -0.303867 -0.528999
0 0.771527 1.052176 -0.303326 -0.468581
0 0.771946 1.049127 -0.302403 -0.482973
0 0.769733 1.045503 -0.304498 -0.522966
0 0.771997 1.053537 -0.300395 -0.464792
0 0.773262 1.039811 -0.282136 -0.540229
0 0.773507 1.043223 -0.282319 -0.533894
0 0.775119 1.044963 -0.279921 -0.528851
0 0.600831 1.098592 -0.435357 0.299491
0 0.601261 1.098475 -0.433466 0.298355
