0 0.570222 0.637964 -0.928536 -0.802524
0 0.570177 0.637032 -0.928760 -0.804736
0 0.569648 0.637272 -0.929247 -0.804410
0 0.572213 0.638907 -0.929343 -0.804209
0 0.572214 0.637472 -0.929093 -0.806547
0 0.569685 0.641789 -0.933132 -0.799825
0 0.571478 0.640908 -0.931220 -0.800020
0 0.570119 0.640922 -0.932334 -0.801858
0 0.571276 0.639390 -0.931960 -0.804774
0 0.571370 0.639462 -0.929542 -0.804680
0 0.572069 0.639087 -0.924060 -0.801202
0 0.571175 0.641551 -0.929138 -0.799384
0 0.570516 0.636385 -0.930351 -0.803982
0 0.572223 0.638784 -0.924006 -0.802358
0 0.570635 0.635631 -0.930307 -0.804720
0 0.571867 0.638520 -0.925155 -0.803149
0 0.569600 0.636543 -0.932129 -0.802927
0 0.505490 1.176259 0.205544 -0.236140
0 0.505999 1.176682 0.208523 -0.232632
0 0.570404 0.638315 -0.931578 -0.813208
0 0.571271 0.641349 -0.929176 -0.806825
0 0.570617 0.638471 -0.934433 -0.804403
0 0.570383 0.640552 -0.934831 -0.799717
0 0.901095 1.180255 0.479794 -0.320802
