0 0.582053 0.830511 -0.572603 -0.434677
0 0.582820 0.830876 -0.570510 -0.433317
0 0.582037 0.831304 -0.572434 -0.433447
0 0.474763 0.671023 -0.593040 -0.434276
0 0.475028 0.669636 -0.592939 -0.436483
0 0.583507 0.793840 -0.565426 -0.460954
0 0.583616 0.792523 -0.565523 -0.460487
0 0.583848 0.793838 -0.565136 -0.462876
0 0.398269 1.194892 -0.017866 0.338071
0 0.399040 1.194636 -0.015015 0.336738
0 0.388103 1.213035 -0.024047 0.356769
0 0.388130 1.221137 -0.022959 0.370892
0 0.471883 0.669298 -0.590041 -0.433354
0 0.472479 0.670086 -0.590026 -0.432626
0 0.576311 0.819821 -0.604262 -0.450435
0 0.475002 0.652709 -0.591526 -0.444149
0 0.575017 0.819612 -0.603986 -0.450661
0 0.544527 0.972997 -0.625601 -0.974240
0 0.545415 0.972898 -0.624491 -0.973834
0 0.576341 0.817363 -0.604969 -0.454124
0 0.641131 0.698232 -0.979971 -0.814253
0 0.640996 0.698729 -0.980127 -0.813932
0 0.472630 0.651818 -0.596375 -0.442236
0 0.474639 0.648719 -0.592770 -0.442747
0 0.382129 1.205356 0.006813 0.377439
0 0.371740 1.213544 -0.020144 0.361429
0 0.370812 1.211268 -0.020415 0.356805
0 0.581761 0.887459 -0.569913 -0.435158
0 0.546954 0.971765 -0.629715 -0.971387
0 0.546125 0.973929 -0.629824 -0.967096
0 0.583279 0.892341 -0.566055 -0.422052
0 0.581966 0.888921 -0.569986 -0.432617
0 0.471789 0.650928 -0.598044 -0.444080
0 0.643396 0.697514 -0.975706 -0.819115
0 0.643834 0.698488 -0.975431 -0.819729
0 0.475507 0.638139 -0.602489 -0.453907
0 0.472719 0.652213 -0.596430 -0.443797
0 0.472359 0.649036 -0.596966 -0.443344
0 0.476149 0.638514 -0.602445 -0.452647
0 0.557200 0.972106 -0.580069 -0.977311
0 0.584460 0.821344 -0.577551 -0.455746
0 0.555628 0.971454 -0.529360 -0.981452
0 0.556122 0.970866 -0.529543 -0.982386
