0 0.759494 1.035998 0.465381 0.274812
0 0.750442 0.576020 -0.604771 -0.053964
0 0.750662 0.576496 -0.604373 -0.054370
0 0.751486 0.574688 -0.603945 -0.052819
0 0.750244 0.575134 -0.605921 -0.052491
0 0.750479 0.576520 -0.605481 -0.053346
0 0.750340 0.575864 -0.605538 -0.051006
0 0.741826 0.603020 -0.610911 -0.021013
0 0.747025 0.581764 -0.599545 -0.051884
0 0.747407 0.582396 -0.598362 -0.051233
0 0.746599 0.582000 -0.600820 -0.052422
0 0.739710 0.570963 -0.613348 -0.058049
0 0.747137 0.562353 -0.598961 -0.064132
0 0.746780 0.562186 -0.599962 -0.064426
0 0.746614 0.598529 -0.617900 -0.029646
0 0.747914 0.561745 -0.596810 -0.066032
0 0.750464 0.593488 -0.626810 -0.041618
0 0.752014 0.593917 -0.624019 -0.042005
0 0.750620 0.592878 -0.626622 -0.041725
