0 0.479534 1.122194 -0.435394 -0.932631
0 0.480245 1.121756 -0.435752 -0.931721
0 0.479640 1.121221 -0.435625 -0.931907
0 0.476456 1.121974 -0.447267 -0.933222
0 0.475995 1.123149 -0.449138 -0.930053
0 0.637099 0.737214 -0.844274 -0.379993
0 0.636165 0.737933 -0.845358 -0.380842
0 0.478116 1.121319 -0.444801 -0.932142
0 0.623320 0.751960 -0.900683 -0.434279
0 0.623741 0.758078 -0.900674 -0.420116
0 0.618468 0.713646 -0.938520 -0.614732
0 0.619202 0.716453 -0.936143 -0.609042
0 0.637235 0.741346 -0.844350 -0.372622
0 0.621093 0.714895 -0.934669 -0.613220
0 0.618518 0.715689 -0.944936 -0.629694
0 0.619322 0.717176 -0.942822 -0.626384
0 0.619206 0.714266 -0.943681 -0.632927
0 0.518799 1.126265 -0.164626 -0.931761
0 0.518552 1.126114 -0.161805 -0.931188
0 0.518443 1.126933 -0.161452 -0.929903
0 0.622237 0.737522 -0.932223 -0.572243
0 0.622213 0.735860 -0.933509 -0.578332
0 0.477483 1.129430 -0.435635 -0.937293
0 0.471704 1.112071 -0.444437 -0.940433
0 0.481727 1.133998 -0.446722 -0.929214
0 0.427821 0.766345 -0.555929 -0.869246
0 0.427698 0.768358 -0.556050 -0.862116
0 0.427269 0.766977 -0.556793 -0.864488
0 0.617848 0.730166 -0.951872 -0.625624
0 0.427967 0.765505 -0.555152 -0.869626
0 0.617969 0.728427 -0.951810 -0.629265
0 0.479772 1.126962 -0.424469 -0.936633
0 0.631512 0.693108 -0.844202 -0.410207
0 0.528533 1.127750 -0.119683 -0.906522
0 0.482088 1.126296 -0.421130 -0.938508
0 0.528229 1.128875 -0.118379 -0.907609
0 0.631845 0.695608 -0.842839 -0.405804
0 0.528631 1.128339 -0.118527 -0.906866
0 0.480605 1.127853 -0.422502 -0.935606
0 0.633767 0.692904 -0.844309 -0.412768
0 0.475968 1.116838 -0.449003 -0.927946
0 0.633120 0.684205 -0.845353 -0.423011
0 0.633907 0.694684 -0.844072 -0.407261
0 0.635558 0.679711 -0.841412 -0.424319
0 0.632564 0.715797 -0.837147 -0.401211
