0 0.328702 0.691681 -0.315979 -0.602230
0 0.328610 0.693437 -0.316227 -0.599596
0 0.524024 0.759339 -0.592415 -0.545668
0 0.523672 0.760511 -0.592994 -0.544196
0 0.329415 0.690506 -0.316168 -0.598850
0 0.329749 0.690909 -0.315801 -0.599143
0 0.265574 0.484052 -0.314803 -0.215052
0 0.329840 0.692219 -0.315418 -0.596247
0 0.266660 0.477215 -0.310898 -0.221580
0 0.266486 0.477113 -0.311106 -0.220201
0 0.264988 0.484011 -0.312647 -0.213522
0 0.265914 0.484952 -0.313769 -0.213745
0 0.524846 0.760318 -0.590652 -0.542639
0 0.266232 0.477947 -0.311032 -0.219790
0 0.264876 0.483500 -0.312550 -0.213126
0 0.329058 0.690756 -0.317624 -0.599835
0 0.328846 0.690909 -0.318184 -0.598650
0 0.518585 0.757384 -0.596854 -0.547321
0 0.518679 0.756759 -0.596463 -0.549104
0 0.525909 0.762655 -0.597744 -0.542653
0 0.525762 0.763172 -0.598965 -0.542648
0 0.518881 0.757933 -0.595779 -0.546533
0 0.329487 0.694345 -0.314570 -0.593842
0 0.330287 0.683300 -0.315220 -0.604790
0 0.328958 0.692179 -0.315813 -0.598401
0 0.330039 0.684014 -0.315761 -0.603723
0 0.329983 0.681577 -0.315951 -0.609755
0 0.526992 0.762740 -0.595564 -0.541787
0 0.264403 0.472544 -0.315331 -0.224743
0 0.516978 0.758507 -0.600708 -0.548079
0 0.264190 0.472992 -0.315522 -0.223260
0 0.264693 0.473501 -0.314862 -0.222368
0 0.266913 0.482918 -0.313301 -0.214943
0 0.514108 0.760757 -0.604212 -0.545418
0 0.266779 0.483030 -0.313210 -0.214661
0 0.266391 0.484183 -0.313403 -0.212598
0 0.328594 0.692389 -0.315607 -0.600543
0 0.326959 0.693857 -0.318246 -0.597851
0 0.265103 0.484131 -0.313853 -0.208658
0 0.328596 0.692503 -0.315731 -0.600599
0 0.265488 0.484883 -0.313624 -0.208037
0 0.516367 0.756479 -0.599980 -0.553977
0 0.514313 0.755705 -0.601196 -0.553432
0 0.529663 0.763722 -0.597159 -0.542002
0 0.326233 0.680033 -0.319769 -0.601167
0 0.328340 0.681134 -0.316309 -0.604415
0 0.328661 0.679686 -0.315946 -0.602849
0 0.524894 0.765251 -0.605772 -0.540984
0 0.515662 0.743842 -0.601288 -0.572869
0 0.516048 0.748538 -0.602386 -0.568652
0 0.263852 0.480598 -0.311129 -0.218239
