0 0.263082 0.778854 0.169623 -0.814421
0 0.263377 0.779297 0.169636 -0.811456
0 0.263107 0.773668 0.173515 -0.819656
0 0.263392 0.775544 0.178954 -0.814659
0 0.262841 0.772819 0.172720 -0.822027
0 0.261243 0.775042 0.174825 -0.815546
0 0.262319 0.775835 0.175502 -0.814867
0 0.262639 0.773659 0.173166 -0.819718
0 0.302255 0.644963 -0.274125 -0.854005
0 0.263592 0.774912 0.170239 -0.812740
0 0.301939 0.644542 -0.275003 -0.854381
0 0.264097 0.773122 0.170501 -0.816543
0 0.264400 0.774692 0.172167 -0.811027
0 0.302428 0.647436 -0.272071 -0.852510
0 0.302810 0.647900 -0.271234 -0.851217
0 0.302154 0.646933 -0.273840 -0.842357
0 0.302752 0.646750 -0.271551 -0.853382
0 0.302226 0.647154 -0.273725 -0.842269
0 0.261846 0.778489 0.169026 -0.814834
0 0.304332 0.647122 -0.268794 -0.855615
0 0.261994 0.777913 0.168387 -0.815827
0 0.303528 0.652532 -0.266435 -0.846026
0 0.304135 0.647474 -0.269481 -0.854330
0 0.236900 0.599412 -0.099840 -0.858562
0 0.234222 0.598008 -0.107799 -0.863783
0 0.235144 0.598121 -0.105437 -0.863148
0 0.235099 0.597166 -0.105274 -0.863969
0 0.238588 0.597360 -0.094178 -0.865253
0 0.238754 0.597333 -0.093618 -0.866768
0 0.238495 0.597587 -0.094372 -0.865202
0 0.236142 0.599231 -0.099350 -0.861098
0 0.235781 0.601742 -0.099710 -0.857606
0 0.301132 0.647666 -0.273616 -0.854642
0 0.237405 0.599925 -0.098365 -0.857155
0 0.303157 0.648453 -0.269825 -0.852877
0 0.303227 0.646891 -0.269722 -0.855999
0 0.238274 0.595307 -0.089203 -0.868685
0 0.303899 0.649008 -0.272704 -0.838453
0 0.266661 0.776520 0.170989 -0.809778
0 0.303174 0.648533 -0.266124 -0.857912
0 0.304502 0.648938 -0.271947 -0.839168
0 0.304393 0.649145 -0.272046 -0.838149
0 0.267117 0.779150 0.172572 -0.804694
0 0.760792 1.152491 -0.289263 -0.497352
0 0.238065 0.601018 -0.086053 -0.856602
0 0.759860 1.152411 -0.290103 -0.495138
0 0.241590 0.597318 -0.086207 -0.862898
0 0.746340 1.137751 -0.296265 -0.547498
0 0.745985 1.137780 -0.298243 -0.544825
0 0.237656 0.594171 -0.100607 -0.868789
0 0.240719 0.597136 -0.098066 -0.865892
0 0.760176 1.141240 -0.289341 -0.522676
0 0.238534 0.599202 -0.083706 -0.858900
0 0.745738 1.132858 -0.298210 -0.562962
0 0.240787 0.599628 -0.103651 -0.862011
0 0.239958 0.599173 -0.104717 -0.862981
0 0.250167 0.769823 0.166079 -0.829587
0 0.251085 0.769975 0.167066 -0.826910
0 0.304445 0.651386 -0.258185 -0.844953
0 0.048797 0.826886 0.032347 -1.003155
0 0.046331 0.831697 0.030736 -0.988751
0 0.046660 0.832835 0.030806 -0.987520
