0 0.441953 0.282659 -0.638219 -0.049654
0 0.441912 0.281526 -0.638119 -0.051117
0 0.440202 0.282461 -0.641409 -0.050467
0 0.439116 0.285655 -0.642725 -0.049133
0 0.440395 0.282718 -0.641411 -0.050096
0 0.438593 0.286819 -0.643537 -0.046808
0 0.438660 0.286091 -0.643344 -0.047122
0 0.369873 0.596084 -0.188211 -0.158501
0 0.370265 0.597541 -0.188111 -0.157321
0 0.361624 0.298616 -0.543074 -0.062426
0 0.370873 0.597095 -0.187650 -0.156744
0 0.541527 0.427808 -0.768852 -0.064148
0 0.324171 0.319555 -0.365445 -0.140177
0 0.541277 0.429792 -0.769053 -0.064119
0 0.369349 0.607546 -0.181327 -0.151352
0 0.324377 0.318574 -0.365704 -0.141838
0 0.604835 0.550833 -0.793193 -0.177254
0 0.369689 0.609849 -0.181332 -0.147276
0 0.604558 0.549581 -0.793923 -0.176922
0 0.370046 0.607649 -0.181607 -0.149097
0 0.321840 0.322356 -0.375066 -0.137013
0 0.321786 0.322302 -0.375211 -0.136180
0 0.371484 0.493346 -0.625151 -0.361298
0 0.371344 0.494640 -0.625228 -0.358134
0 0.360062 0.303617 -0.542153 -0.066292
0 0.361383 0.293139 -0.541667 -0.064414
0 0.246077 0.387547 -0.217319 -0.109620
0 0.371327 0.494025 -0.625177 -0.360755
0 0.246081 0.388311 -0.216767 -0.109040
0 0.371052 0.495299 -0.625804 -0.364950
0 0.360280 0.297489 -0.542554 -0.062809
0 0.328314 1.175903 0.217294 0.201390
0 0.759992 1.138840 -0.547659 0.085167
0 0.370931 0.494273 -0.626082 -0.368056
0 0.759846 1.138523 -0.547276 0.086094
0 0.360254 0.297676 -0.542888 -0.062090
0 0.370763 0.494074 -0.625790 -0.367589
0 0.438737 0.277505 -0.642405 -0.053007
0 0.360317 0.298392 -0.542509 -0.060811
0 0.438447 0.277729 -0.642642 -0.053547
0 0.438599 0.278023 -0.642562 -0.052081
0 0.363319 0.298948 -0.540372 -0.061519
0 0.362212 0.294085 -0.539904 -0.063424
0 0.607495 0.552638 -0.787649 -0.174555
0 0.536837 0.424273 -0.768605 -0.063977
0 0.536701 0.423693 -0.769007 -0.063482
0 0.366552 0.583231 -0.195298 -0.161399
0 0.536185 0.423761 -0.770587 -0.063897
0 0.604898 0.532671 -0.799175 -0.201710
0 0.762337 1.128431 -0.543247 0.052454
0 0.361769 0.304809 -0.539091 -0.065154
0 0.606215 0.551509 -0.803456 -0.181176
0 0.244298 0.392852 -0.214816 -0.108593
0 0.246162 0.379300 -0.217376 -0.114909
0 0.763158 1.130386 -0.542526 0.056625
0 0.364694 0.596923 -0.184810 -0.153493
0 0.244283 0.393718 -0.214641 -0.105084
0 0.246323 0.379440 -0.217096 -0.115259
0 0.601047 0.549186 -0.810032 -0.196996
0 0.438114 0.290716 -0.647461 -0.043688
0 0.604521 0.531572 -0.799628 -0.203415
0 0.439066 0.289942 -0.645280 -0.045316
0 0.605993 0.551288 -0.804254 -0.180077
0 0.365210 0.598689 -0.183455 -0.151690
0 0.243919 0.393562 -0.216344 -0.106822
0 0.359201 0.290733 -0.547846 -0.067138
0 0.599695 0.547796 -0.812221 -0.200474
0 0.244226 0.386412 -0.220780 -0.112068
0 0.536489 0.400723 -0.772918 -0.075103
0 0.365388 0.598221 -0.182912 -0.150978
0 0.537107 0.399457 -0.772135 -0.077117
0 0.244162 0.387916 -0.220498 -0.108502
0 0.243526 0.387325 -0.221814 -0.109943
0 0.359243 0.289293 -0.547978 -0.069169
0 0.359112 0.289760 -0.547538 -0.068965
0 0.438175 0.290169 -0.647552 -0.044710
0 0.321863 0.321266 -0.368337 -0.140478
0 0.604786 0.531408 -0.800138 -0.204890
0 0.436954 0.283728 -0.647488 -0.042586
0 0.764468 1.144452 -0.529454 0.098770
0 0.764591 1.142932 -0.530395 0.096552
0 0.321279 0.321717 -0.369385 -0.139361
0 0.599454 0.548901 -0.777174 -0.110976
0 0.607489 0.551389 -0.798644 -0.184872
0 0.321513 0.320892 -0.368264 -0.141639
0 0.441475 0.288104 -0.637623 -0.043397
0 0.541221 0.453070 -0.766190 -0.048588
0 0.320030 0.319454 -0.385758 -0.140583
0 0.599837 0.545678 -0.776078 -0.111615
0 0.361385 0.624632 -0.180118 -0.143314
0 0.361719 0.626016 -0.179723 -0.140709
0 0.319771 0.319889 -0.386264 -0.139800
0 0.443199 0.288143 -0.636252 -0.043765
0 0.540105 0.455339 -0.768749 -0.046394
0 0.319765 0.319031 -0.386198 -0.141871
0 0.318483 0.316097 -0.372141 -0.140475
0 0.324304 1.119108 0.214134 -0.011194
0 0.362770 0.625324 -0.177834 -0.140567
0 0.318329 0.316912 -0.372014 -0.139176
0 0.317975 0.316986 -0.372955 -0.140027
0 0.324557 1.122047 0.215916 -0.003852
0 0.358973 0.306818 -0.540376 -0.056250
0 0.601072 0.543275 -0.810511 -0.210312
0 0.358622 0.271563 -0.546916 -0.080304
0 0.541076 0.452506 -0.766619 -0.053904
0 0.556780 0.456047 -0.759290 -0.060230
0 0.358976 0.308040 -0.540492 -0.054127
0 0.766637 1.143517 -0.526970 0.070029
0 0.767098 1.142769 -0.524650 0.068493
0 0.358766 0.306929 -0.540831 -0.056254
0 0.373077 0.488594 -0.622785 -0.359836
0 0.374123 0.491156 -0.620650 -0.355660
0 0.288778 0.750689 -0.002506 -0.132726
0 0.555473 0.458618 -0.761046 -0.056163
0 0.539362 0.423212 -0.771395 -0.067775
0 0.373299 0.489700 -0.622111 -0.360134
0 0.287380 0.750836 -0.002606 -0.131644
0 0.602157 0.550860 -0.772427 -0.110774
0 0.537014 0.423605 -0.764559 -0.058179
0 0.539289 0.422313 -0.771606 -0.068590
0 0.538919 0.422983 -0.772097 -0.067198
0 0.349126 0.587357 -0.201040 -0.155337
0 0.347995 0.612583 -0.190608 -0.143300
0 0.536303 0.422392 -0.765740 -0.061300
0 0.556668 0.456801 -0.759771 -0.062163
0 0.437020 0.265474 -0.645955 -0.061093
0 0.292315 0.751391 0.004783 -0.132288
0 0.565825 0.484419 -0.764791 -0.072440
0 0.369055 0.477701 -0.628270 -0.389156
0 0.317616 0.313054 -0.390026 -0.141298
0 0.359935 0.607819 -0.194290 -0.149998
0 0.531785 0.388265 -0.776552 -0.081838
0 0.564894 0.483607 -0.764784 -0.071148
0 0.531052 0.387674 -0.777765 -0.082096
0 0.249621 0.395348 -0.218272 -0.102425
0 0.317459 0.313438 -0.390449 -0.142105
0 0.531673 0.387884 -0.776536 -0.081192
0 0.317790 0.312293 -0.389836 -0.142001
0 0.577575 0.479771 -0.778714 -0.134102
0 0.358131 0.295125 -0.542971 -0.066352
0 0.606867 0.563365 -0.789568 -0.195102
0 0.249237 0.394659 -0.218584 -0.102997
0 0.337552 0.344086 -0.315403 -0.111958
0 0.606739 0.565648 -0.789455 -0.189726
0 0.577175 0.477844 -0.780109 -0.135248
0 0.371331 0.494537 -0.624161 -0.365988
0 0.338262 0.343849 -0.313720 -0.111029
0 0.244537 0.375264 -0.224702 -0.114090
0 0.597801 0.535147 -0.784932 -0.177218
0 0.574598 0.477438 -0.783998 -0.135993
0 0.244135 0.374021 -0.225782 -0.116458
0 0.589635 0.515784 -0.777746 -0.128734
0 0.244566 0.373512 -0.224994 -0.118322
0 0.568854 0.479972 -0.770315 -0.113179
0 0.369604 0.550467 -0.193376 -0.186745
0 0.568447 0.480543 -0.770474 -0.111643
0 0.597158 0.552092 -0.793155 -0.194006
0 0.377145 0.501533 -0.620297 -0.351886
0 0.594738 0.534119 -0.791357 -0.178553
0 0.282781 0.754685 0.085264 -0.121976
0 0.829508 1.135357 0.434458 -0.045621
0 0.582081 0.418727 -0.765911 -0.144531
0 0.281439 0.755648 0.084771 -0.120544
0 0.596150 0.549481 -0.796917 -0.197787
0 0.582290 0.414661 -0.768359 -0.146776
0 0.314447 0.311911 -0.399153 -0.143462
0 0.834548 1.135613 0.438720 -0.045893
0 0.359203 0.268381 -0.545401 -0.084383
0 0.319186 0.307860 -0.380061 -0.150448
0 0.583961 0.514390 -0.786263 -0.129159
0 0.568535 0.478387 -0.771385 -0.118701
