0 0.511009 0.821903 -0.433342 0.393591
0 0.513927 0.820517 -0.426796 0.390305
0 0.510710 0.817120 -0.435354 0.386628
0 0.750315 1.266568 0.270778 0.138355
0 0.503367 0.768299 -0.445463 0.381248
0 0.779782 1.290814 0.235602 0.354721
0 0.503392 0.765452 -0.447078 0.376769
0 0.505731 0.769056 -0.439739 0.381413
0 0.505107 0.831038 -0.432073 0.407726
0 0.507090 0.829468 -0.427112 0.405643
0 0.505893 0.820004 -0.430321 0.389373
0 0.520416 0.890037 -0.414154 0.431193
0 0.521351 0.891486 -0.413269 0.433212
