0 0.243850 0.524367 -0.324326 -0.681425
0 0.241924 0.529132 -0.334499 -0.688254
0 0.241840 0.529803 -0.334521 -0.688232
0 0.244062 0.526405 -0.331589 -0.689863
0 0.241716 0.526567 -0.334565 -0.694260
0 0.243972 0.516976 -0.327695 -0.692302
0 0.244026 0.527237 -0.331797 -0.689430
0 0.242310 0.526478 -0.332846 -0.694213
0 0.241689 0.529764 -0.334608 -0.687727
0 0.243963 0.527044 -0.331804 -0.689533
0 0.472823 0.528793 -0.814629 -0.705135
0 0.728678 0.925083 0.536377 0.604059
0 0.472896 0.528987 -0.813872 -0.706266
0 0.472873 0.528738 -0.814868 -0.706980
0 0.243698 0.530604 -0.332727 -0.695323
0 0.472616 0.528041 -0.813803 -0.708964
0 0.244130 0.530371 -0.331044 -0.695234
0 0.472189 0.529475 -0.814710 -0.707252
0 0.472347 0.529265 -0.814514 -0.706754
0 0.473842 0.527903 -0.815585 -0.705936
0 0.473631 0.528719 -0.815992 -0.705196
0 0.245530 0.516009 -0.316381 -0.699071
