0 0.488023 0.864383 -0.248048 0.010696
0 0.485917 0.861621 -0.251430 0.007724
0 0.487756 0.858330 -0.246347 -0.002277
0 0.481587 0.850631 -0.245459 -0.020107
0 0.480978 0.859979 -0.247306 0.000349
0 0.481055 0.858681 -0.247760 0.000026
0 0.450452 0.872247 -0.264016 0.020570
0 0.450563 0.869657 -0.264847 0.016807
0 0.449526 0.867072 -0.264991 0.010890
0 0.456245 0.863382 -0.276521 -0.025264
0 0.520309 0.864173 -0.222473 0.012334
0 0.522348 0.864022 -0.220685 0.008642
0 0.450290 0.830754 -0.277447 -0.047838
0 0.522943 0.858915 -0.219764 -0.002448
0 0.535689 0.841790 -0.206239 -0.036310
0 0.534342 0.846346 -0.209341 -0.024016
0 0.451312 0.856147 -0.256476 0.007453
0 0.450905 0.848128 -0.256483 -0.013130
0 0.452006 0.853149 -0.256094 0.003781
0 0.532130 0.846824 -0.211712 -0.019532
0 0.483849 0.852883 -0.249608 -0.048929
