0 0.214222 0.800008 -0.324776 -1.322664
0 0.214422 0.799861 -0.324931 -1.323143
0 0.214513 0.800930 -0.324985 -1.321225
0 0.213274 0.799953 -0.324606 -1.323778
0 0.212694 0.798891 -0.325455 -1.324913
0 0.213152 0.799954 -0.324709 -1.323693
0 0.215115 0.798936 -0.323245 -1.322388
0 0.215017 0.799753 -0.323022 -1.320915
0 0.215671 0.799452 -0.321748 -1.321343
0 0.213993 0.802195 -0.324096 -1.321837
0 0.215892 0.800067 -0.320946 -1.320096
0 0.214865 0.798596 -0.323433 -1.324618
0 0.588854 0.845640 -0.562401 -0.521479
0 0.214221 0.801341 -0.324046 -1.325006
0 0.213724 0.801771 -0.324097 -1.323251
0 0.589355 0.844452 -0.564087 -0.520849
0 0.589105 0.846218 -0.561404 -0.521440
0 0.592102 0.848509 -0.554326 -0.518856
0 0.592107 0.847411 -0.556043 -0.518315
0 0.592490 0.848467 -0.552892 -0.520521
0 0.215770 0.799293 -0.321438 -1.321473
0 0.587192 0.854501 -0.571609 -0.505946
0 0.589893 0.848977 -0.570437 -0.512776
0 0.589090 0.849757 -0.571252 -0.510283
0 0.590139 0.848692 -0.570212 -0.515338
0 0.215358 0.796819 -0.322795 -1.312273
0 0.215854 0.796853 -0.321913 -1.311996
0 0.218094 0.802171 -0.314304 -1.316778
0 0.215634 0.796700 -0.321869 -1.311954
