0 0.803006 0.714683 -1.154608 -0.609600
0 0.803596 0.715803 -1.153511 -0.607538
0 0.800315 0.713770 -1.161063 -0.609081
0 0.799862 0.714760 -1.161149 -0.605266
0 0.799478 0.715049 -1.160609 -0.606339
0 0.800656 0.712891 -1.161614 -0.611836
0 0.800031 0.712433 -1.162547 -0.611910
0 0.800090 0.715430 -1.166300 -0.606487
0 0.798879 0.715145 -1.169161 -0.606429
0 0.802960 0.710968 -1.155364 -0.617542
0 0.802524 0.712485 -1.155016 -0.616010
0 0.801409 0.713417 -1.155770 -0.613638
0 0.800497 0.713634 -1.160423 -0.608701
0 0.799971 0.715367 -1.161112 -0.604987
0 0.800515 0.715627 -1.160378 -0.604700
0 1.339647 0.250200 -1.497169 0.136345
0 1.338925 0.248924 -1.500751 0.133821
0 1.334253 0.248510 -1.520260 0.136359
0 1.335156 0.249862 -1.509934 0.136768
0 1.334516 0.247820 -1.517600 0.135942
0 1.332623 0.248252 -1.525631 0.135531
0 0.566996 0.860438 -0.506520 -1.466642
0 0.568041 0.859110 -0.500112 -1.465260
0 1.244344 0.230848 -0.654535 0.001211
0 1.241320 0.231250 -0.659845 0.002545
0 0.564360 0.860115 -0.504083 -1.465138
0 0.566195 0.860098 -0.501545 -1.465531
0 0.566301 0.861014 -0.501112 -1.463671
0 0.559417 0.861452 -0.510304 -1.461268
0 1.334424 0.245612 -1.495256 0.118432
0 0.563484 0.857699 -0.516865 -1.468330
0 0.565692 0.857449 -0.510512 -1.469247
0 1.334705 0.245270 -1.493984 0.120225
0 0.565931 0.858375 -0.509767 -1.467211
0 0.560282 0.859266 -0.500400 -1.466680
0 0.798665 0.713850 -1.154181 -0.616310
0 1.183565 0.232294 -0.691030 -0.002133
0 1.185482 0.232183 -0.687928 -0.001083
0 1.333907 0.248572 -1.520688 0.129562
0 0.562329 0.859529 -0.496924 -1.466831
0 0.562461 0.860929 -0.496096 -1.463456
0 0.798552 0.715175 -1.154406 -0.617541
0 1.334142 0.247648 -1.521417 0.128697
0 1.239713 0.235997 -0.662584 0.011592
0 0.561514 0.861722 -0.506720 -1.465389
0 0.798058 0.716327 -1.155322 -0.613371
0 1.335714 0.249001 -1.527441 0.142909
0 1.334879 0.248196 -1.530040 0.141426
