0 0.601620 0.934391 -0.525569 -0.776476
0 0.601443 0.936410 -0.526453 -0.779144
0 0.601105 0.933998 -0.526702 -0.779491
0 0.597923 0.942892 -0.536332 -0.767849
0 0.597696 0.942845 -0.536579 -0.767168
0 0.597952 0.942090 -0.537477 -0.767781
0 0.608014 0.940356 -0.510219 -0.764590
0 0.471770 0.784957 -0.761405 -0.734700
0 0.117534 0.832169 -0.060008 -0.991729
0 0.121168 0.748053 -0.053265 -0.901789
0 0.117240 0.831513 -0.060353 -0.993204
0 0.121073 0.747601 -0.054314 -0.904869
0 0.121036 0.748200 -0.054341 -0.904039
0 0.121138 0.747907 -0.054191 -0.904643
0 0.121195 0.750200 -0.052649 -0.896615
0 0.291656 0.847625 -0.247332 -0.871736
0 0.117085 0.832178 -0.060816 -0.992588
0 0.291956 0.848280 -0.246745 -0.868349
0 0.605309 0.935210 -0.521567 -0.780288
0 0.473057 0.785475 -0.757815 -0.732966
0 0.121930 0.751683 -0.052769 -0.907719
0 0.122606 0.752618 -0.050956 -0.905544
0 0.472520 0.790421 -0.763262 -0.731326
0 0.122517 0.751212 -0.051167 -0.908443
0 0.472601 0.787887 -0.763296 -0.736601
0 0.119554 0.827506 -0.059882 -1.003441
0 0.122186 0.751539 -0.053901 -0.903213
0 0.121781 0.831421 -0.051493 -0.965784
0 0.472457 0.789810 -0.763714 -0.733338
0 0.471841 0.784325 -0.764576 -0.736192
0 0.472451 0.787021 -0.763494 -0.731798
0 0.294627 0.849521 -0.248713 -0.861932
0 0.121527 0.824521 -0.059062 -0.975374
0 0.122594 0.753494 -0.052168 -0.901058
0 0.295720 0.848660 -0.247117 -0.865077
0 0.471762 0.788209 -0.764803 -0.730309
0 0.160304 0.801132 -0.139202 -1.015782
0 0.294195 0.847572 -0.250316 -0.867506
0 0.471138 0.790466 -0.761097 -0.727983
0 0.160298 0.800936 -0.140001 -1.015971
0 0.296818 0.842479 -0.234869 -0.883881
0 0.296221 0.842887 -0.237089 -0.883544
0 0.119923 0.829219 -0.057622 -1.000251
0 0.210397 0.738923 -0.272907 -0.864404
0 0.160206 0.800368 -0.140286 -1.018453
0 0.210265 0.737544 -0.273285 -0.866695
0 0.122151 0.832994 -0.050879 -0.963372
0 0.121041 0.826517 -0.059265 -0.972985
0 0.210177 0.735746 -0.273278 -0.869134
0 0.296560 0.842239 -0.236328 -0.884092
0 0.159779 0.821616 -0.139408 -0.974563
0 0.473296 0.792908 -0.757576 -0.724792
0 0.160813 0.821901 -0.136946 -0.975732
0 0.290195 0.848508 -0.256739 -0.854533
0 0.115647 0.827821 -0.064911 -0.994871
0 0.116978 0.827411 -0.062525 -0.995575
0 0.601553 0.944484 -0.534976 -0.757091
0 0.288777 0.845121 -0.258161 -0.853730
0 0.599692 0.945328 -0.539217 -0.754899
0 0.158665 0.797834 -0.144106 -1.036701
0 0.600784 0.944754 -0.536453 -0.754363
0 0.158718 0.798913 -0.144393 -1.034396
0 0.115932 0.827586 -0.064481 -0.995587
0 0.287173 0.834301 -0.196621 -0.935726
0 0.158986 0.798386 -0.143839 -1.035296
0 0.237028 0.820638 -0.216903 -0.998794
0 0.160261 0.809175 -0.145056 -0.973455
0 0.160027 0.810167 -0.145582 -0.971684
0 0.472296 0.777249 -0.765445 -0.741160
0 0.210881 0.735951 -0.269548 -0.868700
0 0.239081 0.821367 -0.213731 -0.996725
0 0.239461 0.820802 -0.213155 -0.998759
0 0.159999 0.810235 -0.145919 -0.972420
0 0.158790 0.791514 -0.144548 -1.069753
0 0.277896 0.833242 -0.208001 -0.934768
0 0.235150 0.737243 -0.333701 -0.874897
0 0.235371 0.740907 -0.333657 -0.870580
0 0.236097 0.732097 -0.334806 -0.886892
0 0.117304 0.739492 -0.061045 -0.912020
0 0.161131 0.814776 -0.135852 -1.004709
0 0.292104 0.843962 -0.256207 -0.898697
0 0.209501 0.740093 -0.276280 -0.863392
0 0.292412 0.843795 -0.255571 -0.898219
0 0.235293 0.738732 -0.333429 -0.873203
0 0.293441 0.853586 -0.260051 -0.849413
0 0.162204 0.815933 -0.132417 -1.001675
0 0.291774 0.842967 -0.257926 -0.898626
0 0.123679 0.742460 -0.048034 -0.914195
0 0.294135 0.853779 -0.259621 -0.849424
0 0.296208 0.833440 -0.226191 -0.933760
0 0.470053 0.775519 -0.767283 -0.744048
0 0.119414 0.742722 -0.059918 -0.903760
0 0.473337 0.780997 -0.762965 -0.732791
0 0.296743 0.834082 -0.225254 -0.934477
0 0.295483 0.833513 -0.227105 -0.934803
0 0.471090 0.777003 -0.764992 -0.740988
0 0.217603 0.734043 -0.266988 -0.867325
0 0.119545 0.740686 -0.059832 -0.905605
0 0.119921 0.741189 -0.058519 -0.905348
0 0.118575 0.830955 -0.062368 -1.005836
0 0.116657 0.829179 -0.062185 -1.010646
0 0.470084 0.776952 -0.767373 -0.740924
0 0.116591 0.828885 -0.062449 -1.011766
0 0.116856 0.829209 -0.061925 -1.010693
0 0.188986 0.816010 -0.237865 -1.016779
0 0.125618 0.755116 -0.043544 -0.908237
0 0.159681 0.787590 -0.143215 -1.079161
0 0.190140 0.815818 -0.237503 -1.016876
0 0.604073 0.938733 -0.528571 -0.800524
0 0.215059 0.739254 -0.269752 -0.865159
0 0.240985 0.822226 -0.243359 -0.988797
0 0.602264 0.944252 -0.513355 -0.747855
0 0.233503 0.822502 -0.095888 -0.977309
0 0.238824 0.822611 -0.247308 -0.988374
0 0.118514 0.741920 -0.058110 -0.908015
0 0.233167 0.727723 -0.341053 -0.876362
0 0.189933 0.816191 -0.237476 -1.016811
0 0.207988 0.724166 -0.276606 -0.874443
0 0.602724 0.943735 -0.511886 -0.748204
0 0.602926 0.945609 -0.511464 -0.744196
0 0.215028 0.737846 -0.269779 -0.867419
0 0.207762 0.723864 -0.277051 -0.875421
0 0.159180 0.808855 -0.145618 -1.020099
0 0.121502 0.845874 -0.052900 -0.911841
0 0.240495 0.822267 -0.244319 -0.989146
0 0.215588 0.738485 -0.268612 -0.866684
0 0.233297 0.728618 -0.340949 -0.875323
0 0.120781 0.845037 -0.053623 -0.912974
0 0.613017 0.947067 -0.501252 -0.728279
0 0.234594 0.824346 -0.096315 -0.976675
0 0.120763 0.847178 -0.053984 -0.909697
0 0.208190 0.724391 -0.276434 -0.874735
0 0.232978 0.727835 -0.341287 -0.876772
0 0.603703 0.920758 -0.523766 -0.806532
0 0.230307 0.825458 -0.247201 -0.992954
0 0.210907 0.743500 -0.261536 -0.881654
0 0.231651 0.825877 -0.244115 -0.991017
0 0.231052 0.820938 -0.268837 -0.996664
0 0.607191 0.922654 -0.512767 -0.797206
0 0.224708 0.739984 -0.260920 -0.862229
0 0.238395 0.727231 -0.325813 -0.877171
0 0.212829 0.735499 -0.275372 -0.867239
0 0.474880 0.794872 -0.759546 -0.732896
0 0.607626 0.936164 -0.499273 -0.748263
0 0.237951 0.736897 -0.337077 -0.877163
0 0.464550 0.148433 -0.415794 0.099493
0 0.464318 0.149705 -0.416700 0.099826
0 0.475782 0.795759 -0.758047 -0.731846
0 0.474652 0.795088 -0.759790 -0.732035
