0 0.660479 1.187811 -0.675968 0.314559
0 0.660070 1.183800 -0.679101 0.305970
0 0.316344 1.178672 -0.010494 0.249391
0 0.308777 1.178342 -0.007418 0.268051
0 0.308990 1.177740 -0.009150 0.264648
0 0.316801 1.175894 -0.010311 0.240354
0 0.668300 1.147200 -0.629184 0.258519
0 0.669503 1.151203 -0.624371 0.267929
0 0.506462 1.172215 -0.441105 0.228545
0 0.506164 1.169846 -0.443001 0.225833
0 0.377990 1.160089 -0.300602 0.116381
0 0.125150 1.002235 0.080450 -0.814008
0 0.128861 1.002283 0.083685 -0.812410
0 0.379533 1.159319 -0.295613 0.112284
0 0.381556 1.158745 -0.298470 0.108256
0 0.490184 1.149675 -0.464968 0.090477
0 0.382866 1.156777 -0.295923 0.101912
0 0.490376 1.151389 -0.464213 0.092887
0 0.308504 1.180311 -0.016262 0.337142
0 0.309390 1.180571 -0.015379 0.338649
0 0.705973 1.182775 -0.496527 0.325295
0 0.531929 1.197249 -0.416296 0.362858
0 0.316839 1.190154 -0.013266 0.347457
0 0.530057 1.203846 -0.420757 0.374190
0 0.317021 1.196509 -0.013716 0.358039
0 0.705061 1.186625 -0.500499 0.329095
0 0.657459 1.188893 -0.695725 0.298678
0 0.657920 1.192311 -0.697169 0.307323
0 0.178786 1.006247 0.121099 -0.801270
0 0.474047 1.164662 -0.450952 0.201174
0 0.178651 1.005443 0.120049 -0.803714
0 0.179326 1.005758 0.120298 -0.802934
0 0.173624 1.002571 0.112901 -0.813172
0 0.324820 1.167117 -0.009199 0.158844
0 0.325339 1.163361 -0.010608 0.147620
0 0.480322 1.162984 -0.444019 0.196581
0 0.106453 0.999770 0.072977 -0.827580
0 0.476722 1.149801 -0.455971 0.083086
0 0.107128 1.000332 0.072989 -0.824929
0 0.482855 1.152309 -0.449407 0.085084
0 0.109457 0.845970 0.071304 -0.928895
0 0.110145 0.852612 0.072458 -0.921645
0 0.109536 0.855058 0.071501 -0.920595
0 0.116557 0.964579 0.077568 -0.830411
0 0.176041 0.992777 0.119150 -0.816533
0 0.117617 0.966401 0.078292 -0.832810
0 0.108508 0.983801 0.071150 -0.837353
0 0.109409 0.982842 0.071579 -0.842630
0 0.493118 1.145608 -0.462002 0.051679
0 0.743262 1.206259 -0.266772 0.363964
0 0.744479 1.218462 -0.263003 0.383047
0 0.133351 1.004296 0.086902 -0.826456
0 0.380452 1.158496 -0.295754 0.136286
