0 0.394181 0.231347 -0.668812 -0.064314
0 0.394272 0.232135 -0.668578 -0.063019
0 0.407446 0.237958 -0.725011 -0.047351
0 0.394103 0.232150 -0.668743 -0.062358
0 0.394664 0.233348 -0.666319 -0.052195
0 0.394722 0.234313 -0.666377 -0.049484
0 0.394862 0.233565 -0.666442 -0.053180
0 0.407697 0.236326 -0.724824 -0.051105
0 0.407966 0.229900 -0.727163 -0.052463
0 0.407745 0.236909 -0.725095 -0.049097
0 0.408003 0.229427 -0.727357 -0.052098
0 0.392659 0.227852 -0.670043 -0.063193
0 0.408174 0.229747 -0.726852 -0.051448
0 0.392154 0.227396 -0.670880 -0.063870
