0 0.165608 0.931358 -0.034590 -0.286026
0 0.165613 0.931863 -0.034286 -0.281271
0 0.254884 0.975656 -0.191169 -0.314855
0 0.254860 0.973527 -0.190941 -0.322116
0 0.253609 0.944275 -0.190482 -0.386696
0 0.164997 0.931872 -0.040257 -0.281191
0 0.164563 0.929623 -0.040237 -0.287295
0 0.252089 0.945676 -0.192613 -0.385566
0 0.165143 0.893029 -0.041552 -0.359308
0 0.164543 0.893913 -0.042385 -0.356627
0 0.168622 0.911253 -0.040458 -0.376332
0 0.167366 0.910216 -0.041630 -0.373195
0 0.251184 0.940778 -0.193929 -0.366763
0 0.252285 0.940090 -0.191941 -0.365600
0 0.250502 0.975177 -0.198407 -0.308525
0 0.250616 0.978244 -0.197964 -0.302230
0 0.252735 0.944061 -0.195419 -0.386279
0 0.251985 0.948674 -0.196999 -0.377712
0 0.159890 0.923926 -0.036072 -0.275687
0 0.160053 0.920900 -0.036946 -0.282821
0 0.163479 0.893700 -0.039316 -0.269342
0 0.163453 0.894522 -0.039482 -0.270558
0 0.256944 0.968597 -0.186562 -0.338558
0 0.255651 0.960664 -0.187752 -0.352086
0 0.168068 0.900639 -0.041500 -0.340383
0 0.171740 0.923969 -0.037192 -0.365525
0 0.167726 0.901442 -0.042069 -0.336054
0 0.170723 0.927862 -0.038657 -0.354124
0 0.250432 0.911943 -0.195226 -0.394380
0 0.249880 0.911163 -0.196068 -0.399416
