0 0.095867 0.968164 0.065412 -0.642350
0 0.095862 0.966200 0.064845 -0.645435
0 0.098897 0.972505 0.065477 -0.636867
0 0.098452 0.971195 0.065127 -0.637810
0 0.093823 0.960235 0.064433 -0.667295
0 0.099365 0.958921 0.067430 -0.668546
0 0.097932 0.964510 0.063664 -0.642077
0 0.097641 0.965135 0.063255 -0.644438
0 0.092897 0.966688 0.064168 -0.647641
0 0.092585 0.963932 0.063603 -0.649503
0 0.099744 0.952066 0.068351 -0.680492
0 0.093776 0.952463 0.063867 -0.681553
0 0.090618 0.953602 0.061029 -0.656908
0 0.727169 1.084866 0.365812 0.223338
0 0.091067 0.944020 0.061179 -0.668440
0 0.094763 0.953019 0.060821 -0.657004
0 0.665038 1.053191 0.049882 0.160119
