0 0.334519 1.127633 -0.197235 -0.781906
0 0.334221 1.125221 -0.195966 -0.787200
0 0.334691 1.126054 -0.196167 -0.784605
0 0.331299 1.126036 -0.201075 -0.789613
0 0.331861 1.125081 -0.199835 -0.792449
0 0.326772 1.115656 -0.203802 -0.820100
0 0.330560 1.124743 -0.201223 -0.792155
0 0.720801 1.106732 -0.802811 -1.060373
0 0.719302 1.107252 -0.806059 -1.058440
0 0.206008 1.110048 0.014430 -0.782201
0 0.716079 1.110900 -0.810561 -1.045048
0 0.717053 1.112454 -0.808283 -1.042298
0 0.205648 1.109626 0.014108 -0.784393
0 0.332874 1.118599 -0.196715 -0.783276
0 0.332003 1.116490 -0.195654 -0.790956
0 0.718981 1.107784 -0.806356 -1.059143
0 0.333427 1.117671 -0.194516 -0.785533
0 0.716606 1.112291 -0.810369 -1.041412
0 0.323072 1.106604 -0.210042 -0.839983
0 0.202527 1.116149 0.022731 -0.785558
0 0.201466 1.117072 0.020610 -0.782633
0 0.209698 1.110072 0.023202 -0.787350
0 0.256593 0.368720 -0.282898 -0.494959
0 0.203844 1.116547 0.027720 -0.788158
0 0.724734 1.120228 -0.794214 -1.067577
0 0.256063 0.367066 -0.280911 -0.491248
0 0.255974 0.367326 -0.281139 -0.491248
0 0.199710 1.099895 0.005336 -0.819080
0 0.255751 0.370142 -0.279928 -0.488637
0 0.152580 0.669955 -0.087516 -1.031218
0 0.152499 0.670201 -0.087397 -1.029702
0 0.256165 0.367514 -0.280894 -0.491123
0 0.198986 1.101959 0.021986 -0.819704
0 0.153886 0.670652 -0.085763 -1.030238
0 0.156248 0.672454 -0.080058 -1.029721
0 0.259668 0.367371 -0.274246 -0.492055
0 0.718191 1.122368 -0.804789 -1.071016
0 0.327293 1.107644 -0.202362 -0.849809
0 0.253935 0.369171 -0.283825 -0.489432
0 0.257032 0.372077 -0.277914 -0.487219
0 0.153507 0.670738 -0.085050 -1.031364
0 0.153366 0.669941 -0.085664 -1.031904
0 0.153301 0.670427 -0.085797 -1.032244
0 0.259395 0.367775 -0.274470 -0.492026
0 0.208161 1.114840 0.013863 -0.818679
0 0.259437 0.367810 -0.274422 -0.492029
0 0.208078 1.114324 0.013722 -0.819628
0 0.330241 1.103034 -0.203816 -0.773981
0 0.425201 1.115284 0.220841 -0.844395
0 0.420112 1.116653 0.212487 -0.844715
0 0.201254 1.012159 -0.038717 -0.816125
0 0.721635 1.112685 -0.798329 -1.032715
0 0.154214 0.672519 -0.084090 -1.029885
0 0.323094 1.097895 -0.210471 -0.869685
0 0.432736 1.115352 0.237528 -0.841830
0 0.201266 1.011042 -0.039655 -0.819309
0 0.252857 0.369440 -0.285529 -0.489277
0 0.197965 1.097057 0.019845 -0.831486
0 0.718297 1.113675 -0.803861 -1.041893
0 0.194869 1.090716 -0.007396 -0.837236
0 0.201046 1.123778 0.033400 -0.796577
0 0.201689 1.123529 0.035426 -0.796670
0 0.217962 1.115331 0.024660 -0.818098
0 0.254757 0.367806 -0.280942 -0.491258
0 0.254390 0.369494 -0.287131 -0.488207
0 0.718896 1.109602 -0.813113 -1.073042
0 0.719385 1.109318 -0.811651 -1.075979
0 0.202548 1.124566 0.040386 -0.794711
0 0.398854 1.120428 0.177376 -0.777852
0 0.152648 0.663649 -0.093231 -1.039296
0 0.396772 1.118262 0.174542 -0.778039
0 0.719548 1.110824 -0.811280 -1.075990
0 0.255924 0.367087 -0.278784 -0.492201
0 0.323721 1.108302 -0.192811 -0.832585
0 0.326244 1.085803 -0.210499 -0.796825
0 0.254988 0.366637 -0.280721 -0.493565
0 0.565381 0.872269 -0.872228 -1.032864
0 0.207118 1.115306 0.018514 -0.840933
0 0.410046 1.120710 0.206305 -0.768220
0 0.565921 0.872432 -0.870836 -1.032739
0 0.196904 1.113374 0.021898 -0.846910
0 0.404378 1.124711 0.154805 -0.777140
0 0.253089 0.370016 -0.289428 -0.487342
0 0.561826 0.863303 -0.879265 -1.032227
0 0.152613 0.670547 -0.086723 -1.032003
0 0.153832 0.668178 -0.084996 -1.033015
0 0.562301 0.861360 -0.878368 -1.035416
0 0.408405 1.122574 0.152724 -0.777708
0 0.195879 1.070138 -0.005717 -0.822995
0 0.403444 1.121420 0.163277 -0.840076
0 0.405709 1.120234 0.164726 -0.840245
0 0.409512 1.122226 0.152203 -0.775025
0 0.725754 1.102447 -0.773214 -1.081653
0 0.725383 1.101886 -0.773124 -1.083380
0 0.406494 1.120681 0.166148 -0.836180
0 0.724387 1.103000 -0.774666 -1.082927
0 0.324374 1.114185 -0.188545 -0.861566
0 0.152397 0.673220 -0.082255 -1.029664
