0 0.528189 1.132105 -0.371902 0.268031
0 0.528317 1.133082 -0.373229 0.272110
0 0.523073 1.064664 -0.374673 0.204516
0 0.523951 1.066828 -0.374018 0.206823
0 0.608360 1.103594 -0.049324 -0.270303
0 0.608631 1.103001 -0.049962 -0.267623
0 0.532268 1.053821 -0.349486 0.215658
0 0.532970 1.056506 -0.346576 0.220325
0 0.534311 1.123325 -0.347468 0.249323
0 0.609868 1.095234 -0.046905 -0.294296
0 0.620666 1.092189 -0.054117 -0.262785
0 0.534086 1.124662 -0.346238 0.253573
0 0.622355 1.090704 -0.052860 -0.266311
0 0.610290 1.121438 -0.047000 -0.304282
0 0.610049 1.122582 -0.048297 -0.299927
0 0.623783 1.081807 -0.047102 -0.289898
0 0.617667 1.122269 -0.053375 -0.297134
0 0.611359 1.112340 -0.044969 -0.326711
0 0.617253 1.124431 -0.052412 -0.292688
0 0.541938 1.082383 -0.342773 0.204031
0 0.536415 1.038126 -0.353902 0.178059
0 0.619251 1.108910 -0.049807 -0.326210
