0 0.250078 0.811291 -0.226069 -0.350135
0 0.249860 0.811772 -0.226614 -0.351203
0 0.642743 0.825340 -0.408638 -0.528206
0 0.643169 0.824455 -0.406961 -0.529729
0 0.643601 0.825004 -0.406956 -0.529331
0 0.246128 0.819171 -0.228647 -0.342095
0 0.250217 0.812239 -0.230321 -0.343980
0 0.250150 0.810642 -0.230945 -0.346267
0 0.639936 0.837793 -0.412169 -0.523272
0 0.639801 0.838378 -0.411543 -0.520594
0 0.644102 0.832626 -0.394053 -0.522847
0 0.643205 0.832266 -0.394822 -0.524833
0 0.640193 0.838175 -0.412733 -0.524400
0 0.643510 0.832179 -0.393586 -0.525577
0 0.246857 0.820057 -0.230719 -0.348270
0 0.246712 0.819907 -0.230437 -0.348899
0 0.418883 0.492615 -0.298178 -0.663678
0 0.409776 0.766737 -0.295917 -0.577006
0 0.422089 0.490777 -0.298657 -0.665722
0 0.407649 0.767009 -0.297370 -0.576299
0 0.410273 0.766359 -0.296729 -0.577361
0 0.247103 0.808228 -0.231249 -0.353443
0 0.243808 0.817036 -0.227590 -0.351969
0 0.419102 0.492607 -0.298807 -0.661320
0 0.415844 0.488378 -0.307519 -0.670258
0 0.415363 0.486729 -0.308420 -0.672935
0 0.422190 0.490711 -0.296846 -0.662654
0 0.179877 0.777398 -0.180107 -0.421147
0 0.408768 0.777284 -0.337810 -0.580586
0 0.408558 0.777701 -0.340542 -0.579816
0 0.180820 0.784628 -0.178267 -0.413756
0 0.420226 0.540759 -0.652614 -0.512951
0 0.179701 0.795873 -0.169763 -0.368033
0 0.175857 0.706816 -0.172367 -0.438230
0 0.182531 0.796718 -0.166318 -0.369072
0 0.412705 0.486977 -0.332687 -0.669343
0 0.410502 0.777106 -0.329335 -0.578309
0 0.412372 0.486005 -0.332758 -0.671229
0 0.175028 0.709739 -0.174040 -0.436006
0 0.170948 0.628070 0.048892 -0.604596
0 0.640862 0.817409 -0.406995 -0.546037
0 0.246745 0.806849 -0.227466 -0.367455
0 0.171002 0.628192 0.048548 -0.604280
0 0.170240 0.628155 0.052361 -0.585353
0 0.179190 0.751188 -0.174423 -0.422999
0 0.180734 0.752234 -0.171392 -0.419512
0 0.170271 0.629987 0.052308 -0.584169
0 0.420395 0.534332 -0.643377 -0.517325
0 0.175121 0.731034 -0.166941 -0.425388
0 0.247384 0.798206 -0.230746 -0.364584
0 0.181763 0.761416 -0.165019 -0.397602
0 0.420322 0.534652 -0.644141 -0.516869
0 0.170951 0.629146 0.054511 -0.582639
0 0.419637 0.539046 -0.643260 -0.513327
0 0.170867 0.630633 0.054237 -0.585040
0 0.420356 0.535441 -0.643901 -0.515506
0 0.182512 0.762279 -0.163654 -0.397633
0 0.171032 0.631232 0.053859 -0.584485
0 0.420830 0.560744 -0.648302 -0.500663
0 0.420477 0.559568 -0.649401 -0.503091
0 0.420191 0.540704 -0.640684 -0.512442
0 0.420511 0.561656 -0.649038 -0.498558
0 0.244113 0.806899 -0.227255 -0.372784
0 0.176337 0.735483 -0.163260 -0.417932
0 0.421548 0.542120 -0.649415 -0.511273
0 0.171607 0.626616 0.060414 -0.582175
0 0.400581 0.763990 -0.289273 -0.564071
0 0.171570 0.625921 0.061880 -0.583487
0 0.384538 0.746510 -0.299181 -0.595918
0 0.170413 0.701328 -0.178145 -0.438643
0 0.398617 0.763807 -0.291038 -0.562103
0 0.414325 0.514161 -0.642660 -0.531804
0 0.419228 0.522557 -0.643191 -0.529507
0 0.414620 0.514783 -0.642188 -0.530499
0 0.170933 0.703098 -0.176714 -0.439081
0 0.371609 0.752303 -0.278713 -0.594461
0 0.406633 0.790595 -0.359942 -0.578007
0 0.414614 0.513807 -0.642283 -0.532620
0 0.400212 0.760415 -0.310489 -0.579900
0 0.405365 0.764422 -0.285528 -0.561735
0 0.366762 0.751900 -0.282144 -0.592619
0 0.180190 0.780695 -0.178029 -0.438226
0 0.635957 0.835445 -0.420892 -0.537864
0 0.173181 0.630900 0.058441 -0.582567
0 0.169162 0.625008 0.043790 -0.618128
0 0.420243 0.523630 -0.640360 -0.527528
0 0.176768 0.627794 0.054776 -0.603146
0 0.168824 0.625189 0.043520 -0.617995
0 0.169288 0.625587 0.043876 -0.617467
0 0.415456 0.480342 -0.301024 -0.678093
0 0.415402 0.480399 -0.301170 -0.678093
0 0.402310 0.483703 -0.359653 -0.670368
0 0.384501 0.736300 -0.299288 -0.614476
0 0.417421 0.499554 -0.293876 -0.657328
0 0.418093 0.499489 -0.291556 -0.656300
0 0.181952 0.781439 -0.175172 -0.436639
0 0.174192 0.626530 0.062317 -0.581586
0 0.176955 0.678537 -0.155378 -0.453911
0 0.412753 0.480409 -0.335184 -0.676294
0 0.631993 0.820947 -0.409282 -0.535528
0 0.412813 0.480463 -0.334369 -0.676307
