0 0.734524 0.546441 -0.711635 -0.384665
0 0.734273 0.547334 -0.712205 -0.385251
0 0.747671 0.771195 -0.721842 -0.225813
0 0.735105 0.551015 -0.711759 -0.382669
0 0.744364 0.801037 -0.749388 -0.241341
0 0.748286 0.770553 -0.721214 -0.227515
0 0.744096 0.800247 -0.749394 -0.242618
0 0.747890 0.757040 -0.720292 -0.236452
0 0.743883 0.791980 -0.750311 -0.252850
0 0.739524 0.614408 -0.710775 -0.346162
0 0.739930 0.614906 -0.709536 -0.343510
0 0.740037 0.616716 -0.710529 -0.344226
0 0.727919 0.500838 -0.727287 -0.414972
0 0.728983 0.500012 -0.726430 -0.416654
0 0.744237 0.595462 -0.703291 -0.377836
