0 0.139457 1.120124 0.092048 -1.258558
0 0.139378 1.120427 0.092216 -1.258969
0 0.138350 1.107751 0.091882 -1.283703
0 0.137521 1.108882 0.090868 -1.281022
0 0.137592 1.106033 0.090720 -1.288684
0 0.139203 1.119985 0.092677 -1.266666
0 0.139949 1.115256 0.092500 -1.277397
0 0.139628 1.120194 0.092868 -1.264880
0 0.139872 1.115179 0.092634 -1.276372
0 0.140992 1.117342 0.093973 -1.272330
0 0.138583 1.135711 0.090269 -1.194161
0 0.138289 1.135385 0.090573 -1.195544
0 0.406727 1.088413 -0.410783 -1.485953
0 0.407802 1.089839 -0.409853 -1.482919
0 0.404894 1.088904 -0.406160 -1.486184
0 0.403728 1.089254 -0.410647 -1.487666
0 0.404531 1.089080 -0.406791 -1.486552
0 0.404843 1.089127 -0.408760 -1.487764
0 0.404820 1.089094 -0.408945 -1.487731
0 0.292640 1.098907 -0.234319 -1.263045
0 0.292914 1.099103 -0.234004 -1.260591
0 0.417935 1.091767 -0.401840 -1.456415
0 0.418748 1.093070 -0.400255 -1.455084
0 0.289605 1.084587 -0.236989 -1.271214
0 0.290329 1.084532 -0.236095 -1.268855
0 0.404153 1.088367 -0.410486 -1.492600
0 0.403765 1.088829 -0.411097 -1.491198
0 0.403924 1.088833 -0.410745 -1.491924
0 0.289642 1.087687 -0.236667 -1.277871
0 0.289919 1.088112 -0.236214 -1.277318
0 0.288508 1.086487 -0.238817 -1.280409
0 0.298232 1.093442 -0.234750 -1.271795
0 0.297791 1.094812 -0.235360 -1.269759
0 0.298195 1.092158 -0.233533 -1.274568
0 0.144111 1.100924 0.088777 -1.281528
0 0.142608 1.101603 0.085419 -1.282198
0 0.142552 1.101155 0.085273 -1.281168
0 0.137870 1.114620 0.089521 -1.209916
0 0.486318 0.869958 -0.776862 -1.418845
0 0.486761 0.877851 -0.772682 -1.409788
0 0.486245 0.869650 -0.776571 -1.418878
0 0.486156 0.868867 -0.777065 -1.418485
0 0.488236 0.881315 -0.771693 -1.408437
0 0.282742 1.057121 -0.245676 -1.283088
0 0.137686 1.112031 0.089253 -1.213837
0 0.282552 1.054130 -0.245967 -1.287908
0 0.147066 0.985408 -0.086172 -1.163356
0 0.281207 1.054975 -0.248155 -1.286390
0 0.487035 0.869911 -0.773999 -1.418669
0 0.130191 1.099273 0.084558 -1.282294
0 0.486874 0.870719 -0.773812 -1.415447
0 0.130370 1.097898 0.084515 -1.284543
0 0.489063 0.874878 -0.768898 -1.411835
0 0.425413 1.045329 -0.179560 -1.240165
0 0.130416 1.098976 0.084704 -1.286033
0 0.424480 1.042266 -0.180210 -1.240786
0 0.486242 0.870485 -0.776234 -1.417266
0 0.453890 1.093363 -0.369858 -1.450790
0 0.421509 1.051948 -0.185999 -1.254664
