0 0.463467 0.521293 -0.697621 0.354407
0 0.463731 0.519693 -0.697106 0.352035
0 0.315815 0.961654 -0.419191 -0.909379
0 0.273100 1.012384 -0.308488 -0.508623
0 0.397344 0.519855 -0.580649 0.346211
0 0.272969 1.015603 -0.308441 -0.503515
0 0.520567 0.573074 -0.804641 0.398032
0 0.315488 0.958531 -0.419460 -0.914981
0 0.519847 0.567282 -0.805690 0.391828
0 0.171672 0.930413 -0.107209 -0.515171
0 0.171441 0.933363 -0.107869 -0.511978
0 0.397430 0.519019 -0.580680 0.345568
0 0.312537 0.961555 -0.423321 -0.914677
0 0.314541 0.957431 -0.423427 -0.935255
0 0.312884 0.962290 -0.422061 -0.911743
0 0.105149 0.504005 -0.024803 0.200115
0 0.294050 0.411669 -0.415185 0.220644
0 0.293772 0.408833 -0.415599 0.214838
0 0.104286 0.499377 -0.026386 0.191443
0 0.314842 0.957993 -0.422942 -0.934103
0 0.193328 0.450036 -0.226055 0.183923
0 0.274740 0.995664 -0.313651 -0.525279
0 0.192270 0.449357 -0.227233 0.182347
0 0.345383 0.507624 -0.491388 0.328811
0 0.315210 0.955571 -0.419843 -0.921558
0 0.274774 1.002717 -0.313471 -0.512070
0 0.318532 0.674327 -0.433167 -0.275628
0 0.345124 0.511543 -0.491407 0.333178
0 0.315391 0.666968 -0.436090 -0.303561
0 0.396532 0.688408 -0.585806 -0.260694
0 0.314166 0.660190 -0.438185 -0.313885
0 0.102951 0.470667 -0.030022 0.189513
0 0.318233 0.677181 -0.433429 -0.271833
0 0.444393 0.744793 -0.678891 -0.228374
0 0.396884 0.690883 -0.585592 -0.255964
0 0.464004 0.525895 -0.686610 0.349772
0 0.296155 0.473874 -0.409648 0.292738
0 0.378039 1.049542 -0.533100 -0.914349
0 0.444265 0.746441 -0.678913 -0.223124
0 0.101468 0.505881 -0.026719 0.231752
0 0.102243 0.468817 -0.030968 0.185547
0 0.254015 0.518928 -0.326342 0.306676
0 0.522460 0.562983 -0.802209 0.394676
0 0.398720 0.510796 -0.582070 0.334425
0 0.522607 0.564556 -0.801386 0.397429
0 0.441925 0.765519 -0.678525 -0.214319
0 0.378198 1.049242 -0.532159 -0.914784
0 0.343599 0.407395 -0.494534 0.204488
0 0.441996 0.770907 -0.677620 -0.204431
0 0.462350 0.470000 -0.694557 0.298116
0 0.399525 0.513260 -0.580804 0.339256
0 0.464521 0.516539 -0.685557 0.333574
0 0.342927 0.408677 -0.495497 0.204790
0 0.252339 0.420304 -0.335340 0.211476
0 0.461728 0.474373 -0.695890 0.299749
0 0.311177 0.665241 -0.444792 -0.290292
0 0.293552 0.400471 -0.415972 0.202443
0 0.454823 1.161402 -0.662976 -0.472485
0 0.197807 0.496552 -0.224065 0.231051
0 0.251666 0.420046 -0.336769 0.209343
0 0.210005 0.957834 -0.228088 -0.522700
0 0.296968 0.474983 -0.408396 0.292327
0 0.168842 0.923307 -0.110441 -0.605605
0 0.168185 0.926343 -0.111418 -0.601211
0 0.393602 0.448744 -0.579710 0.286249
0 0.310552 0.661980 -0.445611 -0.297509
0 0.379886 1.042807 -0.529101 -0.919900
0 0.455810 1.164710 -0.660123 -0.476095
0 0.456895 0.216697 -0.713040 0.140569
0 0.314260 0.659207 -0.438111 -0.319684
0 0.101550 0.509785 -0.028645 0.246891
0 0.273008 1.019160 -0.309553 -0.523652
0 0.254351 0.529116 -0.324742 0.317916
0 0.392741 0.456511 -0.581061 0.295516
0 0.379579 1.047976 -0.529723 -0.913447
0 0.273427 1.024689 -0.308819 -0.513811
0 0.457233 0.217242 -0.712443 0.141283
0 0.190787 0.427769 -0.228552 0.188251
0 0.457079 0.217277 -0.712700 0.141720
0 0.204928 0.637011 -0.232447 -0.307331
0 0.478104 0.528044 -0.693334 0.365413
0 0.211024 0.966590 -0.225532 -0.507621
0 0.190351 0.424242 -0.229133 0.178972
0 0.205146 0.637658 -0.231852 -0.306817
0 0.466613 0.534422 -0.689685 0.362376
0 0.170395 0.938022 -0.110989 -0.573462
0 0.394653 0.723514 -0.592495 -0.241708
0 0.380151 1.016536 -0.527866 -0.951422
0 0.377697 1.033910 -0.529035 -0.932575
0 0.349729 0.658760 -0.525126 -0.289085
0 0.522176 0.549384 -0.798479 0.365283
0 0.392388 0.651972 -0.596014 -0.286441
0 0.392919 0.652941 -0.595595 -0.283119
0 0.170304 0.929670 -0.111044 -0.588825
0 0.102880 0.510721 -0.023723 0.233535
0 0.498985 0.772401 -0.767625 -0.221197
0 0.498924 0.765356 -0.768180 -0.232418
0 0.294407 0.412423 -0.415146 0.219685
0 0.466613 0.533197 -0.688944 0.359782
0 0.295354 0.433337 -0.413952 0.275199
0 0.479581 0.531472 -0.690608 0.372957
0 0.197011 0.472111 -0.225139 0.231977
0 0.379970 1.017780 -0.528430 -0.950713
0 0.377423 1.038240 -0.529439 -0.925100
0 0.205104 0.635950 -0.227925 -0.315448
0 0.293446 0.411265 -0.417592 0.219405
0 0.102528 0.514494 -0.026524 0.248929
0 0.205523 0.634355 -0.227096 -0.317490
0 0.344745 0.478779 -0.490011 0.264496
0 0.250019 0.537611 -0.331045 0.302528
0 0.392373 0.525129 -0.579146 0.340789
0 0.166027 0.918517 -0.115074 -0.553682
0 0.166811 0.915195 -0.113945 -0.556765
0 0.344227 0.482252 -0.490670 0.267178
0 0.394872 0.727927 -0.591235 -0.233261
0 0.394924 0.533866 -0.582658 0.352820
0 0.314801 0.955710 -0.414016 -0.918290
0 0.295759 0.437294 -0.413021 0.282276
0 0.317390 0.667127 -0.418932 -0.290962
0 0.310467 0.654735 -0.445590 -0.307716
0 0.171256 0.926518 -0.110440 -0.533985
0 0.293540 0.414436 -0.417048 0.249004
0 0.205561 0.632051 -0.227348 -0.324799
0 0.349385 0.644041 -0.525655 -0.298438
0 0.520644 0.477757 -0.799133 0.322669
0 0.315110 0.954703 -0.413645 -0.920330
0 0.499017 0.750240 -0.771149 -0.209353
0 0.294485 0.485368 -0.410393 0.294452
0 0.519391 0.485735 -0.801002 0.330892
0 0.171083 0.919349 -0.110459 -0.544026
0 0.313741 0.961684 -0.419327 -0.907652
0 0.350192 0.661970 -0.522089 -0.286170
0 0.295141 0.479131 -0.409470 0.285847
0 0.349895 0.646768 -0.524555 -0.294489
0 0.499056 0.745332 -0.771432 -0.218848
0 0.204896 0.631316 -0.232538 -0.320219
0 0.452792 1.041464 -0.663717 -0.568838
0 0.375273 1.071464 -0.540308 -0.917634
0 0.293053 0.412396 -0.417379 0.241414
0 0.195916 0.491312 -0.223533 0.188110
0 0.391568 0.457443 -0.580282 0.299085
0 0.313441 0.960010 -0.420038 -0.909870
0 0.195115 0.497687 -0.224820 0.199263
0 0.349270 0.651193 -0.528226 -0.288382
0 0.347178 0.855980 -0.488035 -0.647831
0 0.453951 1.052243 -0.660787 -0.550252
0 0.314854 0.981979 -0.421690 -0.893343
0 0.443458 0.651171 -0.680929 -0.298839
0 0.251064 0.422041 -0.331305 0.203592
0 0.396341 0.534615 -0.580102 0.353843
0 0.251472 0.406499 -0.337304 0.191489
0 0.318194 0.668786 -0.418807 -0.287767
0 0.442490 0.652118 -0.682026 -0.301519
0 0.190052 0.416214 -0.229518 0.174004
0 0.715992 0.638207 -0.820454 0.432812
0 0.314848 0.982125 -0.421391 -0.891856
0 0.313711 0.952914 -0.419662 -0.927287
0 0.461480 0.534926 -0.689064 0.364118
0 0.251360 0.496040 -0.332766 0.279474
0 0.392289 0.640057 -0.596361 -0.302892
0 0.347943 0.859606 -0.486164 -0.643959
0 0.393139 0.514788 -0.577769 0.325788
0 0.375226 1.072482 -0.539159 -0.917629
0 0.392024 0.459598 -0.579239 0.304299
0 0.717182 0.638533 -0.818145 0.434825
0 0.250867 0.421620 -0.331602 0.197831
0 0.321129 0.677925 -0.431942 -0.302359
0 0.205367 0.630968 -0.229629 -0.329007
0 0.413668 0.689635 -0.577719 -0.272393
0 0.393929 0.632726 -0.596477 -0.267581
0 0.318364 0.943404 -0.413581 -0.924348
0 0.341831 0.526747 -0.491063 0.319640
0 0.349392 0.639437 -0.525594 -0.309953
0 0.413605 0.693443 -0.576335 -0.264890
0 0.343139 0.437294 -0.494912 0.276455
0 0.252114 0.483961 -0.331166 0.261161
0 0.716215 0.636109 -0.820093 0.426717
0 0.393497 0.632821 -0.596718 -0.270567
0 0.215475 0.941847 -0.075280 -0.515167
0 0.342779 0.398214 -0.495807 0.189310
0 0.106984 0.514596 -0.017956 0.221192
0 0.141783 0.628910 -0.107363 -0.320106
0 0.316906 0.689234 -0.434278 -0.279419
0 0.457374 0.236266 -0.710770 0.171798
0 0.523052 0.528290 -0.797445 0.332804
0 0.200881 0.499401 -0.220191 0.232052
0 0.141077 0.629465 -0.108599 -0.320567
0 0.209061 0.631413 -0.206168 -0.339217
0 0.165515 0.475876 -0.106446 0.286804
0 0.315447 0.655942 -0.440817 -0.287812
0 0.319651 0.675061 -0.435061 -0.304911
0 0.394078 0.698838 -0.590706 -0.250024
0 0.342218 0.528010 -0.489970 0.321864
0 0.394298 0.700121 -0.590560 -0.323828
0 0.251662 0.495786 -0.322424 0.276329
0 0.218863 0.941437 -0.072681 -0.515673
0 0.240900 0.653364 -0.314932 -0.278731
0 0.378835 1.047721 -0.529549 -0.926630
0 0.191895 0.431874 -0.227986 0.155315
0 0.318104 0.944519 -0.413939 -0.921611
0 0.251663 0.539545 -0.326171 0.305816
0 0.378746 1.057517 -0.529665 -0.913493
0 0.392855 0.702076 -0.592319 -0.244366
0 0.215131 0.462825 -0.213592 0.231504
0 0.210816 0.462528 -0.214489 0.203654
0 0.497085 0.767820 -0.775814 -0.231071
0 0.268438 0.570722 -0.389893 -0.336831
0 0.251436 0.487039 -0.322765 0.263849
0 0.166030 0.481471 -0.103321 0.293523
0 0.144372 0.635978 -0.093539 -0.331073
0 0.393031 0.701292 -0.592643 -0.321797
0 0.167040 0.620353 -0.175125 -0.339890
0 0.442781 0.743458 -0.679088 -0.314559
0 0.239640 0.653135 -0.317201 -0.279266
0 0.269036 0.569611 -0.389074 -0.337487
0 0.140934 0.624642 -0.108807 -0.324976
0 0.268329 0.565868 -0.390049 -0.342958
0 0.132040 0.219229 -0.106542 0.150237
0 0.316400 0.661026 -0.439049 -0.286844
0 0.108589 0.515546 -0.015761 0.221797
0 0.166867 0.623281 -0.175488 -0.334978
0 0.167049 0.623344 -0.175023 -0.335269
0 0.317737 0.691530 -0.432914 -0.275253
0 0.293228 0.400227 -0.417852 0.195626
0 0.206739 0.634624 -0.227776 -0.324999
0 0.442344 0.638033 -0.682482 -0.314929
0 0.498472 0.774129 -0.773454 -0.221907
0 0.345295 0.836405 -0.491980 -0.683928
0 0.397357 0.651818 -0.587995 -0.276268
0 0.344042 0.441237 -0.492037 0.283945
0 0.348821 0.648521 -0.523137 -0.299202
0 0.348805 0.645955 -0.523046 -0.303395
0 0.161242 0.633473 -0.092562 -0.328051
0 0.252220 0.535171 -0.329164 0.271080
0 0.293287 0.534134 -0.412358 0.323229
0 0.457840 0.203593 -0.717027 0.129795
0 0.292726 0.398538 -0.417728 0.227558
0 0.458409 0.472385 -0.696210 0.306433
0 0.397652 0.656567 -0.587083 -0.267057
0 0.267402 0.643153 -0.388387 -0.294103
0 0.138566 0.624043 -0.103717 -0.326244
0 0.442200 0.753447 -0.679918 -0.297332
0 0.315548 0.658651 -0.441180 -0.289991
0 0.210510 0.468193 -0.215358 0.216271
0 0.199767 0.482094 -0.221517 0.243095
0 0.251962 0.536708 -0.319349 0.283940
0 0.350427 0.613906 -0.529835 -0.298246
0 0.315361 0.664843 -0.439631 -0.272213
0 0.162607 0.579484 -0.180014 -0.360723
0 0.266902 0.641674 -0.389404 -0.295637
0 0.255978 0.645136 -0.306529 -0.299066
0 0.162259 0.580595 -0.180642 -0.360763
0 0.167011 0.625970 -0.182288 -0.323265
0 0.167466 0.627841 -0.181549 -0.320898
0 0.458561 0.478598 -0.695944 0.314673
0 0.162112 0.577110 -0.180778 -0.362967
0 0.139189 0.625583 -0.103174 -0.327542
0 0.379560 0.999610 -0.529313 -0.980491
0 0.105489 0.505431 -0.028063 0.198486
0 0.349819 0.614634 -0.530822 -0.298398
0 0.393259 0.622673 -0.597143 -0.281047
0 0.138915 0.619496 -0.103937 -0.328211
0 0.209966 0.634455 -0.206572 -0.335579
0 0.219125 0.516415 -0.206410 0.226418
0 0.459282 0.201724 -0.714655 0.126349
0 0.462567 0.524169 -0.687116 0.344419
0 0.442903 0.728470 -0.680813 -0.239019
0 0.104189 0.503488 -0.030884 0.195803
0 0.169606 0.923455 -0.112214 -0.527187
0 0.172035 0.943040 -0.106500 -0.543465
0 0.350531 0.658580 -0.523681 -0.273355
0 0.345417 0.833438 -0.490517 -0.694352
0 0.219482 0.523755 -0.206248 0.240292
0 0.132082 0.235793 -0.102610 0.169237
0 0.523505 0.550926 -0.801978 0.361708
0 0.252373 0.532037 -0.328621 0.264465
0 0.172000 0.939118 -0.106898 -0.552051
0 0.348736 0.640872 -0.523381 -0.314023
0 0.525206 0.587531 -0.800226 0.392543
0 0.100471 0.566176 -0.074873 -0.380179
0 0.205645 0.982801 -0.240003 -0.518264
0 0.169893 0.927669 -0.111785 -0.516451
0 0.132203 0.232477 -0.103136 0.162817
0 0.100650 0.567680 -0.074763 -0.376830
0 0.267267 0.964970 -0.311484 -0.783085
0 0.217379 0.464991 -0.209372 0.229607
0 0.250544 0.410278 -0.332327 0.189806
0 0.166976 0.624830 -0.182129 -0.328316
0 0.100295 0.568182 -0.075058 -0.376638
0 0.349631 0.608934 -0.531066 -0.305039
0 0.357243 0.487527 -0.363504 0.311728
0 0.161932 0.637314 -0.091661 -0.323481
0 0.102615 0.458855 -0.031339 0.181994
0 0.131752 0.223940 -0.108393 0.154502
0 0.252515 0.437838 -0.331601 0.269486
0 0.215524 0.411732 -0.292049 0.179008
0 0.442361 0.737312 -0.681227 -0.227700
0 0.161283 0.620724 -0.098909 -0.318638
0 0.270368 0.996431 -0.315482 -0.571993
0 0.379206 1.011310 -0.526882 -0.950983
0 0.266545 0.969266 -0.312460 -0.776227
0 0.132075 0.229783 -0.102667 0.157397
0 0.342139 0.414336 -0.499697 0.240695
0 0.214373 0.408627 -0.294208 0.172467
0 0.342325 0.526904 -0.488282 0.277854
0 0.318206 0.939853 -0.413693 -0.931260
0 0.178159 0.912625 -0.049752 -0.524069
0 0.499650 0.735273 -0.778401 -0.213292
0 0.501117 0.745001 -0.775747 -0.196743
0 0.387626 0.439972 -0.582828 0.267159
0 0.180435 0.916388 -0.047500 -0.519291
0 0.458224 0.235634 -0.714151 0.170791
0 0.251627 0.533978 -0.319820 0.279754
0 0.379565 1.013692 -0.526605 -0.949579
0 0.387628 0.451402 -0.582493 0.282548
0 0.159678 0.443113 -0.090090 0.291309
0 0.294357 0.534520 -0.409127 0.323342
0 0.133222 0.319997 -0.101720 0.214870
0 0.454911 1.165976 -0.670640 -0.477707
0 0.117019 0.916090 -0.042730 -0.517606
0 0.268896 0.982639 -0.321039 -0.523613
0 0.456344 0.221081 -0.714618 0.153417
0 0.266907 0.639202 -0.389373 -0.303748
0 0.341512 0.414895 -0.500349 0.239105
0 0.101333 0.459257 -0.034138 0.183852
0 0.453146 1.071249 -0.669409 -0.501683
0 0.315305 0.651308 -0.441441 -0.305891
0 0.205781 0.626962 -0.193349 -0.328217
0 0.359661 0.484207 -0.359265 0.309333
0 0.459297 0.465705 -0.700248 0.308695
0 0.146390 0.642981 -0.091948 -0.325834
0 0.457386 0.208630 -0.712246 0.141776
0 0.127511 0.491369 -0.013703 0.292695
0 0.339686 0.399813 -0.493458 0.185417
0 0.457597 0.210286 -0.711030 0.145278
0 0.455097 0.203704 -0.713843 0.134695
0 0.137124 0.601815 -0.101359 -0.325852
0 0.319352 0.668144 -0.435487 -0.322877
0 0.716431 0.583709 -0.817895 0.391312
0 0.271645 1.006343 -0.309328 -0.609064
0 0.239695 0.643941 -0.317059 -0.297071
0 0.342442 0.519986 -0.487809 0.266075
0 0.115740 0.871669 -0.032380 -0.545535
0 0.237265 0.604267 -0.319354 -0.304485
0 0.118857 0.914018 -0.038866 -0.518226
0 0.716852 0.583052 -0.817270 0.388357
0 0.160358 0.450934 -0.087880 0.300065
0 0.459810 0.469119 -0.698252 0.315210
0 0.340075 0.404194 -0.492325 0.192458
0 0.236315 0.605237 -0.320952 -0.303876
0 0.349634 0.827449 -0.480942 -0.674534
0 0.212105 0.990120 -0.235249 -0.505394
0 0.457706 0.207350 -0.710897 0.139719
0 0.314668 0.966834 -0.421805 -0.923534
0 0.717044 0.585848 -0.817124 0.393099
0 0.447488 1.014638 -0.673668 -0.592689
0 0.442461 0.626853 -0.683857 -0.294686
0 0.268104 1.014225 -0.310545 -0.621062
0 0.269126 0.965848 -0.306854 -0.843751
0 0.453520 0.204573 -0.716718 0.137923
