0 0.315437 0.766164 -0.487846 -0.970516
0 0.315483 0.765844 -0.487865 -0.970563
0 0.314934 0.766007 -0.488631 -0.970440
0 0.319214 0.768630 -0.484647 -1.130138
0 0.317691 0.767622 -0.487113 -1.132148
0 0.317979 0.767513 -0.486322 -1.132752
0 0.316973 0.766602 -0.483736 -0.969449
0 0.310778 0.774099 -0.498325 -1.046116
0 0.311041 0.771469 -0.497929 -1.051396
0 0.310741 0.774111 -0.498500 -1.043505
0 0.315010 0.763810 -0.492690 -0.986330
0 0.314328 0.771957 -0.487274 -0.982800
0 0.314586 0.759837 -0.486350 -0.977092
0 0.313404 0.766902 -0.491321 -0.976328
0 0.315036 0.757319 -0.489644 -0.987057
0 0.316589 0.785611 -0.487219 -0.960799
0 0.328153 0.772269 -0.471577 -1.124836
0 0.333107 0.771030 -0.473248 -1.126133
0 0.320489 0.762221 -0.478043 -1.147501
0 0.330449 0.770552 -0.476125 -1.126942
0 0.312842 0.757746 -0.486371 -0.976454
0 0.312915 0.757706 -0.486251 -0.976640
0 0.312483 0.757884 -0.487022 -0.976448
0 0.330891 0.771079 -0.475662 -1.125219
0 0.331410 0.769935 -0.458661 -1.131087
0 0.312475 0.767579 -0.489676 -0.964961
0 0.318303 0.762080 -0.480570 -1.148695
0 0.325080 0.767275 -0.480603 -1.139352
0 0.312456 0.768269 -0.489475 -0.964078
0 0.316362 0.763141 -0.492419 -0.978377
0 0.310984 0.768821 -0.492855 -0.963255
0 0.317272 0.763902 -0.490353 -0.978118
0 0.334314 0.768938 -0.454665 -1.130705
0 0.316572 0.763495 -0.492158 -0.977525
0 0.322466 0.767242 -0.482313 -1.138676
0 0.320303 0.764169 -0.477932 -1.154969
0 0.338357 0.772112 -0.451131 -1.123662
0 0.323098 0.765609 -0.483956 -1.147029
0 0.322587 0.766922 -0.482783 -1.144287
