0 0.802618 0.807765 -0.659194 -0.143330
0 0.803467 0.807275 -0.656531 -0.144483
0 0.794813 0.699497 -0.671122 -0.235600
0 0.792650 0.700601 -0.675043 -0.234924
0 0.792436 0.699404 -0.675430 -0.240679
0 0.783614 0.740561 -0.742889 -0.217201
0 0.796701 0.705285 -0.671667 -0.232659
0 0.779909 0.697638 -0.746589 -0.254608
0 0.539548 0.608189 -0.035386 0.286314
0 0.541188 0.611622 -0.031091 0.293142
0 0.802709 0.762557 -0.656771 -0.198710
0 0.532723 0.560018 -0.037602 0.251895
0 0.532892 0.556986 -0.035382 0.248238
0 0.936024 0.824405 -0.585695 -0.175106
0 0.933319 0.822928 -0.586318 -0.175832
0 0.788285 0.804904 -0.670425 -0.143878
0 0.532683 0.548282 -0.037761 0.242367
