0 0.859302 1.077923 0.588712 -0.275234
0 0.843961 1.079136 0.556269 -0.272145
0 0.900014 1.094071 0.599674 -0.201175
0 0.481391 1.022502 0.300043 -0.296024
0 0.484318 1.022954 0.309046 -0.291591
0 0.771703 1.071547 0.520413 -0.300866
0 0.851888 1.089716 0.564135 -0.222886
0 0.761936 1.071630 0.502161 -0.301012
0 0.859631 1.089513 0.580167 -0.221995
0 0.456341 1.025394 0.299917 -0.257980
0 0.457016 1.026070 0.299077 -0.258800
0 0.879092 1.089534 0.539073 -0.218586
0 0.701902 1.102506 -0.344152 -0.157462
0 0.699349 1.100138 -0.352288 -0.161992
0 0.480316 1.021399 0.303041 -0.293730
0 0.711046 1.099424 -0.317322 -0.193004
0 0.707729 1.099628 -0.324718 -0.193778
0 0.773916 1.103630 -0.299194 -0.159175
0 0.771814 1.102984 -0.303584 -0.159714
0 0.720413 1.073923 0.449249 -0.241355
0 0.760572 1.074962 0.531635 -0.237735
0 0.453562 1.021699 0.296751 -0.263686
0 0.870128 1.088064 0.517459 -0.218706
0 0.887098 1.097213 0.575537 -0.190112
0 0.492004 1.064371 0.306472 -0.277951
0 0.494127 1.061993 0.314281 -0.280757
0 0.863937 1.090461 0.424239 -0.220302
