0 0.290908 0.619662 -0.166300 -0.469591
0 0.291207 0.616503 -0.165738 -0.474809
0 0.294172 0.621057 -0.163586 -0.470371
0 0.294178 0.620779 -0.163834 -0.471406
0 0.287645 0.619154 -0.170173 -0.470411
0 0.307349 0.621246 -0.157780 -0.475332
0 0.307756 0.621227 -0.157372 -0.475696
0 0.289438 0.615742 -0.167242 -0.471350
0 0.456052 1.001225 -0.171033 -0.838964
0 0.455934 1.002998 -0.171513 -0.833876
0 0.455592 1.000790 -0.170475 -0.839427
0 0.289490 0.616684 -0.166886 -0.469287
0 0.311432 0.621799 -0.152780 -0.474261
0 0.579893 1.099855 -0.601067 -0.187368
0 0.304928 0.613645 -0.163345 -0.474513
0 0.298190 0.621431 -0.160437 -0.469721
0 0.305286 0.613909 -0.163185 -0.473354
0 0.307449 0.615543 -0.160068 -0.473005
0 0.587939 1.101153 -0.574929 -0.185363
0 0.571894 1.105224 -0.618067 -0.176874
0 0.295856 0.618604 -0.158833 -0.468157
0 0.283271 0.621393 -0.173753 -0.465892
0 0.577300 1.106653 -0.600607 -0.176328
0 0.284034 0.617442 -0.172428 -0.469910
0 0.547627 0.805322 -0.674759 -0.373273
0 0.547265 0.799885 -0.682371 -0.366806
0 0.281177 0.620057 -0.175495 -0.466414
0 0.547285 0.804525 -0.676055 -0.375581
0 0.196843 1.212984 0.128768 0.489450
0 0.307749 0.623466 -0.157780 -0.473215
0 0.549757 0.805426 -0.671043 -0.373881
0 0.307389 0.619533 -0.158655 -0.479239
0 0.547196 0.795964 -0.682787 -0.372653
0 0.424140 1.002225 -0.177364 -0.841704
0 0.423408 0.999389 -0.177882 -0.848459
0 0.553116 0.800530 -0.673793 -0.366656
0 0.594255 1.102932 -0.641595 -0.183608
0 0.660466 1.109023 -0.800240 -0.095158
0 0.423848 0.998551 -0.178266 -0.847983
0 0.574194 1.099613 -0.663175 -0.181105
