0 0.711829 1.113385 -0.865001 -0.140404
0 0.710808 1.115777 -0.866028 -0.136088
0 0.706263 1.117818 -0.887147 -0.129412
0 0.705078 1.119931 -0.889073 -0.127382
0 0.707702 1.104095 -0.865973 -0.154971
0 0.706819 1.104371 -0.866113 -0.155288
0 0.605039 1.045282 -0.401338 -0.562576
0 0.605409 1.046433 -0.401086 -0.561897
0 0.605331 1.046766 -0.402794 -0.560494
0 0.714837 1.118181 -0.844386 -0.109234
0 0.436093 1.049552 -0.447586 -0.469147
0 0.435968 1.051159 -0.447675 -0.466990
0 0.704380 1.096566 -0.898841 -0.161493
0 0.606494 1.043014 -0.429200 -0.568424
0 0.606994 1.044140 -0.428945 -0.569158
0 0.604190 1.044245 -0.433970 -0.567202
0 0.438072 1.054296 -0.441117 -0.458229
0 0.433275 1.056642 -0.447888 -0.447780
0 0.433346 1.056454 -0.447331 -0.450523
0 0.705220 1.104639 -0.889285 -0.169208
0 0.703495 1.106630 -0.891577 -0.166709
0 0.588330 1.057031 -0.447157 -0.505181
0 0.438330 1.058488 -0.434928 -0.444204
0 0.437084 1.045389 -0.436051 -0.454365
0 0.435220 1.066602 -0.446928 -0.449712
0 0.439219 1.055147 -0.433471 -0.427779
0 0.437105 1.040813 -0.435521 -0.461778
0 0.710583 1.099801 -0.855788 -0.187367
0 0.438117 1.039876 -0.431934 -0.462373
0 0.608290 1.041942 -0.352290 -0.549701
0 0.597544 1.062713 -0.393515 -0.490143
0 0.596715 1.048999 -0.408249 -0.523654
0 0.596088 1.045181 -0.408582 -0.536518
0 0.597075 1.051688 -0.409351 -0.517374
