0 0.633487 0.652236 -0.424597 0.136053
0 0.634803 0.652110 -0.422331 0.130304
0 0.632214 0.651491 -0.424117 0.134545
0 0.633569 0.667548 -0.423859 0.147656
0 0.632616 0.667306 -0.422108 0.148946
0 0.634128 0.666112 -0.422829 0.144618
0 0.620651 0.623754 -0.442004 0.089818
0 0.631813 0.635932 -0.424927 0.108540
0 0.630617 0.634065 -0.426825 0.109688
0 0.630667 0.634582 -0.427019 0.109867
0 0.619234 0.586786 -0.443827 0.075303
0 0.624213 0.647424 -0.439197 0.104330
0 0.614630 0.629812 -0.442710 0.096664
0 0.629583 0.679053 -0.425050 0.140319
0 0.629089 0.679493 -0.425784 0.142267
0 0.630486 0.679204 -0.423913 0.141873
0 0.723293 1.076259 -0.787292 -0.408273
0 0.723214 1.076388 -0.787174 -0.403909
0 0.724205 1.075165 -0.788025 -0.409524
0 0.130545 1.058109 0.086983 -0.410958
0 0.722180 1.055708 -0.787805 -0.510380
0 0.722386 1.053849 -0.787724 -0.513014
0 0.131009 1.063684 0.088259 -0.393542
0 0.721930 1.053479 -0.789300 -0.513252
