0 0.561333 0.559193 -0.758738 0.238172
0 0.561232 0.558568 -0.759010 0.238511
0 0.292690 0.779060 -0.006424 0.396191
0 0.293761 0.782450 -0.005686 0.405287
0 0.294378 0.782686 -0.004702 0.404738
0 0.744544 1.426174 -0.621468 0.439636
0 0.559179 0.531398 -0.764149 0.178027
0 0.744229 1.428811 -0.623600 0.445175
0 0.420596 0.498930 -0.474918 0.200164
0 0.559344 0.533385 -0.763854 0.185994
0 0.420419 0.499458 -0.474940 0.200790
0 0.419205 0.475197 -0.482901 0.179601
0 0.417197 0.490636 -0.480522 0.194166
0 0.418514 0.473953 -0.484224 0.180184
0 0.409569 1.275501 0.267787 -0.551598
0 0.417318 0.491419 -0.480248 0.195003
0 0.408897 1.277595 0.266248 -0.548712
0 0.562937 0.559550 -0.755206 0.217004
0 0.408920 1.275972 0.266830 -0.554315
0 0.563334 0.557462 -0.754419 0.214965
0 0.561889 0.552074 -0.755831 0.175655
0 0.557988 0.534593 -0.764358 0.223055
0 0.557812 0.534057 -0.765407 0.222756
0 0.561464 0.545881 -0.756590 0.166858
0 0.290311 0.794945 -0.007472 0.387207
0 0.331417 1.418698 0.202791 0.448059
0 0.289771 0.794743 -0.007070 0.386219
0 0.290099 0.788921 -0.006937 0.378034
0 0.333806 1.278171 0.225627 -0.554597
0 0.333618 1.276577 0.227397 -0.559152
0 0.426071 0.500037 -0.451756 0.207754
0 0.352019 1.268564 0.238396 -0.570246
0 0.425364 0.497898 -0.453315 0.204079
0 0.333754 1.278685 0.227172 -0.559371
0 0.351830 1.272730 0.238639 -0.563061
0 0.352434 1.270903 0.239051 -0.568269
0 0.559219 0.498525 -0.764231 0.192295
0 0.423287 0.499132 -0.472832 0.175351
0 0.559419 0.497977 -0.764427 0.195572
0 0.419030 0.463400 -0.483486 0.163933
0 0.419447 0.471171 -0.487769 0.181049
0 0.417284 0.470608 -0.491436 0.180637
0 0.422557 0.493886 -0.474070 0.168021
0 0.328839 1.219449 0.199429 0.265170
0 0.292566 0.732885 -0.006553 0.399740
0 0.291504 0.725016 -0.006993 0.386464
0 0.295432 0.758913 -0.005415 0.380390
0 0.491503 1.270662 0.332537 -0.567936
0 0.292125 0.732108 -0.007602 0.396855
0 0.491023 1.273255 0.331165 -0.564557
0 0.490767 1.273761 0.330896 -0.563400
0 0.297232 0.758925 -0.003447 0.383214
0 0.755075 1.404330 -0.542801 0.404855
0 0.425716 0.501372 -0.448934 0.204620
0 0.295511 0.759876 -0.007352 0.383948
0 0.426323 0.534787 -0.442448 0.223615
0 0.755396 1.407575 -0.542140 0.409401
0 0.426467 0.534040 -0.440526 0.222182
0 0.567387 0.618709 -0.745917 0.244007
0 0.567637 0.615616 -0.745336 0.237667
0 0.429229 0.502222 -0.437332 0.207669
0 0.289732 0.778280 -0.013533 0.299397
0 0.558078 0.526736 -0.758878 0.173775
0 0.419592 0.461377 -0.487447 0.165062
0 0.557514 0.523482 -0.759802 0.172322
0 0.323677 1.094962 0.193952 0.204410
