0 0.658524 0.751693 -0.532993 -0.500580
0 0.658921 0.752275 -0.532373 -0.501339
0 0.668770 0.753083 -0.533236 -0.496902
0 0.660750 0.751695 -0.530005 -0.500147
0 0.669879 0.753312 -0.530857 -0.498101
0 0.669448 0.753166 -0.532229 -0.497019
0 0.756065 0.498296 -1.119329 -0.677064
0 0.754727 0.496641 -1.123523 -0.681209
0 0.756372 0.497968 -1.118207 -0.676958
0 0.400845 0.547236 -0.463689 -0.535570
0 0.753469 0.496618 -1.125289 -0.680260
0 0.753508 0.497457 -1.125213 -0.679086
0 0.400749 0.547437 -0.464347 -0.534197
0 0.754859 0.497487 -1.122481 -0.680479
0 0.753285 0.496473 -1.125456 -0.680563
0 0.663564 0.762246 -0.531667 -0.468311
0 0.754232 0.495258 -1.120777 -0.679239
0 0.357439 0.793214 -0.059772 -0.391588
0 0.658513 0.720379 -0.540172 -0.514951
0 0.754045 0.497814 -1.121992 -0.680783
0 0.753193 0.497231 -1.122935 -0.681764
0 0.753913 0.497153 -1.122311 -0.682014
0 0.357422 0.793053 -0.058727 -0.393116
0 0.682443 0.764536 -0.520855 -0.469257
0 0.401076 0.531505 -0.462088 -0.620194
0 0.400854 0.531175 -0.463310 -0.621528
0 0.756116 0.493165 -1.119415 -0.680994
0 0.756076 0.494294 -1.119951 -0.679643
0 0.401946 0.535931 -0.465282 -0.590651
0 0.362373 0.793395 -0.041703 -0.391345
0 0.681191 0.722295 -0.521102 -0.516692
0 0.401310 0.531403 -0.461721 -0.621403
0 0.411918 0.791675 0.267378 -0.397346
0 0.402466 0.536863 -0.463251 -0.588099
0 0.755709 0.493416 -1.120375 -0.681096
0 0.767392 0.496906 -1.053821 -0.675874
0 0.769416 0.497591 -1.044152 -0.673906
0 0.412196 0.791899 0.267276 -0.396609
0 0.653548 0.756478 -0.529858 -0.498863
0 0.399749 0.532973 -0.479515 -0.617222
0 0.653189 0.756298 -0.530457 -0.499093
0 0.400033 0.533729 -0.477752 -0.614870
0 0.412316 0.792908 0.267444 -0.396595
0 0.654079 0.756387 -0.529032 -0.498515
0 0.399827 0.532193 -0.477743 -0.619875
0 0.350980 0.749409 -0.098345 -0.429775
0 0.350976 0.750169 -0.098220 -0.428149
0 0.354906 0.750836 -0.091309 -0.424981
0 0.701915 0.497537 -0.947574 -0.661520
0 0.701794 0.496658 -0.947890 -0.662482
0 0.408174 0.789681 0.266844 -0.384632
0 0.751831 0.496270 -1.135507 -0.678339
