0 0.205954 0.725359 -0.052819 -0.321894
0 0.206327 0.727400 -0.052664 -0.321558
0 0.720025 1.160951 -0.240964 0.307609
0 0.727332 1.159868 -0.212470 0.310544
0 0.724851 1.162114 -0.217927 0.315200
0 0.720239 1.164966 -0.241159 0.315770
0 0.208267 0.729945 -0.050609 -0.319007
0 0.209051 0.730685 -0.049682 -0.315407
0 0.207775 0.711732 -0.045658 -0.331763
0 0.207413 0.709242 -0.046400 -0.336145
0 0.209212 0.691304 -0.048998 -0.350658
0 0.208578 0.690360 -0.050273 -0.351199
0 0.206739 0.716282 -0.056581 -0.351449
0 0.206997 0.709551 -0.056791 -0.364506
0 0.723911 1.182908 -0.244801 0.351995
0 0.723339 1.183495 -0.248641 0.352620
0 0.215883 0.732415 -0.039759 -0.312043
0 0.208330 0.740190 -0.054918 -0.342163
0 0.209053 0.743250 -0.053713 -0.336084
