0 0.644586 0.502443 0.269167 0.044784
0 0.635354 0.466101 0.203142 0.025498
0 0.980685 0.167507 -1.021472 0.110832
0 0.652363 0.541819 0.303536 0.060352
0 0.997883 0.212770 -0.950115 0.144829
0 0.998091 0.213844 -0.949883 0.147114
0 0.981166 0.175893 -1.019961 0.118486
0 0.953589 0.177458 -1.236181 0.118600
0 0.956264 0.368887 -0.427213 0.163839
0 0.999489 0.212248 -0.949049 0.145291
0 0.994765 0.451335 -0.195556 0.213906
0 0.956796 0.369848 -0.429488 0.166508
0 0.992981 0.443597 -0.198727 0.204306
0 0.994067 0.450950 -0.197468 0.212708
0 0.953432 0.181424 -1.233927 0.122299
0 1.010604 0.217639 -0.823737 0.144491
0 1.011452 0.217966 -0.823544 0.145984
0 0.956436 0.368533 -0.431004 0.161644
0 1.012248 0.216589 -0.822303 0.144036
0 0.982997 0.187169 -1.015347 0.127240
