0 0.360743 0.319882 -0.266575 -0.280584
0 0.361005 0.318889 -0.266633 -0.280923
0 0.358479 0.319148 -0.265272 -0.285788
0 0.358264 0.319091 -0.266706 -0.285184
0 0.356990 0.319579 -0.272472 -0.282145
0 0.356543 0.319633 -0.272599 -0.281909
0 0.356302 0.321493 -0.274232 -0.280588
0 0.356291 0.320263 -0.274000 -0.281377
0 0.358453 0.318944 -0.270176 -0.282127
0 0.360266 0.318543 -0.265797 -0.278079
0 0.360419 0.318469 -0.265874 -0.278889
0 0.358287 0.317876 -0.270245 -0.280125
0 0.357327 0.318728 -0.302645 -0.282954
0 0.665871 0.945416 -1.120067 -1.146968
0 0.666294 0.945447 -1.118306 -1.147725
0 0.664911 0.945018 -1.124322 -1.150831
0 0.665591 0.944810 -1.122365 -1.151402
0 0.666235 0.947739 -1.121179 -1.142872
0 0.666097 0.947745 -1.121762 -1.141447
0 0.666271 0.948290 -1.120573 -1.141534
0 0.665933 0.947635 -1.121322 -1.146556
0 0.666209 0.948226 -1.120277 -1.146305
0 0.665666 0.947443 -1.117849 -1.147249
0 0.665612 0.946280 -1.117387 -1.149382
0 0.665565 0.947924 -1.117938 -1.146377
0 0.354927 0.316558 -0.317860 -0.284077
0 0.355703 0.315655 -0.291054 -0.281653
0 0.355923 0.317398 -0.290293 -0.277935
0 0.352165 0.316372 -0.298192 -0.280636
0 0.368988 0.321877 -0.254043 -0.281479
0 0.414006 0.868969 -0.435554 -1.632499
0 0.419435 0.870845 -0.418638 -1.629641
0 0.359693 0.321087 -0.262648 -0.276759
0 0.664609 0.938663 -1.127956 -1.138790
0 0.359460 0.321896 -0.263202 -0.275778
0 0.664846 0.940385 -1.127347 -1.135827
0 0.664609 0.941261 -1.128397 -1.133855
