0 0.288130 0.550875 -0.064679 -0.578619
0 0.288142 0.551434 -0.064230 -0.578467
0 0.289431 0.551260 -0.061712 -0.577715
0 0.292442 0.550632 -0.060946 -0.574961
0 0.292277 0.550985 -0.062398 -0.575684
0 0.292585 0.550580 -0.061430 -0.574614
0 0.290497 0.546696 -0.062634 -0.579886
0 0.290588 0.546340 -0.062800 -0.581216
0 0.283573 0.546937 -0.066186 -0.579677
0 0.283228 0.547508 -0.066549 -0.578787
0 0.299157 0.550356 -0.056954 -0.577808
0 0.299507 0.551152 -0.057405 -0.577068
0 0.577812 0.839221 -0.383464 -0.395032
0 0.576708 0.838640 -0.383650 -0.394747
0 0.570879 0.836132 -0.381046 -0.394908
0 0.572709 0.836640 -0.378423 -0.392870
0 0.577496 0.835510 -0.382358 -0.399506
0 0.571937 0.834085 -0.378894 -0.398017
0 0.299644 0.551270 -0.056654 -0.576399
0 0.569663 0.809000 -0.386296 -0.413511
0 0.570037 0.808596 -0.385032 -0.415910
0 0.570415 0.808755 -0.384912 -0.413182
0 0.283508 0.552872 -0.063378 -0.575432
0 0.576146 0.806499 -0.382483 -0.411915
0 0.576013 0.807278 -0.383391 -0.413449
0 0.283769 0.553020 -0.063086 -0.575729
0 0.576447 0.808019 -0.382992 -0.412259
0 0.283516 0.552592 -0.063194 -0.575611
