0 0.492134 0.612180 -0.697726 -0.813424
0 0.491085 0.611568 -0.699605 -0.813786
0 0.491256 0.611798 -0.699664 -0.814094
0 0.491777 0.610301 -0.699260 -0.819558
0 0.307566 0.730742 -0.225609 -0.984570
0 0.306080 0.733006 -0.224895 -0.981591
0 0.309096 0.730389 -0.222082 -0.984552
0 0.491517 0.610968 -0.699575 -0.817876
0 0.304165 0.732028 -0.225090 -0.981735
0 0.306173 0.733179 -0.224381 -0.980934
0 0.303994 0.733084 -0.225512 -0.979675
0 0.309096 0.730556 -0.222231 -0.985117
0 0.491908 0.612200 -0.701148 -0.817361
0 0.305069 0.731753 -0.225826 -0.981833
0 0.305286 0.732471 -0.225577 -0.981255
0 0.306262 0.732340 -0.224692 -0.982567
0 0.492022 0.612411 -0.700358 -0.815726
0 0.496632 0.614017 -0.687626 -0.811509
0 0.492450 0.613163 -0.697773 -0.816087
0 0.491292 0.612082 -0.700405 -0.819577
0 0.491504 0.613394 -0.700651 -0.816110
0 0.489820 0.611549 -0.703663 -0.815376
0 0.490380 0.611836 -0.702422 -0.814133
0 0.309463 0.732837 -0.223390 -0.991023
0 0.492433 0.610822 -0.699361 -0.818687
0 0.491803 0.611564 -0.700546 -0.817922
0 0.492574 0.611609 -0.699067 -0.817531
0 0.309385 0.737391 -0.223455 -0.979877
0 0.305879 0.733030 -0.227198 -0.982906
0 0.306302 0.731820 -0.226573 -0.983789
0 0.495836 0.616607 -0.694193 -0.810258
0 0.309022 0.733145 -0.218281 -0.988730
0 0.493252 0.608911 -0.695837 -0.815550
0 0.491460 0.614122 -0.689665 -0.811389
0 0.308099 0.735097 -0.225436 -0.972177
0 0.305966 0.729164 -0.226090 -0.999690
0 0.306019 0.731589 -0.226739 -0.995443
0 0.305779 0.731111 -0.227774 -0.996189
0 0.306807 0.735986 -0.228966 -0.970028
0 0.308259 0.736864 -0.226196 -0.968280
0 0.493439 0.615589 -0.693305 -0.817307
0 0.310076 0.737861 -0.213694 -0.979098
