0 0.542414 1.120348 -0.491516 -0.557828
0 0.541894 1.118902 -0.492818 -0.564945
0 0.542379 1.120201 -0.492037 -0.554260
0 0.586400 1.191637 -0.349957 0.475822
0 0.585467 1.189628 -0.351374 0.470260
0 0.582796 1.267349 -0.376068 0.564803
0 0.581864 1.256962 -0.376703 0.551335
0 0.592388 1.168151 -0.351143 0.438005
0 0.592935 1.170629 -0.350017 0.445315
0 0.575736 1.262772 -0.364654 0.574676
0 0.576608 1.275151 -0.363185 0.590861
0 0.578460 1.051813 -0.367952 0.421727
0 0.540009 1.114545 -0.495679 -0.568342
0 0.539377 1.118765 -0.495955 -0.556459
0 0.539047 1.118620 -0.496059 -0.551964
