0 0.512204 0.132165 -0.417604 0.089436
0 0.512076 0.132347 -0.417998 0.088769
0 0.725144 0.668533 -0.277078 -0.130505
0 0.725119 0.671723 -0.276082 -0.124140
0 0.726750 0.672380 -0.272095 -0.124184
0 0.497898 0.133862 -0.751591 0.084782
0 0.498513 0.133504 -0.750267 0.083486
0 0.495620 0.129896 -0.429385 0.084128
0 0.494649 0.130149 -0.431089 0.084908
0 0.497831 0.133405 -0.752009 0.081890
0 0.502354 0.137575 -0.736364 0.089171
0 0.511097 0.131581 -0.418608 0.088449
0 0.511094 0.130295 -0.419068 0.086165
0 0.510718 0.130148 -0.445998 0.085351
0 0.527304 0.135906 -0.392022 0.092008
0 0.509895 0.129958 -0.447014 0.085539
0 0.855358 0.328234 -0.731992 0.103732
0 0.853566 0.327380 -0.734459 0.099669
0 0.504141 0.137707 -0.732135 0.088770
0 0.853673 0.329067 -0.734924 0.102310
0 0.504936 0.132747 -0.723766 0.088008
0 0.503887 0.132894 -0.725620 0.087960
0 0.503817 0.132603 -0.725542 0.087884
0 0.715713 0.671447 -0.257456 -0.118599
0 0.717225 0.668099 -0.257632 -0.125061
0 0.719401 0.672850 -0.252347 -0.115739
0 0.718867 0.768561 -0.304327 -0.068511
0 0.721770 0.770692 -0.297522 -0.067477
0 0.522925 0.134986 -0.622858 0.090561
0 0.482345 0.129533 -0.453675 0.083240
0 0.527587 0.136005 -0.592170 0.092901
0 0.500565 0.129120 -0.415517 0.086618
0 0.500029 0.129834 -0.414914 0.087699
0 0.499346 0.129624 -0.469487 0.084515
0 0.517685 0.132009 -0.403977 0.087622
0 0.481680 0.133130 -0.452421 0.083071
0 0.711044 0.651449 -0.342224 -0.160302
0 0.482111 0.132675 -0.451355 0.081717
