0 0.635476 1.179205 -0.484881 0.352849
0 0.635985 1.180327 -0.485734 0.354884
0 0.625060 0.723811 -0.986711 -0.166677
0 0.625997 0.725090 -0.985131 -0.164178
0 0.382308 1.197916 -0.086210 0.412629
0 0.382009 1.188461 -0.085315 0.397725
0 0.629919 1.169313 -0.499240 0.299008
0 0.630269 1.169454 -0.499861 0.294285
0 0.639360 1.158361 -0.493454 0.342064
0 0.639173 1.162366 -0.493367 0.349290
0 0.626705 0.682289 -0.986283 -0.194048
0 0.627467 0.680150 -0.985632 -0.198673
0 0.622301 0.699211 -0.993512 -0.189811
0 0.424444 1.172276 -0.448316 0.263079
0 0.622367 0.698606 -0.993741 -0.186596
0 0.626291 0.684468 -0.991200 -0.198396
0 0.394325 1.186909 -0.068249 0.346317
0 0.395449 1.187865 -0.069172 0.345481
0 0.660940 0.648055 -1.154277 -0.281046
0 0.617103 0.773329 -0.992910 -0.129368
0 0.617017 0.773015 -0.993193 -0.129997
0 0.626530 0.683834 -0.990990 -0.199500
0 0.623083 0.737889 -0.984761 -0.155933
0 0.418659 1.163931 -0.439967 0.295618
0 0.622541 0.738176 -0.986056 -0.154148
0 0.660300 0.664263 -1.160443 -0.210256
0 0.634865 1.157024 -0.514403 0.270194
0 0.628824 0.663459 -0.983979 -0.202849
0 0.629053 0.665554 -0.983283 -0.200188
0 0.633294 1.155627 -0.515583 0.261167
0 0.396144 1.209277 -0.085450 0.407832
0 0.396583 1.196588 -0.086051 0.387558
0 0.624456 0.671840 -0.986389 -0.193216
0 0.428809 1.183254 -0.422150 0.273130
0 0.624363 0.672965 -0.986051 -0.195489
0 0.661869 0.665462 -1.150527 -0.242776
0 0.661482 0.668171 -1.151956 -0.231513
0 0.421802 1.151991 -0.445928 0.270077
0 0.376038 1.181902 -0.105213 0.472514
0 0.376397 1.191374 -0.104474 0.490222
0 0.437097 1.177843 -0.423813 0.266850
0 0.662095 0.650205 -1.148183 -0.273567
0 0.617266 0.719748 -0.998788 -0.218617
0 0.661762 0.664358 -1.152778 -0.210056
