0 0.298973 1.315729 0.190402 0.246908
0 0.689726 0.661423 -0.962665 0.450064
0 0.689342 0.663356 -0.963677 0.453399
0 0.432390 0.752633 -0.432791 -0.000108
0 0.432673 0.752914 -0.432857 -0.002299
0 0.432399 0.752866 -0.431749 -0.000918
0 0.689369 0.663175 -0.962564 0.450650
0 0.335174 0.831975 -0.181628 0.056269
0 0.335385 0.827750 -0.180939 0.050738
0 0.570578 0.703410 -0.791702 -0.050012
0 0.570907 0.703767 -0.791665 -0.049480
0 0.336038 0.832610 -0.179484 0.055489
0 0.432955 0.756610 -0.430860 -0.002254
0 0.433136 0.757912 -0.431164 -0.000274
0 0.728914 1.275937 -0.741151 0.015254
0 0.728008 1.277480 -0.745065 0.018718
0 0.569471 0.688854 -0.784516 -0.062464
0 0.569778 0.688272 -0.784601 -0.064405
0 0.433716 0.758324 -0.427887 0.002651
0 0.430673 0.754208 -0.430516 0.004787
0 0.431032 0.753339 -0.430540 0.005245
0 0.688884 0.647106 -0.963318 0.427310
0 0.432027 0.753447 -0.429445 0.006419
0 0.688999 0.647651 -0.963003 0.428688
0 0.733063 1.272034 -0.706061 0.006085
0 0.689405 0.648315 -0.963264 0.429252
0 0.688704 0.661485 -0.956157 0.409329
0 0.335382 0.831235 -0.181265 0.045836
0 0.733106 1.275145 -0.706635 0.011235
0 0.334666 0.834441 -0.183260 0.047595
0 0.335657 0.832987 -0.181025 0.048625
0 0.431511 0.729430 -0.430827 -0.020730
0 0.728134 1.261243 -0.743497 -0.007335
0 0.480521 0.276444 0.248507 0.183638
0 0.729389 1.263715 -0.739159 0.000872
0 0.687413 0.686311 -0.966153 0.452749
0 0.336107 0.810622 -0.184161 0.020794
0 0.687742 0.688464 -0.965339 0.460989
0 0.429722 0.759788 -0.435444 -0.012989
0 0.573348 0.679914 -0.789027 -0.070424
0 0.572161 0.685570 -0.795597 -0.083324
0 0.732328 1.241599 -0.699067 -0.029320
0 0.733592 1.243781 -0.697140 -0.020932
0 0.337532 0.819212 -0.178220 -0.006881
0 0.337951 0.810580 -0.179253 0.029673
0 0.337231 0.809402 -0.180635 0.024363
0 0.683601 0.692951 -0.965308 0.426790
0 0.338066 0.811774 -0.178063 0.032485
0 0.687280 0.688689 -0.963910 0.456200
0 0.429931 0.736001 -0.424481 -0.009406
0 0.430090 0.778842 -0.425232 0.012747
0 0.570960 0.674888 -0.793490 -0.075184
0 0.430233 0.779030 -0.425380 0.012600
0 0.571553 0.724207 -0.805339 -0.043488
0 0.571705 0.722864 -0.805469 -0.046424
0 0.690041 0.637779 -0.957804 0.407885
0 0.692072 1.180142 0.030692 -0.487543
0 0.333685 0.858626 -0.181441 0.038459
0 0.570442 0.684395 -0.798543 -0.082974
0 0.431363 0.778474 -0.423012 0.013882
0 0.333947 0.858990 -0.181138 0.040121
0 0.575741 0.674811 -0.771850 -0.105770
0 0.702451 1.188148 0.052879 -0.481453
0 0.715768 1.177339 0.076214 -0.564468
0 0.722674 1.177158 0.090486 -0.568033
0 0.697723 1.181382 0.041424 -0.485073
0 0.333845 0.857779 -0.180413 0.037554
0 0.711054 1.176757 0.066792 -0.566557
0 0.575514 0.664100 -0.763075 -0.094848
0 0.428283 0.716210 -0.443233 -0.023362
0 0.691431 0.617011 -0.961556 0.417622
0 0.728765 1.280189 -0.769450 0.015207
0 0.429722 0.714035 -0.434669 -0.046822
0 0.577099 0.674745 -0.771606 -0.102864
0 0.464346 0.449818 -0.597362 -0.073146
0 0.714495 1.281362 -0.822994 0.013836
0 0.691952 0.615153 -0.961105 0.411828
0 0.691229 0.615077 -0.960554 0.413618
0 0.465085 0.450919 -0.597070 -0.071987
0 0.575598 0.664111 -0.765505 -0.091186
0 0.429940 0.769098 -0.419799 -0.002059
0 0.573110 0.683952 -0.795207 -0.052181
0 0.580093 0.690456 -0.746375 -0.062750
0 0.572979 0.683613 -0.795889 -0.053377
0 0.743690 1.270909 -0.672125 -0.001891
0 0.463646 0.447238 -0.603467 -0.069417
0 0.582836 0.706307 -0.763194 -0.048214
0 0.463744 0.445343 -0.603515 -0.071190
