0 0.825157 0.456974 -0.190271 -0.274097
0 0.826645 0.456810 -0.186600 -0.274363
0 0.826996 0.456832 -0.189912 -0.275388
0 0.838762 0.462421 -0.163998 -0.271744
0 0.840141 0.462482 -0.164614 -0.272682
0 0.840403 0.462427 -0.164187 -0.272840
0 0.835044 0.449842 -0.189668 -0.276277
0 0.836200 0.449960 -0.182444 -0.275814
0 0.836362 0.449445 -0.182540 -0.276878
0 0.770510 0.433022 -0.571061 -0.287047
0 0.768117 0.441137 -0.552301 -0.283081
0 0.767975 0.433188 -0.578025 -0.287724
0 0.768682 0.433118 -0.570822 -0.287520
0 0.771527 0.441109 -0.542395 -0.282835
0 0.769834 0.442247 -0.546494 -0.281386
