0 0.269354 0.828382 -0.020921 -0.391951
0 0.269360 0.828427 -0.021272 -0.391990
0 0.269084 0.828671 -0.021569 -0.390984
0 0.271265 0.829029 -0.017626 -0.390877
0 0.271514 0.830979 -0.017137 -0.388817
0 0.271337 0.828719 -0.016560 -0.392064
0 0.683901 0.746990 -0.396479 -0.401293
0 0.684435 0.746685 -0.395531 -0.403051
0 0.683993 0.746649 -0.395718 -0.400506
0 0.501131 0.672189 -0.168993 -0.258523
0 0.502072 0.672802 -0.164651 -0.257447
0 0.500246 0.672149 -0.171539 -0.259570
0 0.493891 0.674529 -0.173300 -0.254776
0 0.493985 0.674499 -0.174053 -0.254789
0 0.492726 0.675102 -0.177703 -0.254879
0 0.269884 0.827398 -0.018330 -0.397379
0 0.680857 0.742075 -0.408085 -0.406489
0 0.681215 0.741671 -0.407887 -0.406099
0 0.687790 0.747441 -0.398970 -0.400880
0 0.687484 0.747547 -0.398244 -0.398863
0 0.681150 0.742794 -0.407511 -0.404197
0 0.688607 0.747691 -0.397852 -0.401452
0 0.487691 0.656503 -0.205007 -0.276288
0 0.270727 0.814729 -0.018859 -0.405567
0 0.270929 0.834299 -0.014562 -0.394126
0 0.271215 0.831630 -0.014428 -0.401806
0 0.270066 0.832780 -0.017472 -0.399911
0 0.641398 0.717026 -0.452838 -0.427764
0 0.500441 0.669337 -0.193154 -0.261951
0 0.501091 0.668867 -0.190318 -0.262154
0 0.500989 0.667869 -0.190058 -0.262641
0 0.691821 0.733090 -0.404738 -0.410823
0 0.691878 0.734712 -0.404843 -0.408862
0 0.692509 0.734762 -0.403210 -0.409194
0 0.270394 0.835603 -0.022258 -0.385998
0 0.493259 0.657055 -0.222494 -0.275357
0 0.268423 0.816243 -0.022196 -0.399491
0 0.269496 0.820270 -0.019469 -0.395166
0 0.492939 0.627006 -0.211340 -0.289720
0 0.269344 0.815631 -0.020298 -0.399765
0 0.660418 0.723093 -0.439227 -0.416369
0 0.661684 0.721696 -0.437119 -0.431435
0 0.273448 0.819673 -0.017848 -0.391271
