0 0.401382 0.594309 -0.455362 -0.470001
0 0.402185 0.593147 -0.453279 -0.471630
0 0.403608 0.591353 -0.453143 -0.475663
0 0.403721 0.590203 -0.452451 -0.477046
0 0.401903 0.593901 -0.452464 -0.458558
0 0.401739 0.590834 -0.452285 -0.465329
0 0.401004 0.594726 -0.454992 -0.462007
0 0.401000 0.591553 -0.453823 -0.467887
0 0.401963 0.592975 -0.453129 -0.460619
0 0.403535 0.582607 -0.449327 -0.474831
0 0.403641 0.582456 -0.449488 -0.475880
0 0.403635 0.582784 -0.449291 -0.474244
0 0.402452 0.591312 -0.453431 -0.471355
0 0.401350 0.591136 -0.455123 -0.471474
0 0.402226 0.590327 -0.453900 -0.473521
