0 0.194341 0.232539 -0.181860 -0.346280
0 0.194126 0.233398 -0.186624 -0.342486
0 0.193770 0.232352 -0.182893 -0.346655
0 0.193893 0.233503 -0.187399 -0.342201
0 0.194444 0.234267 -0.185683 -0.340716
0 0.195478 0.234302 -0.184011 -0.340049
0 0.195143 0.232956 -0.180748 -0.345073
0 0.194632 0.232974 -0.180953 -0.344983
0 0.191147 0.234080 -0.185709 -0.339698
0 0.192137 0.233736 -0.190030 -0.338738
0 0.192847 0.234341 -0.186833 -0.343761
0 0.195310 0.195135 -0.303576 -0.281421
0 0.194891 0.235227 -0.185392 -0.338806
