0 0.769827 0.574684 -0.348430 0.130487
0 0.739149 0.569863 -0.328484 0.127535
0 0.739480 0.569715 -0.328400 0.128723
0 0.769273 0.575885 -0.351669 0.137451
0 0.769653 0.575868 -0.347700 0.136925
0 0.739834 0.570756 -0.327234 0.127591
0 0.789964 0.874416 -0.240603 0.175359
0 0.790589 0.874579 -0.241239 0.174030
0 0.788444 0.610248 -0.238279 0.128279
0 0.787374 0.610168 -0.239060 0.130348
0 0.789688 0.842799 -0.300164 0.120328
0 0.785261 0.594893 -0.306412 0.105892
0 0.791294 0.844421 -0.293006 0.125026
0 0.784841 0.594098 -0.304832 0.103099
0 0.789107 0.608809 -0.236568 0.130997
0 0.786867 0.596631 -0.304496 0.109247
0 0.721254 0.508939 -0.450324 0.047013
0 0.711634 0.525127 -0.402900 0.090302
0 0.712883 0.527172 -0.400341 0.088452
0 0.713841 0.525536 -0.398289 0.092520
0 0.698700 0.521381 -0.454603 0.065460
0 0.733059 0.587610 -0.380542 0.089690
0 0.778830 0.832015 -0.284890 0.057284
0 0.734679 0.584040 -0.285314 0.137523
0 0.735089 0.585012 -0.283435 0.138205
0 0.778234 0.834007 -0.287438 0.062265
