0 0.911954 0.918239 -0.492189 0.329119
0 0.060903 0.315967 0.041647 -0.287633
0 0.060202 0.316010 0.040133 -0.287951
0 0.911531 0.921908 -0.493081 0.337467
0 0.060668 0.315482 0.041340 -0.289029
0 0.063018 0.316315 0.041830 -0.288767
0 0.063045 0.315996 0.042566 -0.289556
0 0.063347 0.316523 0.042831 -0.288393
0 0.057366 0.316856 0.041075 -0.288728
0 0.679257 0.890244 0.231830 0.249889
0 0.056757 0.314752 0.040457 -0.293376
0 0.259251 0.388636 -0.000237 0.028257
0 0.259481 0.388790 -0.000511 0.027457
0 0.064308 0.316093 0.046228 -0.286847
0 0.064102 0.313882 0.045473 -0.292294
0 0.251920 0.385416 -0.007046 0.026297
0 0.251494 0.385275 -0.008103 0.025681
0 0.253802 0.399686 -0.003242 0.026754
0 0.253135 0.399996 -0.004318 0.026428
0 0.261217 0.405560 -0.000713 0.038506
0 0.909348 0.918901 -0.404877 0.322681
0 0.261164 0.404440 -0.000889 0.035860
0 0.068131 0.316726 0.044910 -0.288370
0 0.069133 0.318093 0.043110 -0.284886
0 0.904865 0.923929 -0.416530 0.333529
0 0.057354 0.316022 0.041402 -0.293466
0 0.057058 0.313832 0.041100 -0.298066
0 0.255607 0.374285 0.003216 0.011298
0 0.260639 0.373033 0.006000 0.008722
0 0.055547 0.314849 0.037207 -0.289436
0 0.254857 0.369487 0.001688 0.004888
0 0.056290 0.315577 0.038554 -0.287741
0 0.265892 0.389857 0.010381 0.029860
0 0.906922 0.905685 -0.556413 0.330498
0 0.056271 0.313817 0.038840 -0.291603
0 0.908263 0.901064 -0.556202 0.319863
0 0.261080 0.403419 0.003054 0.036389
0 0.259406 0.368633 0.004810 0.003588
0 0.064174 0.318773 0.042119 -0.290658
0 0.255358 0.403143 0.005545 0.034845
0 0.266444 0.406474 0.008988 0.041486
0 0.914087 0.912344 -0.516406 0.309237
0 0.064299 0.315922 0.041963 -0.296833
0 0.913547 0.913728 -0.519900 0.311720
0 0.259321 0.400071 0.008081 0.028424
0 0.073774 0.312943 0.044794 -0.291674
0 0.073876 0.313915 0.044823 -0.289497
0 0.080823 0.321100 0.039126 -0.282547
0 0.074132 0.312881 0.044933 -0.291557
0 0.257354 0.386563 0.013297 0.027238
