0 0.457424 0.522129 -0.634678 -0.714725
0 0.456332 0.522220 -0.636437 -0.714870
0 0.456529 0.521574 -0.636129 -0.715869
0 0.461513 0.523043 -0.625117 -0.713336
0 0.454051 0.525871 -0.638461 -0.705678
0 0.457889 0.522109 -0.633264 -0.716813
0 0.454367 0.526579 -0.637495 -0.703619
0 0.458111 0.521896 -0.632444 -0.716558
0 0.458023 0.521178 -0.632717 -0.717322
0 0.453048 0.525180 -0.636846 -0.708199
0 0.262001 0.499684 -0.354182 -0.742366
0 0.453366 0.525158 -0.636233 -0.706981
0 0.261646 0.500152 -0.354383 -0.740751
0 0.261612 0.500626 -0.354583 -0.738829
0 0.438413 0.540365 -0.662176 -0.569614
0 0.433508 0.523167 -0.668868 -0.566791
0 0.438732 0.541797 -0.661577 -0.567822
0 0.057966 0.468288 0.029498 -0.776761
0 0.456286 0.523354 -0.626493 -0.714489
0 0.432449 0.520920 -0.670547 -0.568589
0 0.256176 0.501877 -0.365738 -0.693174
0 0.432752 0.521991 -0.668511 -0.571529
0 0.431854 0.523555 -0.675912 -0.569882
0 0.432034 0.523351 -0.674983 -0.570370
0 0.262122 0.498984 -0.353570 -0.750386
0 0.256166 0.502160 -0.365692 -0.693065
0 0.431707 0.524618 -0.676293 -0.569759
0 0.057491 0.468561 0.029228 -0.776862
0 0.265688 0.499603 -0.350103 -0.755404
0 0.437842 0.533394 -0.660375 -0.562937
0 0.256238 0.501827 -0.365755 -0.693930
0 0.432668 0.523066 -0.668423 -0.571718
0 0.432821 0.521915 -0.668316 -0.571641
0 0.436834 0.532095 -0.662094 -0.565313
0 0.458058 0.521741 -0.634277 -0.718839
0 0.457933 0.520572 -0.634682 -0.719648
0 0.268176 0.496755 -0.342848 -0.769968
0 0.459298 0.521800 -0.632247 -0.718254
0 0.268952 0.496950 -0.341807 -0.769469
0 0.208978 0.447521 -0.297385 -0.660321
0 0.210092 0.448469 -0.294632 -0.665021
0 0.209160 0.447648 -0.297512 -0.660275
0 0.056164 0.471541 0.029903 -0.756110
0 0.451112 0.525079 -0.639354 -0.698812
0 0.263877 0.501142 -0.349399 -0.745238
0 0.438229 0.535496 -0.657757 -0.559055
0 0.209475 0.447761 -0.293378 -0.667768
0 0.265236 0.499911 -0.347061 -0.747616
0 0.261557 0.499922 -0.356555 -0.722626
0 0.260891 0.500148 -0.356990 -0.721710
0 0.055654 0.472936 0.029687 -0.753335
0 0.263637 0.500202 -0.349967 -0.749327
0 0.209183 0.448141 -0.293915 -0.668646
0 0.438343 0.533399 -0.657466 -0.560701
0 0.210009 0.448967 -0.294571 -0.664281
0 0.437965 0.534425 -0.658744 -0.559265
0 0.209248 0.448201 -0.293962 -0.667097
0 0.431403 0.528870 -0.669317 -0.567410
0 0.265601 0.493717 -0.346450 -0.785112
0 0.210030 0.448703 -0.294669 -0.663796
0 0.265262 0.493781 -0.346534 -0.785499
0 0.437553 0.532998 -0.664702 -0.563817
0 0.437744 0.530714 -0.664454 -0.566773
0 0.055992 0.474845 0.030108 -0.743933
0 0.438422 0.532161 -0.662508 -0.564342
0 0.209370 0.445895 -0.298005 -0.660609
0 0.256629 0.500415 -0.368504 -0.695449
0 0.265224 0.493581 -0.347162 -0.783187
0 0.059978 0.468511 0.023701 -0.779458
0 0.209232 0.445693 -0.298285 -0.661347
0 0.256687 0.500496 -0.368910 -0.695708
0 0.058698 0.474611 0.030942 -0.761904
0 0.209330 0.446285 -0.298323 -0.661099
0 0.059851 0.468460 0.023755 -0.779615
0 0.206021 0.449794 -0.296706 -0.659355
0 0.205910 0.449606 -0.297320 -0.659954
0 0.058184 0.472091 0.030084 -0.759514
0 0.690184 0.907876 -0.965059 -1.364250
0 0.208951 0.446387 -0.297571 -0.661112
0 0.690055 0.908782 -0.965565 -1.362556
0 0.211137 0.452348 -0.296136 -0.666097
0 0.445625 0.525509 -0.643196 -0.696516
0 0.056284 0.477633 0.033446 -0.747100
0 0.690627 0.907875 -0.964415 -1.364493
0 0.432391 0.529329 -0.669633 -0.565910
0 0.692014 0.910109 -0.963509 -1.361308
0 0.058127 0.470592 0.024235 -0.770762
0 0.691915 0.910056 -0.963613 -1.362499
0 0.058049 0.468002 0.031838 -0.786528
0 0.255092 0.494602 -0.370593 -0.699048
0 0.255509 0.494534 -0.369829 -0.698482
0 0.263024 0.506749 -0.357650 -0.708098
0 0.689381 0.911151 -0.967980 -1.359269
0 0.689614 0.911867 -0.967663 -1.358158
0 0.057943 0.469950 0.024764 -0.771670
0 0.059110 0.468102 0.034269 -0.785862
0 0.255157 0.494953 -0.370677 -0.697947
0 0.210154 0.447004 -0.294086 -0.668750
0 0.260456 0.497226 -0.348723 -0.775158
0 0.211811 0.446543 -0.292299 -0.689012
0 0.691097 0.908001 -0.961635 -1.362155
0 0.212063 0.446689 -0.292294 -0.688601
0 0.432217 0.518124 -0.671519 -0.571868
0 0.691600 0.908213 -0.960335 -1.362449
0 0.053983 0.470357 0.022410 -0.756982
0 0.432103 0.516576 -0.670988 -0.571818
0 0.059014 0.466860 0.020722 -0.783383
0 0.689801 0.910216 -0.963331 -1.354963
0 0.053635 0.469690 0.022908 -0.758494
0 0.445008 0.524797 -0.651148 -0.698895
0 0.059851 0.473380 0.029414 -0.771020
0 0.270188 0.493116 -0.339443 -0.796351
0 0.260304 0.497080 -0.348440 -0.775632
0 0.049056 0.481435 0.019540 -0.684546
0 0.049515 0.479440 0.020034 -0.688468
0 0.689942 0.908957 -0.963458 -1.357817
0 0.690543 0.907979 -0.962504 -1.358648
0 0.054222 0.475691 0.027133 -0.725272
0 0.268652 0.492158 -0.342088 -0.798375
0 0.056706 0.470060 0.018747 -0.759779
0 0.056416 0.469545 0.018443 -0.761233
0 0.449174 0.520984 -0.651272 -0.716479
0 0.256487 0.499169 -0.357019 -0.731135
0 0.255257 0.498313 -0.368730 -0.699317
0 0.206324 0.448691 -0.296052 -0.661433
0 0.052735 0.472552 0.029736 -0.742628
