0 0.464872 1.169814 -0.131692 0.210960
0 0.465588 1.171505 -0.131873 0.213316
0 0.684660 1.232526 -0.326454 0.503372
0 0.684094 1.231880 -0.326888 0.505151
0 0.454472 1.166159 -0.128224 0.204205
0 0.454013 1.165660 -0.127274 0.200189
0 0.706930 1.247032 -0.197886 0.488625
0 0.705590 1.238076 -0.200660 0.467566
0 0.777240 1.202184 0.090742 0.285217
0 0.731029 1.198229 -0.128084 0.311845
0 0.727091 1.193863 -0.134681 0.299836
0 0.465696 1.129560 -0.130722 0.204259
0 0.465635 1.128463 -0.130316 0.204012
