0 0.193828 0.693577 0.122918 -0.763790
0 0.193961 0.694552 0.123087 -0.762881
0 0.791541 0.676415 -0.780034 -0.486765
0 0.790893 0.676173 -0.781643 -0.486890
0 0.791372 0.675807 -0.779617 -0.486687
0 0.791702 0.678961 -0.786343 -0.487530
0 0.789962 0.677418 -0.789790 -0.488190
0 0.791129 0.677252 -0.787343 -0.488084
0 0.194401 0.717597 0.123717 -0.746406
0 0.194790 0.717124 0.124323 -0.747153
0 0.195963 0.685110 0.125208 -0.765090
0 0.196078 0.683754 0.124908 -0.769997
0 0.194361 0.685196 0.120754 -0.766636
0 0.196140 0.701535 0.124674 -0.756179
0 0.199063 0.683898 0.122909 -0.774913
0 0.198878 0.686003 0.122736 -0.769321
0 0.196202 0.686544 0.117089 -0.769463
0 0.793020 0.678405 -0.752126 -0.504407
0 0.198125 0.717867 0.126323 -0.746484
0 0.193193 0.728407 0.113076 -0.720999
0 0.194558 0.731053 0.116626 -0.713155
0 0.199237 0.680251 0.128116 -0.770380
0 0.200657 0.680501 0.130057 -0.770392
0 0.794497 0.669823 -0.770626 -0.492025
0 0.793634 0.669283 -0.771939 -0.494332
0 0.792684 0.669682 -0.773160 -0.492731
0 0.199309 0.667222 0.128360 -0.778967
0 0.199147 0.667422 0.128835 -0.781331
0 0.195954 0.667790 0.121317 -0.780193
0 0.793189 0.664713 -0.771740 -0.519323
0 0.889026 0.680824 -0.906288 -1.036472
0 0.891107 0.681811 -0.904262 -1.034598
0 0.197237 0.612552 0.121354 -0.812076
0 0.197377 0.613822 0.120815 -0.811227
0 0.194873 0.612981 0.114940 -0.812302
0 0.896772 0.681674 -0.948664 -1.034105
0 0.899375 0.682358 -0.945189 -1.032664
0 0.785444 0.702475 -0.779801 -0.479073
0 0.784898 0.702146 -0.781117 -0.479524
0 0.784148 0.702668 -0.781927 -0.477683
0 0.169578 0.662761 0.114287 -1.143982
0 0.168532 0.662701 0.112568 -1.144324
0 0.169381 0.662760 0.114339 -1.143566
