0 0.167279 0.606133 0.111711 -0.179120
0 0.167673 0.606802 0.111967 -0.178224
0 0.166625 0.607045 0.111709 -0.177472
0 0.436385 1.139132 -0.010240 0.021413
0 0.772937 1.110692 -0.298183 -0.079550
0 0.436468 1.139605 -0.011383 0.023015
0 0.765077 1.105870 -0.275417 -0.085939
0 0.771016 1.112924 -0.301383 -0.073813
0 0.766368 1.107812 -0.273273 -0.080401
0 0.450841 1.140259 -0.012752 0.021884
0 0.451579 1.140086 -0.010485 0.020326
0 0.165689 0.598721 0.110494 -0.177499
0 0.165776 0.599418 0.111800 -0.176447
0 0.166668 0.600468 0.112439 -0.175715
0 0.167332 0.609038 0.115505 -0.173645
0 0.430171 1.129932 -0.008708 0.012636
0 0.430997 1.131053 -0.009030 0.016558
0 0.165232 0.619641 0.109095 -0.167853
0 0.165476 0.619305 0.109799 -0.169700
0 0.165400 0.604210 0.111896 -0.180249
0 0.166437 0.620397 0.110807 -0.166103
0 0.771635 1.131843 -0.303710 0.009519
0 0.769719 1.132017 -0.306282 0.008889
0 0.166876 0.587540 0.113082 -0.194131
0 0.419870 1.133731 -0.027932 0.028860
0 0.164506 0.585585 0.109167 -0.193945
0 0.448021 1.133655 -0.022648 0.025831
0 0.751780 1.119897 -0.275679 -0.014687
0 0.447864 1.134258 -0.022366 0.029090
0 0.752735 1.119532 -0.272742 -0.016389
0 0.167393 0.651823 0.116584 -0.147255
0 0.426943 1.130494 -0.049364 0.025420
