0 0.452452 0.782544 -0.583646 -0.894407
0 0.452403 0.783441 -0.584020 -0.894668
0 0.451343 0.785255 -0.585643 -0.892579
0 0.451293 0.785371 -0.585634 -0.891254
0 0.206870 0.523599 0.089192 -0.486327
0 0.206554 0.523750 0.088921 -0.484766
0 0.205832 0.522100 0.081160 -0.482986
0 0.398854 0.947705 -0.315901 -0.476021
0 0.205664 0.521900 0.081127 -0.482367
0 0.399126 0.946655 -0.315702 -0.481693
0 0.399922 0.947402 -0.315671 -0.473189
0 0.451617 0.780218 -0.589577 -0.894518
0 0.205341 0.522832 0.087992 -0.485604
0 0.450967 0.779234 -0.590550 -0.896782
0 0.451001 0.780588 -0.590535 -0.893833
0 0.399834 0.947328 -0.314851 -0.485675
0 0.205699 0.523515 0.081210 -0.483178
0 0.204923 0.521369 0.082823 -0.490166
0 0.399831 0.947818 -0.315117 -0.480990
0 0.399544 0.947174 -0.314964 -0.482719
0 0.204577 0.523470 0.082345 -0.487059
0 0.204177 0.517158 0.081464 -0.495800
0 0.204004 0.518556 0.081459 -0.494019
0 0.452942 0.782480 -0.581427 -0.891156
0 0.452535 0.784360 -0.582148 -0.887989
0 0.446844 0.777807 -0.587488 -0.890042
0 0.739565 1.445389 -0.674739 0.924399
0 0.447388 0.777586 -0.586433 -0.890586
0 0.447472 0.777681 -0.586475 -0.890543
0 0.739120 1.438333 -0.676997 0.911167
0 0.734045 1.361812 -0.725178 0.900772
0 0.733575 1.363891 -0.725107 0.894969
0 0.400751 0.939458 -0.314813 -0.494210
0 0.738685 1.363839 -0.687629 0.918118
0 0.738293 1.364085 -0.687169 0.926965
0 0.451517 0.785863 -0.588988 -0.904618
0 0.450817 0.784723 -0.589857 -0.906582
0 0.451088 0.786060 -0.589463 -0.903628
0 0.205143 0.519963 0.082348 -0.495126
0 0.205055 0.521334 0.081859 -0.493510
0 0.399037 0.920542 -0.316194 -0.496700
0 0.398427 0.920152 -0.317171 -0.496201
0 0.399407 0.960414 -0.310426 -0.502611
0 0.399884 0.920987 -0.314111 -0.493822
0 0.399141 0.963664 -0.310989 -0.495401
0 0.737650 1.456006 -0.704334 0.933927
0 0.735559 1.444974 -0.708540 0.910571
0 0.400362 0.965623 -0.309593 -0.490593
0 0.399604 0.958411 -0.311151 -0.492381
0 0.207765 0.525779 0.085279 -0.488033
0 0.208783 0.526719 0.087116 -0.487006
0 0.206439 0.523907 0.082445 -0.490140
0 0.203842 0.515421 0.084189 -0.496239
0 0.204093 0.515508 0.084173 -0.495317
0 0.815260 1.103302 0.573980 -1.015795
0 0.806932 1.101697 0.549877 -1.018738
0 0.207949 0.522269 0.081619 -0.467148
0 0.208390 0.523417 0.082264 -0.464877
