0 0.727394 1.256082 -0.415355 0.578398
0 0.739656 1.319753 -0.404970 0.600058
0 0.731202 1.251717 -0.407533 0.569094
0 0.742161 1.322870 -0.399525 0.609213
0 0.729656 1.243096 -0.412251 0.553491
0 0.738994 1.863649 -0.402704 0.288367
0 0.738627 1.866089 -0.406372 0.307538
0 0.749297 1.901981 -0.393615 0.552574
0 0.750545 1.908371 -0.393209 0.555800
0 0.740807 1.252977 -0.403970 0.490498
0 0.746979 1.293693 -0.395151 0.568026
0 0.720102 1.825505 -0.420165 0.023313
0 0.757064 1.978308 -0.390982 0.917753
0 0.756805 1.942304 -0.390898 0.837329
0 0.735185 1.794695 -0.413819 -0.031057
0 0.736989 1.794837 -0.413966 -0.029645
0 0.730821 1.236088 -0.423020 0.538612
0 0.724935 1.330777 -0.405443 0.588295
0 0.715606 1.240764 -0.423362 0.581819
0 0.725513 1.327607 -0.404235 0.585331
0 0.716875 1.237292 -0.421914 0.574332
0 0.737950 1.814897 -0.392183 0.121252
0 0.736730 1.316460 -0.428736 0.586914
0 0.737344 1.808932 -0.393270 0.121829
0 0.738296 1.812843 -0.425111 0.002356
