0 0.530350 0.465904 -0.394681 0.049136
0 0.529896 0.465273 -0.395545 0.048485
0 0.530649 0.465346 -0.393406 0.049974
0 0.519588 0.461875 -0.410425 0.050700
0 0.518007 0.471219 -0.407169 0.065672
0 0.529398 0.463410 -0.402493 0.047459
0 0.519580 0.466797 -0.404990 0.057797
0 0.517982 0.468085 -0.407141 0.059302
0 0.528562 0.463468 -0.404415 0.047975
0 0.529250 0.463132 -0.403415 0.045204
0 0.528447 0.465288 -0.408605 0.049122
0 0.526551 0.471688 -0.422674 0.061023
0 0.526258 0.475716 -0.423182 0.066289
0 0.526419 0.473447 -0.422375 0.062568
0 0.783190 0.816157 0.303184 0.166741
0 0.521702 0.487003 -0.408455 0.073632
0 0.783561 1.038519 0.308836 0.306392
0 0.530119 0.491897 -0.414911 0.077934
