0 0.727266 1.132954 -0.973382 -1.392743
0 0.727449 1.133900 -0.973338 -1.391367
0 0.726300 1.133536 -0.974548 -1.390877
0 0.727950 1.135967 -0.972481 -1.389805
0 0.726792 1.135290 -0.974630 -1.390488
0 0.725979 1.135550 -0.975469 -1.392476
0 0.725618 1.136222 -0.975538 -1.389313
0 0.725407 1.132445 -0.976388 -1.397201
0 0.728122 1.135067 -0.971136 -1.386765
0 0.727801 1.137386 -0.972262 -1.382581
0 0.726733 1.134291 -0.973598 -1.387211
0 0.725961 1.131743 -0.977562 -1.396723
0 0.725727 1.130730 -0.978178 -1.398803
0 0.726088 1.133112 -0.974532 -1.396570
0 0.725234 1.129836 -0.978318 -1.400850
0 0.727785 1.139793 -0.969815 -1.378843
0 0.726717 1.137638 -0.971819 -1.382012
0 0.725088 1.139448 -0.974337 -1.379267
0 0.995735 1.521565 0.485760 0.995438
