0 0.681687 0.459058 -0.517745 -0.228039
0 0.689873 0.463702 -0.509749 -0.228023
0 0.689027 0.463415 -0.512058 -0.228141
0 0.681043 0.458477 -0.519070 -0.228079
0 0.687502 0.463655 -0.513427 -0.227190
0 0.681600 0.459257 -0.517625 -0.226876
0 0.691672 0.475630 -0.512995 -0.222680
0 0.684366 0.446930 -0.519715 -0.240388
0 0.687975 0.452935 -0.512525 -0.232226
0 0.697319 0.468496 -0.508795 -0.223315
0 0.697839 0.468195 -0.508195 -0.224819
0 0.687250 0.451775 -0.513600 -0.233254
0 0.699005 0.468985 -0.507705 -0.222158
0 0.683179 0.440392 -0.520393 -0.243566
0 0.688222 0.452369 -0.513650 -0.232444
0 0.707474 0.475252 -0.497358 -0.224661
0 0.690512 0.462579 -0.513717 -0.238071
