0 0.758396 0.849791 -0.065959 0.460940
0 0.758070 0.854669 -0.060601 0.469776
0 0.961507 0.821044 -0.793453 0.272774
0 0.961822 0.820826 -0.793861 0.272428
0 0.717354 0.852608 -0.094672 0.466503
0 0.717348 0.856756 -0.094267 0.474584
0 0.964424 0.847667 -0.814943 0.297082
0 0.964247 0.845608 -0.814858 0.295303
0 0.962166 0.813745 -0.775578 0.269947
0 0.963520 0.815168 -0.773881 0.272781
0 0.698261 0.863445 -0.096311 0.471045
0 0.699581 0.867781 -0.094491 0.478391
0 1.127324 0.203808 -0.917141 0.048253
0 1.130618 0.203565 -0.913919 0.048014
0 1.126719 0.203844 -0.916938 0.048639
0 0.964345 0.843274 -0.770792 0.282658
0 0.966375 0.845495 -0.769366 0.285359
0 0.732023 0.863646 -0.092402 0.471184
