0 0.489424 0.722613 -0.414737 -0.621246
0 0.489097 0.722686 -0.414740 -0.620190
0 0.489077 0.722036 -0.415865 -0.622076
0 0.489914 0.725334 -0.425042 -0.623866
0 0.490702 0.725216 -0.424495 -0.622920
0 0.490529 0.725462 -0.423756 -0.623911
0 0.487621 0.721313 -0.413893 -0.624624
0 0.488506 0.722287 -0.411940 -0.623121
0 0.485360 0.722950 -0.414611 -0.623327
0 0.474475 0.716940 -0.433906 -0.627358
0 0.474529 0.715362 -0.433062 -0.631250
0 0.495490 0.733211 -0.421069 -0.614305
0 0.501657 0.722728 -0.407048 -0.621661
0 0.494843 0.734003 -0.423864 -0.612993
0 0.495901 0.732404 -0.421231 -0.617278
0 0.501733 0.719274 -0.407616 -0.627242
