0 0.548259 0.858159 -0.696624 -0.115748
0 0.549282 0.856158 -0.697027 -0.120071
0 0.552687 0.835873 -0.703542 -0.137914
0 0.552182 0.835010 -0.703602 -0.140153
0 0.563634 0.856654 -0.671318 -0.120137
0 0.566147 0.944239 -0.614664 -0.259907
0 0.557042 0.913822 -0.659932 -0.080064
0 0.556703 0.836698 -0.688588 -0.137524
0 0.566624 0.948056 -0.613950 -0.259031
0 0.566322 0.945923 -0.610923 -0.253712
0 0.556816 0.905965 -0.658933 -0.092197
0 0.562290 0.913774 -0.647306 -0.089256
0 0.557226 0.865109 -0.698991 -0.125884
0 0.556518 0.862786 -0.703856 -0.131530
0 0.419215 0.923050 -0.225634 -0.240107
0 0.475984 0.906837 -0.417437 -0.145391
0 0.420326 0.923623 -0.222495 -0.239703
0 0.424482 0.923822 -0.215723 -0.236017
0 0.476339 0.902996 -0.417244 -0.154466
0 0.436258 0.923356 -0.100535 -0.233542
0 0.436053 0.921822 -0.094768 -0.234807
0 0.449670 0.923605 0.045121 -0.223635
0 0.450573 0.923492 0.049174 -0.222667
0 0.478620 0.906418 -0.409917 -0.149604
0 0.449045 0.921869 0.043173 -0.226515
