0 0.392551 0.343782 -0.700323 -0.382067
0 0.392446 0.344780 -0.702379 -0.382463
0 0.392666 0.343064 -0.699658 -0.383488
0 0.392765 0.343181 -0.700144 -0.383597
0 0.391543 0.342957 -0.699827 -0.384412
0 0.392844 0.344686 -0.701202 -0.382964
0 0.391657 0.343311 -0.699443 -0.383623
0 0.392761 0.344246 -0.701964 -0.384406
0 0.392665 0.342928 -0.701729 -0.390349
0 0.392688 0.343161 -0.701492 -0.390092
0 0.661036 0.957217 -0.551220 0.245984
0 0.392725 0.346400 -0.701139 -0.385757
0 0.629121 0.989046 0.300135 0.387252
0 0.392370 0.347330 -0.701625 -0.384391
0 0.392585 0.346710 -0.701367 -0.385415
0 0.768410 0.983348 0.435361 0.374302
0 0.482950 0.469031 -0.863595 -0.618248
0 0.393701 0.344775 -0.698398 -0.373813
0 0.698250 0.978791 -0.367641 0.395785
0 0.663658 0.990979 -0.609442 0.359147
0 0.664092 0.994689 -0.606922 0.362408
0 0.729953 0.987126 -0.384708 0.326314
0 0.482992 0.469189 -0.863109 -0.618608
0 0.393290 0.345407 -0.699246 -0.372229
0 0.482896 0.469487 -0.865620 -0.613990
0 0.483207 0.469352 -0.863500 -0.619987
0 0.674421 0.922819 -0.531509 0.275261
0 0.692611 0.992168 -0.360539 0.342144
0 0.393535 0.345596 -0.698886 -0.371922
0 0.485146 0.464887 -0.865185 -0.618400
