0 0.544217 1.094773 -0.136625 -0.302776
0 0.545184 1.093579 -0.135259 -0.305316
0 0.606206 1.188399 -0.400841 0.223016
0 0.607282 1.187532 -0.401568 0.222680
0 0.544618 1.087651 -0.136803 -0.328894
0 0.438689 1.177337 0.179926 0.229159
0 0.551744 1.095191 -0.121617 -0.230648
0 0.553747 1.098143 -0.120140 -0.220213
0 0.524014 0.562891 -0.376361 0.334646
0 0.524269 0.562138 -0.375800 0.333512
0 0.524725 0.564092 -0.375387 0.334456
0 0.607263 1.178028 -0.436843 0.204625
0 0.609001 1.179627 -0.431933 0.209491
0 0.519524 0.552182 -0.375004 0.325884
0 0.519776 0.553064 -0.375215 0.326497
0 0.565125 1.090827 -0.122252 -0.304917
0 0.519018 0.551845 -0.374703 0.322386
0 0.567516 1.092507 -0.118480 -0.305119
0 0.519236 0.445041 -0.375218 0.273362
0 0.524455 0.467741 -0.371809 0.285363
0 0.530477 1.206754 0.236888 0.282689
0 0.517715 0.443061 -0.376412 0.268100
0 0.519633 0.445535 -0.373904 0.272944
0 0.523958 0.468714 -0.372758 0.286933
0 0.524961 0.468516 -0.370286 0.283591
0 0.547550 1.075099 -0.131227 -0.380681
0 0.548481 1.068358 -0.130514 -0.396930
0 0.548876 1.075485 -0.130162 -0.379797
