0 0.492900 1.019217 -0.128357 -0.713807
0 0.493151 1.020394 -0.127761 -0.712057
0 0.492730 1.019203 -0.128031 -0.715801
0 0.557128 1.047769 -0.568489 -0.528789
0 0.557533 1.046125 -0.568927 -0.531459
0 0.744527 1.126614 -0.670202 -0.098573
0 0.744215 1.127081 -0.670429 -0.100630
0 0.557821 1.048029 -0.565356 -0.528458
0 0.492900 1.019873 -0.124500 -0.701608
0 0.493950 1.018646 -0.122936 -0.702290
0 0.493501 1.021755 -0.122815 -0.697955
0 0.550014 1.051314 -0.568929 -0.525312
0 0.549892 1.052576 -0.569220 -0.523529
0 0.550806 1.052291 -0.568697 -0.523954
0 0.505936 1.018694 -0.117758 -0.718159
0 0.505765 1.020863 -0.118298 -0.714322
0 0.503572 1.018307 -0.121199 -0.720223
0 0.736372 1.132424 -0.694667 -0.083982
0 0.736308 1.132784 -0.694922 -0.084757
0 0.556620 1.025487 -0.561892 -0.541031
0 0.568440 1.037964 -0.556762 -0.532030
0 0.568147 1.036458 -0.557743 -0.539964
0 0.744192 1.136093 -0.691832 -0.080563
0 0.746667 1.122605 -0.660672 -0.119665
0 0.570163 1.041891 -0.553098 -0.522838
0 0.745883 1.122438 -0.660901 -0.121618
0 0.497632 1.019608 -0.120497 -0.726111
0 0.747197 1.132107 -0.673397 -0.089403
0 0.425333 0.696728 -0.501217 -0.612239
0 0.748502 1.118134 -0.656963 -0.177120
0 0.428374 0.751776 -0.492909 -0.577825
0 0.428547 0.752631 -0.494074 -0.575747
0 0.780130 1.137577 -0.456066 -0.052348
0 0.568514 1.047166 -0.559065 -0.540996
0 0.544482 1.028305 -0.576770 -0.537714
