0 0.632917 0.637134 -0.830462 -0.566655
0 0.633847 0.637091 -0.828973 -0.567081
0 0.632691 0.637662 -0.831194 -0.564738
0 0.633362 0.630935 -0.829266 -0.565124
0 0.616718 1.021881 -0.488463 -0.704172
0 0.616288 1.019966 -0.490078 -0.707367
0 0.613312 1.020503 -0.490263 -0.701971
0 0.612085 1.020752 -0.492531 -0.699406
0 0.633982 0.630925 -0.827482 -0.565713
0 0.616600 1.018789 -0.490912 -0.708403
0 0.611703 1.022594 -0.494781 -0.696566
0 0.633089 0.633955 -0.829530 -0.562373
0 0.634508 0.631875 -0.828503 -0.569198
0 0.635714 0.634073 -0.826336 -0.563459
0 0.723542 1.017165 -0.419125 -0.722367
0 0.724271 1.018640 -0.416941 -0.719796
0 0.633476 0.633134 -0.830681 -0.570210
0 0.654320 0.917127 -0.798841 -0.819076
0 0.632518 0.632600 -0.832541 -0.577898
0 0.722428 1.016505 -0.420820 -0.722083
0 0.654844 0.916294 -0.797264 -0.820939
0 0.632305 0.628818 -0.832719 -0.588842
0 0.725076 1.019405 -0.417402 -0.705185
0 0.725764 1.021740 -0.415586 -0.704262
0 0.632351 0.632090 -0.832443 -0.580490
0 0.654359 0.918739 -0.799021 -0.818043
0 0.722724 1.021071 -0.420729 -0.701465
0 0.627270 1.010188 -0.477727 -0.688455
0 0.656083 0.967149 -0.792949 -0.778387
0 0.656548 0.963368 -0.791918 -0.784618
0 0.632071 0.633628 -0.838409 -0.572262
0 0.656491 0.966069 -0.792668 -0.778997
