0 0.691936 1.161323 -0.593761 0.153060
0 0.691711 1.160769 -0.593353 0.152831
0 0.693327 1.137997 -0.598395 0.075271
0 0.693368 1.137773 -0.597035 0.073587
0 0.400367 1.195088 0.225700 0.323702
0 0.260739 0.364414 -0.141375 0.246859
0 0.261430 0.363590 -0.140062 0.246296
0 0.266278 0.368144 -0.131878 0.252850
0 0.266732 0.369408 -0.131072 0.254793
0 0.696438 1.166746 -0.568156 0.171743
0 0.695787 1.165523 -0.570555 0.171517
0 0.269819 0.470282 -0.234500 -0.381906
0 0.269655 0.471291 -0.235032 -0.380159
0 0.267895 0.472025 -0.234221 -0.367167
0 0.267268 0.473897 -0.234958 -0.364433
0 0.366825 1.070570 0.015002 -0.372875
0 0.704384 1.161481 -0.598486 0.157635
0 0.264658 0.362164 -0.132632 0.245916
0 0.403094 1.181231 0.102893 0.258393
0 0.264495 0.361806 -0.133052 0.246694
0 0.366851 1.071649 0.015128 -0.365876
0 0.708058 1.161599 -0.591987 0.155707
0 0.268496 0.369806 -0.124930 0.256459
0 0.366071 1.065832 0.010582 -0.388802
0 0.392081 1.061046 0.229630 -0.384594
0 0.393149 1.064918 0.229476 -0.370179
