0 1.297912 0.484580 0.770659 -0.345452
0 1.254982 0.489563 0.600271 -0.343754
0 1.249627 0.490890 0.577480 -0.342889
0 1.263947 0.487149 0.880114 -0.340037
0 1.254361 0.486614 0.700510 -0.343074
0 1.247191 0.488223 0.855196 -0.330968
0 1.208249 0.489018 0.781453 -0.339229
0 1.287309 0.488683 0.737477 -0.334829
0 1.228495 0.507002 0.403947 -0.334827
0 1.209973 0.510783 0.897083 -0.321112
0 1.227509 0.507478 0.373609 -0.336865
0 1.161158 0.512176 0.814866 -0.318616
0 1.255923 0.490583 0.678611 -0.330209
0 0.876308 0.557588 0.606333 -0.302359
0 1.269578 0.488979 0.603414 -0.339054
0 1.206880 0.486378 0.781974 -0.332717
0 0.875999 0.557944 0.602781 -0.302961
0 1.064517 0.532242 0.812847 -0.316383
0 1.255889 0.490766 0.562077 -0.334994
