0 0.501766 0.758916 -0.192472 -0.375383
0 0.501089 0.760295 -0.193790 -0.373771
0 0.500851 0.760575 -0.192495 -0.372828
0 0.501788 0.760071 -0.194273 -0.370596
0 0.501000 0.760904 -0.195890 -0.370006
0 0.501077 0.761916 -0.193442 -0.368615
0 0.487138 0.765985 -0.223768 -0.398896
0 0.601527 1.071027 -0.891713 -1.238963
0 0.601576 1.071388 -0.891500 -1.239803
0 0.486558 0.755956 -0.223155 -0.397333
0 0.490594 0.756779 -0.204928 -0.373423
0 0.490162 0.757482 -0.206867 -0.371926
0 0.606223 1.069235 -0.889454 -1.239423
0 0.490945 0.757432 -0.204711 -0.372527
0 0.606344 1.069000 -0.889284 -1.239155
0 0.601636 1.071684 -0.887943 -1.241255
0 0.600461 1.070356 -0.888466 -1.243153
0 0.602089 1.070103 -0.887008 -1.242665
0 0.601884 1.073628 -0.885252 -1.233016
0 0.602724 1.072764 -0.884131 -1.234043
0 0.489004 0.766874 -0.227085 -0.390931
0 0.610240 1.071326 -0.887272 -1.247166
0 0.610361 1.068625 -0.887180 -1.251552
0 0.609443 1.069951 -0.888095 -1.250024
0 0.598138 1.062183 -0.893327 -1.246186
0 0.598254 1.065051 -0.893135 -1.244993
0 0.597244 1.061632 -0.893124 -1.249416
0 0.488458 0.752452 -0.232072 -0.385434
