0 1.194155 0.572924 -0.532565 -0.589357
0 1.195872 0.572510 -0.527833 -0.586076
0 1.194520 0.572844 -0.532064 -0.590348
0 1.206974 0.578709 -0.502077 -0.572307
0 1.209984 0.578305 -0.494605 -0.569872
0 1.208945 0.578332 -0.499278 -0.573102
0 0.486424 0.487310 -0.285520 -0.589950
0 0.486229 0.486708 -0.285591 -0.591051
0 0.486770 0.488284 -0.286245 -0.590032
0 0.485027 0.485725 -0.288392 -0.595695
0 0.484748 0.485320 -0.287707 -0.595441
0 0.484754 0.490661 -0.293091 -0.586085
0 0.484549 0.490146 -0.292918 -0.586765
0 0.483548 0.485474 -0.289502 -0.594752
0 0.480932 0.489991 -0.301028 -0.587630
0 0.489258 0.489869 -0.283372 -0.587869
0 0.489030 0.489304 -0.283922 -0.588503
0 0.497157 0.738904 0.331608 -0.701040
0 0.500348 0.740076 0.337746 -0.699292
0 0.497208 0.739198 0.334769 -0.699826
0 0.499796 0.728835 0.336559 -0.736088
0 0.497655 0.728620 0.332182 -0.736178
0 0.485626 0.489097 -0.293996 -0.592072
0 0.486172 0.489292 -0.293625 -0.591482
0 0.497394 0.728507 0.332779 -0.735731
0 0.483217 0.488802 -0.297888 -0.592528
0 0.484963 0.489552 -0.290829 -0.588754
0 1.186510 0.580505 -0.559138 -0.586167
0 1.188084 0.579805 -0.550605 -0.587341
0 1.191985 0.582318 -0.542154 -0.582257
