0 0.394903 0.858263 -0.391464 -0.176825
0 0.394741 0.859717 -0.392655 -0.175287
0 0.400734 0.854841 -0.371730 -0.177774
0 0.400918 0.854981 -0.371337 -0.178360
0 0.394041 0.866263 -0.391537 -0.170630
0 0.394162 0.867448 -0.391906 -0.165277
0 0.398611 0.876378 -0.393627 -0.170419
0 0.401963 0.854875 -0.365665 -0.177845
0 0.397569 0.859801 -0.375716 -0.176176
0 0.396157 0.868411 -0.382136 -0.163299
0 0.333426 0.757080 -0.366250 -0.747686
0 0.334272 0.758103 -0.365384 -0.746521
0 0.334109 0.750943 -0.365643 -0.760765
0 0.334032 0.750085 -0.365734 -0.761165
0 0.399467 0.877589 -0.365460 -0.163754
0 0.325166 0.751102 -0.377445 -0.756565
0 0.324365 0.749802 -0.378699 -0.757704
0 0.333888 0.749405 -0.365664 -0.762347
0 0.393075 0.882821 -0.419291 -0.155158
0 0.343657 0.753694 -0.362838 -0.756321
0 0.346104 0.749729 -0.360681 -0.762154
0 0.394554 0.850481 -0.400960 -0.186574
0 0.499196 0.504740 -0.819847 -0.343430
0 0.499169 0.501652 -0.819951 -0.347139
0 0.499353 0.503877 -0.820010 -0.344181
0 0.499113 0.501821 -0.818269 -0.343204
0 0.625084 0.190821 -1.138137 -0.120845
0 0.500033 0.519826 -0.820378 -0.328009
