0 0.319097 1.323694 0.198614 0.206523
0 0.713872 1.279122 -0.685293 -0.043637
0 0.712850 1.279916 -0.687961 -0.040487
0 0.410781 1.259784 -0.186543 -0.081613
0 0.411968 1.258960 -0.186197 -0.082072
0 0.399720 1.252191 -0.233564 -0.106198
0 0.400203 1.250412 -0.231662 -0.107853
0 0.547304 1.239809 -0.540399 -0.152741
0 0.548940 1.241104 -0.539985 -0.148441
0 0.550005 1.252923 -0.555679 -0.145875
0 0.552425 1.252974 -0.548346 -0.145462
0 0.715572 1.264495 -0.688144 -0.021748
0 0.715139 1.262596 -0.690214 -0.026783
0 0.735647 1.283879 -0.562942 -0.041687
0 0.733262 1.285011 -0.566480 -0.039978
0 0.393696 1.277618 -0.256441 -0.027499
0 0.725847 1.285734 -0.693073 -0.026224
0 0.396549 1.291386 -0.249808 -0.051814
0 0.723794 1.287174 -0.696776 -0.020065
0 0.544056 1.252700 -0.528503 -0.152620
0 0.403489 1.294412 -0.207855 -0.045417
0 0.545228 1.252918 -0.526765 -0.152385
0 0.549066 1.274258 -0.540982 -0.095300
0 0.548055 1.267450 -0.579103 -0.111638
0 0.404831 1.279813 -0.208459 -0.020982
0 0.576103 0.695399 -0.311256 0.184295
0 0.729847 1.383644 0.514327 0.746551
0 0.576463 0.695946 -0.308808 0.185087
0 0.577104 0.693734 -0.309015 0.184276
0 0.419008 1.281978 -0.152883 0.018968
0 0.415618 1.283958 -0.156754 0.021781
0 0.573743 0.605377 -0.317044 0.116539
0 0.573812 0.606747 -0.315748 0.117466
