0 0.383113 0.479831 -0.085149 -0.140576
0 0.382441 0.480852 -0.086235 -0.138260
0 0.383631 0.478734 -0.087933 -0.141723
0 0.383414 0.479150 -0.087584 -0.140874
0 0.382217 0.481457 -0.087332 -0.138897
0 0.382576 0.479524 -0.088103 -0.140797
0 0.385467 0.493531 -0.080268 -0.124745
0 0.820861 0.787642 -0.599520 0.130160
0 0.820904 0.790012 -0.600228 0.133701
0 0.385523 0.491554 -0.076196 -0.127808
0 0.825956 0.780783 -0.555142 0.108639
0 0.826063 0.782155 -0.556659 0.109880
0 0.388643 0.476649 -0.071945 -0.137322
0 0.387140 0.480546 -0.075654 -0.134094
0 0.825272 0.767215 -0.594506 0.116347
0 0.825994 0.766857 -0.594250 0.117214
0 0.377800 0.480210 -0.089922 -0.139654
0 0.378137 0.480371 -0.088055 -0.139210
0 0.378259 0.480732 -0.085429 -0.138166
0 0.391996 0.482123 -0.081400 -0.136624
0 0.391143 0.480580 -0.084070 -0.139966
0 0.392003 0.482992 -0.080026 -0.134998
0 0.597721 0.602183 -0.299876 -0.170778
0 0.819669 0.814513 -0.519368 0.118172
0 0.599142 0.599885 -0.297457 -0.176127
0 0.599205 0.602456 -0.297870 -0.169298
0 0.820938 0.814235 -0.521474 0.117027
0 0.802053 0.745815 -0.589001 0.114283
