0 0.541011 1.171675 -0.435020 0.110174
0 0.541579 1.171448 -0.434108 0.108784
0 0.619391 1.048942 -0.403160 -0.497245
0 0.612521 1.047760 -0.409358 -0.352335
0 0.618395 1.048792 -0.406230 -0.498622
0 0.617114 1.048548 -0.407375 -0.500516
0 0.561782 1.126451 -0.460322 -0.020740
0 0.613347 1.048572 -0.410560 -0.351933
0 0.563675 1.126124 -0.457374 -0.018968
0 0.611518 1.049646 -0.411638 -0.355234
0 0.618322 1.048050 -0.442582 -0.328671
0 0.620111 1.048078 -0.438864 -0.324821
0 0.485086 1.020554 -0.013409 -0.651417
0 0.484308 1.020423 -0.013293 -0.649902
0 0.483340 1.022088 -0.016314 -0.650179
0 0.619545 1.030325 -0.439429 -0.360195
0 0.611586 1.017420 -0.439187 -0.499588
0 0.614104 1.015504 -0.435151 -0.506359
0 0.470195 1.015495 -0.024763 -0.661740
0 0.469743 1.016058 -0.025501 -0.658436
0 0.469774 1.015729 -0.024601 -0.660764
0 0.613288 1.015572 -0.437661 -0.510120
