0 0.647471 1.164660 0.074711 0.138948
0 0.651348 1.165284 0.178102 0.149563
0 0.556664 1.028317 -0.675188 -0.636453
0 0.558083 1.028658 -0.673863 -0.631905
0 0.560079 1.028406 -0.670468 -0.629883
0 0.144984 0.965878 0.098339 -1.029553
0 0.145016 0.963428 0.098123 -1.032282
0 0.145847 0.967152 0.098095 -1.036296
0 0.145919 0.968250 0.097626 -1.034927
0 0.560638 1.031647 -0.672139 -0.635055
0 0.560901 1.028794 -0.669855 -0.636117
0 0.562907 1.027750 -0.664998 -0.635402
0 0.728905 1.162301 0.456352 0.148880
