0 0.353503 1.145419 -0.030022 -0.818828
0 0.353674 1.146554 -0.028974 -0.817518
0 0.352470 1.144173 -0.031271 -0.822751
0 0.353524 1.146500 -0.030304 -0.813765
0 0.352621 1.147260 -0.035085 -0.815345
0 0.352249 1.145133 -0.036309 -0.819209
0 0.351054 1.144158 -0.039110 -0.820270
0 0.627923 1.303748 -0.601980 0.598220
0 0.627670 1.295049 -0.601046 0.586570
0 0.427274 1.184809 -0.354799 -0.620244
0 0.352742 1.140940 -0.025126 -0.821262
0 0.352667 1.140778 -0.025417 -0.823094
0 0.427271 1.187546 -0.355167 -0.617693
0 0.351706 1.141851 -0.027579 -0.821299
0 0.428131 1.187362 -0.352313 -0.618955
0 0.268870 0.713261 0.183794 -0.154316
0 0.268979 0.713078 0.184480 -0.154850
0 0.268922 0.716190 0.183746 -0.151413
0 0.426339 1.192484 -0.346314 -0.624873
0 0.421429 1.181883 -0.349388 -0.623204
0 0.423897 1.178184 -0.368931 -0.646374
0 0.423825 1.178746 -0.369126 -0.646004
0 0.421363 1.183844 -0.349168 -0.622010
0 0.628764 1.243915 -0.603353 0.559420
0 0.421145 1.185628 -0.348778 -0.619147
0 0.628138 1.247399 -0.604264 0.564503
0 0.352875 1.140575 -0.033821 -0.812745
0 0.269222 0.692135 0.183596 -0.154707
0 0.269762 0.693914 0.184806 -0.150826
0 0.424917 1.179199 -0.366691 -0.645615
0 0.269930 0.688664 0.184694 -0.160359
0 0.266296 0.720923 0.181382 -0.155521
0 0.620386 1.385643 -0.601847 0.642569
0 0.620216 1.364725 -0.603750 0.605539
0 0.267439 0.721617 0.181723 -0.153850
0 0.266918 0.721349 0.182730 -0.159882
0 0.466005 1.181721 -0.338438 -0.627295
0 0.466226 1.183012 -0.337894 -0.628973
0 0.465881 1.183337 -0.337605 -0.629489
0 0.440473 1.191117 -0.341972 -0.625635
0 0.347941 1.142816 -0.018367 -0.823664
0 0.608218 1.298250 -0.614022 0.604214
0 0.422982 1.192361 -0.352221 -0.597492
0 0.268678 0.724299 0.188226 -0.138167
0 0.609024 1.303542 -0.614216 0.616979
0 0.270198 0.690620 0.190130 -0.147783
0 0.596468 0.418475 -1.037592 -0.384625
0 0.595454 0.419415 -1.038869 -0.385074
0 0.596529 0.417776 -1.037795 -0.385646
0 0.357259 1.145609 -0.039714 -0.814546
0 0.595383 0.419029 -1.039151 -0.384916
0 0.595429 0.419582 -1.039169 -0.384545
0 0.596119 0.418303 -1.038323 -0.384579
0 0.637779 1.303578 -0.597432 0.602207
0 0.639757 1.310512 -0.597745 0.622262
