0 0.052437 0.772418 0.037210 -0.734524
0 0.048775 0.779499 0.033321 -0.727135
0 0.048756 0.775892 0.033230 -0.733015
0 0.048425 0.780134 0.033483 -0.725579
0 0.049129 0.780140 0.033899 -0.732050
0 0.048064 0.779487 0.032199 -0.731640
0 0.049144 0.774362 0.033584 -0.740572
0 0.295741 0.320153 -0.464393 -0.289156
0 0.295824 0.318617 -0.464310 -0.291717
0 0.295948 0.319068 -0.463816 -0.290506
0 0.297292 0.320962 -0.460650 -0.289252
0 0.297493 0.320185 -0.460470 -0.292281
0 0.297861 0.320775 -0.459488 -0.290518
0 0.659282 0.985297 -0.775190 -0.879070
0 0.658899 0.985712 -0.776289 -0.879895
0 0.660503 0.985142 -0.773143 -0.876200
0 0.050786 0.766459 0.032610 -0.746262
0 0.049781 0.777180 0.033660 -0.739229
0 0.049822 0.774215 0.033507 -0.745134
0 0.049582 0.778835 0.033939 -0.736044
0 0.048830 0.772429 0.033150 -0.750961
0 0.048911 0.770221 0.032844 -0.754628
0 0.051759 0.782763 0.032899 -0.728911
0 0.047950 0.774562 0.031679 -0.746855
0 0.297026 0.319083 -0.466408 -0.288775
0 0.659656 0.981837 -0.770077 -0.910067
0 0.297912 0.322889 -0.458872 -0.296671
0 0.299765 0.320408 -0.456577 -0.287134
0 0.297058 0.318997 -0.466349 -0.289618
0 0.298255 0.322566 -0.457594 -0.296112
0 0.658750 0.982367 -0.772221 -0.909203
0 0.653777 0.985181 -0.775254 -0.884843
0 0.653463 0.985243 -0.776741 -0.883072
0 0.653895 0.984991 -0.775420 -0.880772
0 0.660099 0.982975 -0.770047 -0.904976
0 0.297886 0.320620 -0.460976 -0.289568
0 0.297893 0.320290 -0.460300 -0.289532
0 0.299069 0.320981 -0.453799 -0.294241
