0 0.755109 0.671071 0.204628 -0.397433
0 0.752653 0.671236 0.202139 -0.398378
0 0.292131 0.469366 -0.412732 -0.328677
0 0.755328 0.671100 0.201990 -0.398936
0 0.292601 0.470898 -0.412078 -0.327331
0 0.292151 0.468279 -0.412628 -0.330848
0 0.291788 0.468524 -0.413590 -0.330577
0 0.292732 0.470429 -0.411974 -0.327657
0 0.162421 0.582680 -0.110223 -0.290086
0 0.292083 0.470495 -0.413305 -0.327945
0 0.162076 0.582659 -0.110274 -0.291635
0 0.758838 0.674573 0.223850 -0.395715
0 0.759633 0.674560 0.224356 -0.397415
0 0.293047 0.470081 -0.408928 -0.328008
0 0.101961 0.490768 -0.063512 -0.348593
0 0.753345 0.673472 0.215046 -0.396549
0 0.102242 0.490813 -0.062856 -0.348138
0 0.430492 0.373621 -0.682510 -0.363783
0 0.101966 0.489842 -0.063605 -0.348523
0 0.432632 0.372232 -0.682820 -0.367097
0 0.077526 0.499648 0.000020 -0.346010
0 0.077675 0.499315 -0.000409 -0.346476
0 0.226082 0.492338 -0.249263 -0.285349
0 0.294332 0.470013 -0.406817 -0.328324
0 0.162526 0.587394 -0.108349 -0.272412
0 0.226661 0.492677 -0.247399 -0.284546
0 0.296469 0.460105 -0.412444 -0.343458
0 0.077612 0.499084 -0.000136 -0.346824
0 0.314440 0.410241 -0.503935 -0.391616
0 0.292508 0.469373 -0.410160 -0.326255
0 0.162705 0.588666 -0.108225 -0.268813
0 0.315092 0.413029 -0.500599 -0.388259
0 0.761290 0.663381 0.200724 -0.406335
0 0.314476 0.409635 -0.504046 -0.392374
0 0.314703 0.410340 -0.503798 -0.391090
0 0.431468 0.370652 -0.686411 -0.366903
0 0.757841 0.664720 0.193979 -0.401566
0 0.291300 0.462706 -0.414354 -0.341794
0 0.431435 0.369647 -0.686429 -0.368335
0 0.314859 0.413047 -0.501122 -0.388565
0 0.315252 0.413153 -0.500370 -0.388622
0 0.162764 0.588780 -0.112531 -0.278671
0 0.431547 0.369870 -0.685664 -0.367948
0 0.162877 0.587334 -0.112416 -0.279886
0 0.431798 0.373013 -0.679880 -0.365131
0 0.433612 0.372146 -0.680046 -0.368023
0 0.430239 0.373942 -0.688166 -0.362432
0 0.539275 0.357982 -0.800561 -0.493689
0 0.079330 0.493343 0.002727 -0.356411
0 0.541839 0.359245 -0.795895 -0.491845
0 0.227090 0.497559 -0.245502 -0.273241
0 0.162705 0.584493 -0.112726 -0.284964
0 0.764714 0.663553 0.205269 -0.401718
0 0.430225 0.374251 -0.688395 -0.361215
0 0.430057 0.374146 -0.688066 -0.362011
0 0.539324 0.356104 -0.801962 -0.493781
0 0.162417 0.585662 -0.108885 -0.275041
0 0.226988 0.498670 -0.245448 -0.270696
0 0.539405 0.358160 -0.800861 -0.493170
0 0.539401 0.358570 -0.800552 -0.492419
0 0.539203 0.357333 -0.802351 -0.492667
0 0.227097 0.500491 -0.245165 -0.267411
0 0.161875 0.591983 -0.108879 -0.288310
0 0.539170 0.356226 -0.802801 -0.493762
0 0.294022 0.470000 -0.407419 -0.324766
0 0.540275 0.357227 -0.798659 -0.492111
0 0.313485 0.405513 -0.506156 -0.398217
0 0.161949 0.592002 -0.108255 -0.288245
0 0.313398 0.406479 -0.506406 -0.395894
0 0.394928 0.425041 -0.666354 -0.651468
0 0.314121 0.401451 -0.504802 -0.407056
0 0.104678 0.496508 -0.051205 -0.346243
0 0.103963 0.498624 -0.052716 -0.342482
0 0.392178 0.428727 -0.666126 -0.642747
0 0.393275 0.427841 -0.663620 -0.642784
0 0.394905 0.424877 -0.666756 -0.651843
0 0.104598 0.499758 -0.051967 -0.339720
0 0.226954 0.497786 -0.253198 -0.271725
0 0.227134 0.495504 -0.252827 -0.277139
0 0.314174 0.402258 -0.505040 -0.405370
0 0.105032 0.497133 -0.060485 -0.338506
0 0.227278 0.496552 -0.252336 -0.273787
0 0.313727 0.401890 -0.505663 -0.406625
0 0.296862 0.459986 -0.410911 -0.342960
0 0.166435 0.575286 -0.087705 -0.288682
0 0.077548 0.499557 0.000021 -0.340915
0 0.077942 0.499752 0.000618 -0.340650
0 0.432802 0.367649 -0.686649 -0.372364
0 0.432684 0.367365 -0.686296 -0.372723
0 0.162693 0.584562 -0.116164 -0.282209
0 0.537936 0.357711 -0.807849 -0.492972
0 0.165052 0.575538 -0.087853 -0.287290
0 0.077504 0.498935 -0.000341 -0.341809
0 0.394356 0.424544 -0.666014 -0.649490
0 0.289792 0.466161 -0.416473 -0.348058
0 0.394437 0.425315 -0.666199 -0.648654
0 0.431067 0.373413 -0.676430 -0.363929
0 0.429389 0.368492 -0.692110 -0.369129
0 0.163091 0.585227 -0.115355 -0.280806
0 0.392331 0.429087 -0.665837 -0.641930
0 0.430979 0.373621 -0.676449 -0.363237
0 0.101530 0.470735 -0.063513 -0.351793
0 0.082293 0.496503 0.003570 -0.349832
0 0.229322 0.485968 -0.243584 -0.290890
0 0.101106 0.473927 -0.068683 -0.353112
0 0.101011 0.474581 -0.068567 -0.351767
0 0.429416 0.368009 -0.691438 -0.369826
0 0.162784 0.580646 -0.116241 -0.289781
0 0.430806 0.373145 -0.678081 -0.364664
0 0.100995 0.474233 -0.069031 -0.352450
0 0.229529 0.486633 -0.243131 -0.289347
0 0.394596 0.425401 -0.667991 -0.649408
0 0.227190 0.499227 -0.243827 -0.270789
0 0.104952 0.494892 0.010129 -0.349439
0 0.394562 0.425601 -0.665687 -0.648096
0 0.434132 0.369547 -0.672181 -0.363483
0 0.538570 0.356937 -0.800146 -0.496207
0 0.292872 0.466608 -0.406861 -0.338054
0 0.434283 0.369809 -0.671847 -0.362541
0 0.227329 0.502074 -0.243342 -0.267115
0 0.433878 0.369139 -0.673317 -0.363820
0 0.750736 0.672637 0.236967 -0.389118
0 0.227388 0.502689 -0.243143 -0.267535
0 0.290134 0.456534 -0.419752 -0.343257
0 0.163320 0.586220 -0.119110 -0.284202
0 0.163556 0.585762 -0.118815 -0.285195
0 0.075560 0.494721 0.002243 -0.346539
0 0.750770 0.672916 0.238153 -0.387060
0 0.290352 0.455747 -0.419364 -0.343423
0 0.291385 0.456211 -0.418442 -0.344524
0 0.394893 0.424021 -0.665330 -0.655232
0 0.099789 0.459023 -0.069041 -0.363135
0 0.075424 0.494539 0.002139 -0.347489
0 0.076145 0.495551 0.003141 -0.345478
0 0.435004 0.364753 -0.682649 -0.373221
0 0.537045 0.356393 -0.988842 -0.456037
0 0.226820 0.496719 -0.254662 -0.272647
0 0.227187 0.499246 -0.253605 -0.269127
0 0.226798 0.500016 -0.254229 -0.268597
0 0.227831 0.490130 -0.258396 -0.287160
0 0.163388 0.583101 -0.119228 -0.290746
0 0.395415 0.423278 -0.665301 -0.655692
0 0.537008 0.356716 -0.988745 -0.456157
0 0.224001 0.472002 -0.237813 -0.320058
0 0.224617 0.471450 -0.235604 -0.321009
0 0.744971 0.672781 0.227534 -0.387763
0 0.428395 0.395441 -0.692135 -0.346148
0 0.538934 0.362963 -0.796523 -0.488369
0 0.228888 0.491463 -0.257002 -0.284060
0 0.541016 0.356512 -0.976534 -0.452197
0 0.435907 0.367925 -0.664447 -0.367642
0 0.538373 0.363251 -0.797462 -0.487734
0 0.541048 0.356727 -0.976112 -0.451633
0 0.395170 0.425161 -0.664567 -0.652040
0 0.540976 0.356955 -0.976114 -0.450322
0 0.538218 0.363085 -0.797954 -0.488000
0 0.317973 0.402993 -0.497789 -0.410038
0 0.291067 0.467417 -0.411626 -0.345925
0 0.436781 0.363669 -0.678583 -0.374114
0 0.399381 0.429243 -0.660639 -0.630893
0 0.107147 0.499512 -0.058788 -0.344518
0 0.106536 0.498746 -0.059819 -0.346301
0 0.167076 0.574743 -0.108694 -0.282927
0 0.076910 0.478672 0.001395 -0.360039
0 0.167133 0.574520 -0.109060 -0.280772
0 0.106561 0.498988 -0.060140 -0.344718
0 0.539776 0.359444 -0.983539 -0.451327
0 0.436364 0.367691 -0.663914 -0.368018
0 0.541286 0.354647 -0.807922 -0.497811
0 0.392535 0.426549 -0.668722 -0.646657
0 0.537153 0.352530 -0.803499 -0.498664
0 0.087299 0.497285 0.008313 -0.348297
0 0.539976 0.359597 -0.982521 -0.450326
0 0.392412 0.426889 -0.668676 -0.645802
0 0.314352 0.410309 -0.500972 -0.389743
