0 0.441222 1.136269 -0.561827 -0.791636
0 0.441486 1.133969 -0.561491 -0.795361
0 0.439254 1.138836 -0.563693 -0.788200
0 0.438954 1.136075 -0.564287 -0.793808
0 0.438259 1.122981 -0.565607 -0.822488
0 0.322953 1.141923 -0.019700 -0.756140
0 0.323225 1.141639 -0.019499 -0.756929
0 0.323437 1.143538 -0.019983 -0.752813
0 0.325575 1.148439 -0.018319 -0.750683
0 0.325852 1.148910 -0.017770 -0.749809
0 0.324952 1.148883 -0.019467 -0.749691
0 0.438615 1.114970 -0.565748 -0.826664
0 0.329773 1.146989 -0.005580 -0.733513
0 0.691668 1.177829 -0.961791 -0.541991
0 0.691709 1.181500 -0.961004 -0.533727
0 0.320001 1.142721 -0.022669 -0.750497
0 0.320373 1.143516 -0.022286 -0.751421
0 0.320069 1.143777 -0.021489 -0.747936
0 0.690678 1.189647 -0.961457 -0.500247
0 0.690987 1.195390 -0.960923 -0.493095
0 0.438116 1.115346 -0.567097 -0.837208
0 0.691505 1.182392 -0.957729 -0.533198
0 0.438826 1.106900 -0.566151 -0.835560
0 0.442528 1.134280 -0.559578 -0.807084
0 0.441281 1.132141 -0.561748 -0.811371
0 0.691660 1.191154 -0.955552 -0.495612
0 0.696715 1.179677 -0.930201 -0.542526
0 0.330607 1.144019 -0.011212 -0.783528
0 0.694119 1.121745 -0.956349 -0.931161
0 0.694314 1.119246 -0.955523 -0.935401
0 0.696735 1.182520 -0.928988 -0.537316
0 0.697614 1.183861 -0.926320 -0.534971
0 0.695036 1.119057 -0.949143 -0.934990
0 0.318456 1.139219 -0.009569 -0.746097
0 0.692999 1.187077 -0.940974 -0.496308
0 0.692471 1.187746 -0.941409 -0.492101
0 0.695886 1.119437 -0.934375 -0.943883
0 0.440483 1.129561 -0.570155 -0.833608
0 0.696712 1.116852 -0.931166 -0.949678
0 0.697411 1.115461 -0.928474 -0.950523
0 0.694169 1.187387 -0.937843 -0.493687
0 0.441116 1.112324 -0.569101 -0.817246
0 0.325559 1.148484 -0.007818 -0.759046
0 0.325195 1.148047 -0.008628 -0.758868
0 0.326410 1.148375 -0.005767 -0.760072
0 0.442513 1.125385 -0.558553 -0.800564
0 0.441560 1.126426 -0.560770 -0.796262
