0 0.554822 0.620894 -0.394341 -0.430189
0 0.554811 0.627048 -0.394036 -0.423416
0 0.574627 0.617361 -0.381351 -0.452111
0 0.573074 0.620243 -0.397225 -0.439675
0 0.575066 0.616259 -0.382454 -0.454211
0 0.572468 0.619840 -0.397970 -0.441137
0 0.574549 0.617960 -0.382926 -0.452452
0 0.574931 0.621497 -0.395316 -0.439441
0 0.569114 0.620752 -0.378593 -0.454276
0 0.570201 0.620659 -0.378826 -0.453018
0 0.555034 0.627162 -0.393313 -0.438254
0 0.568976 0.621778 -0.381034 -0.450181
0 0.555050 0.631695 -0.393406 -0.434568
0 0.548412 0.622560 -0.377576 -0.424609
0 0.562657 0.621259 -0.415754 -0.437348
0 0.572718 0.623453 -0.403158 -0.443841
0 0.563041 0.631515 -0.414761 -0.423042
0 0.573727 0.624693 -0.403691 -0.441403
0 0.572827 0.623646 -0.403041 -0.445214
0 0.547865 0.625856 -0.379116 -0.420218
0 0.565320 0.629923 -0.416528 -0.437292
0 0.565715 0.636627 -0.415463 -0.432495
