0 0.925274 1.292931 0.494620 0.915359
0 0.090622 0.728077 0.059666 -0.558059
0 0.091085 0.725951 0.060438 -0.563757
0 0.088384 0.739160 0.058255 -0.587234
0 0.088841 0.737878 0.059093 -0.588564
0 0.090000 0.743683 0.059484 -0.577676
0 0.090080 0.740532 0.059726 -0.583401
0 0.090879 0.716233 0.059871 -0.601374
0 0.090926 0.716268 0.059827 -0.602433
0 0.094841 0.725193 0.061570 -0.536278
0 0.091514 0.748574 0.061610 -0.587400
0 0.112190 0.578281 0.076673 -0.568622
0 0.111321 0.581938 0.075662 -0.564367
0 0.095200 0.722710 0.062203 -0.542768
0 0.091497 0.745289 0.061728 -0.593502
0 0.089934 0.726769 0.059466 -0.607700
0 0.090875 0.708461 0.060086 -0.615819
0 0.113599 0.565925 0.076598 -0.573954
0 0.114559 0.566676 0.077866 -0.573369
0 0.915140 1.199325 0.457432 0.323987
0 0.091227 0.706907 0.058419 -0.608445
0 0.091441 0.704858 0.058033 -0.612817
0 0.091171 0.745676 0.060930 -0.580519
0 0.113138 0.565516 0.078773 -0.575203
0 0.091061 0.752963 0.059854 -0.568945
0 0.113167 0.565290 0.078765 -0.576232
0 0.112972 0.564982 0.078459 -0.576408
0 0.091311 0.700707 0.058065 -0.620401
0 0.111870 0.578049 0.076973 -0.571306
0 0.112152 0.579400 0.077610 -0.569042
