0 0.571553 0.230490 -0.695805 -0.346278
0 0.572151 0.230783 -0.695251 -0.346025
0 0.566445 0.233967 -0.707858 -0.341353
0 0.569307 0.229862 -0.701946 -0.343618
0 0.568204 0.232063 -0.703579 -0.339971
0 0.570329 0.230731 -0.705715 -0.345944
0 0.571671 0.230816 -0.702679 -0.346147
0 0.569293 0.233307 -0.698402 -0.342074
0 0.569937 0.233304 -0.695566 -0.342526
0 0.564343 0.233053 -0.709337 -0.340953
0 0.575352 0.233527 -0.688822 -0.339805
0 0.566023 0.232897 -0.703009 -0.339354
0 0.571728 0.235100 -0.691985 -0.338233
0 0.566184 0.230813 -0.712531 -0.342407
0 0.567630 0.231180 -0.699176 -0.341353
0 0.570469 0.231236 -0.685950 -0.342362
0 1.228232 0.724590 0.829042 -0.780989
0 0.567927 0.231412 -0.691263 -0.341871
0 0.574267 0.233752 -0.697430 -0.340228
