0 0.142019 0.833026 -0.039882 -1.343692
0 0.142189 0.833080 -0.039703 -1.342681
0 0.141820 0.833134 -0.039529 -1.342918
0 0.140966 0.832755 -0.040305 -1.345176
0 0.141205 0.832552 -0.039835 -1.344432
0 0.141512 0.832667 -0.039513 -1.344081
0 0.142718 0.834465 -0.037904 -1.341587
0 0.142355 0.835836 -0.040165 -1.344064
0 0.141578 0.833441 -0.036158 -1.350118
0 0.142141 0.837675 -0.039778 -1.341356
0 0.142412 0.836339 -0.038100 -1.338012
0 0.143302 0.835042 -0.039650 -1.345576
0 0.138746 0.833796 -0.041877 -1.349645
0 0.143874 0.838354 -0.037999 -1.334935
0 0.143095 0.837757 -0.039193 -1.335753
0 0.143966 0.837496 -0.038240 -1.336425
0 0.142491 0.835609 -0.037063 -1.339884
0 0.141846 0.830860 -0.038843 -1.359227
0 0.142842 0.836580 -0.040612 -1.340827
0 0.138944 0.831843 -0.044606 -1.357741
0 0.140036 0.833489 -0.039113 -1.356552
0 0.139343 0.834951 -0.042683 -1.341196
