0 0.728253 1.084155 -0.747532 -0.296655
0 0.727861 1.081682 -0.748296 -0.302848
0 0.728755 1.078374 -0.746808 -0.315794
0 0.726334 1.088534 -0.748554 -0.297832
0 0.725632 1.087015 -0.750321 -0.297942
0 0.347806 0.796530 -0.100518 -0.073352
0 0.347640 0.796442 -0.100307 -0.070504
0 0.347941 0.796877 -0.100802 -0.072082
0 0.726675 1.080543 -0.747641 -0.320535
0 0.184084 0.693796 -0.274717 -0.986891
0 0.184231 0.694460 -0.274594 -0.986258
0 0.429098 0.894485 -0.333036 0.144529
0 0.184116 0.693431 -0.274423 -0.987125
0 0.348337 0.802460 -0.097271 -0.080616
0 0.429479 0.895266 -0.332007 0.144873
0 0.348659 0.800790 -0.097187 -0.083547
0 0.183559 0.695820 -0.275249 -0.978323
0 0.183397 0.695316 -0.275441 -0.980109
0 0.348285 0.803025 -0.097644 -0.079708
0 0.726391 1.072616 -0.756556 -0.306748
0 0.634521 1.142099 -0.421628 0.010006
0 0.634353 1.143900 -0.423071 0.010318
0 0.726952 1.072604 -0.755301 -0.306825
0 0.183618 0.697121 -0.275099 -0.977067
0 0.731472 1.071671 -0.748311 -0.301889
0 0.627644 1.142449 -0.391070 0.005408
0 0.603195 0.757596 -0.718313 0.079697
0 0.629120 1.141161 -0.391225 0.004090
0 0.183597 0.691384 -0.277357 -0.988290
0 0.603223 0.759190 -0.717247 0.082872
0 0.602255 0.756682 -0.723939 0.082376
0 0.602108 0.753406 -0.725030 0.076429
0 0.603425 0.760602 -0.717291 0.085494
0 0.183943 0.691087 -0.276561 -0.989368
0 0.602600 0.758349 -0.721594 0.084864
0 0.184009 0.694055 -0.277062 -0.987895
0 0.184348 0.695293 -0.276743 -0.987810
0 0.184429 0.694526 -0.276541 -0.988233
0 0.185326 0.693043 -0.275726 -0.987843
0 0.723191 1.073807 -0.793975 -0.303037
0 0.185124 0.693074 -0.275440 -0.987206
0 0.430826 0.862859 -0.324575 0.019019
0 0.630340 1.140288 -0.447758 0.019430
0 0.727829 1.061477 -0.754663 -0.328378
0 0.437015 0.878795 -0.304378 0.133082
0 0.631056 1.143797 -0.446335 0.028258
0 0.626857 1.148874 -0.449891 0.018153
0 0.430791 0.865140 -0.325438 0.026022
0 0.436340 0.879332 -0.303965 0.133306
0 0.341502 0.786610 -0.108443 -0.064443
0 0.341892 0.789823 -0.107088 -0.060683
0 0.350459 0.770495 -0.086448 -0.130415
0 0.349604 0.782332 -0.091978 -0.154576
0 0.430852 0.856099 -0.324338 0.008505
0 0.340416 0.777920 -0.107749 -0.079626
0 0.436547 0.871114 -0.299995 0.034890
0 0.437693 0.864540 -0.303067 0.103531
0 0.436171 0.871248 -0.299475 0.034452
0 0.299768 0.777396 -0.119606 -0.212778
0 0.183239 0.696483 -0.273411 -0.992041
0 0.436205 0.877802 -0.331293 0.018863
0 0.219288 0.693391 -0.171876 -0.395270
0 0.436657 0.862805 -0.300578 0.020313
0 0.218303 0.695258 -0.173235 -0.390534
0 0.183425 0.698628 -0.273028 -0.990135
0 0.183711 0.696730 -0.272660 -0.992855
0 0.430719 0.879385 -0.356365 0.011559
0 0.295899 0.765692 -0.117367 -0.235411
0 0.183861 0.695601 -0.277374 -0.991872
0 0.729337 1.073119 -0.746234 -0.316340
0 0.605432 0.749903 -0.731376 0.022514
0 0.195867 0.910386 0.134062 -1.376040
0 0.424125 0.869072 -0.358153 0.168520
0 0.197688 0.910940 0.137325 -1.376256
0 0.600928 0.793971 -0.737181 0.076789
0 0.645476 1.152911 -0.437237 0.028618
0 0.433897 0.865990 -0.334126 0.043861
0 0.184367 0.694734 -0.276024 -0.993858
0 0.424428 0.868194 -0.357333 0.166894
0 0.199700 0.906322 0.136102 -1.395774
0 0.177245 0.909062 0.117424 -1.375419
0 0.429017 0.876181 -0.333609 0.102806
0 0.435977 1.007601 0.297909 -0.774458
0 0.177420 0.908939 0.115383 -1.374655
