0 0.691724 0.421325 -0.206616 -0.278305
0 0.690452 0.421947 -0.208893 -0.276634
0 0.689753 0.422577 -0.208516 -0.275212
0 0.697924 0.424791 -0.201756 -0.276673
0 0.696507 0.423669 -0.204371 -0.278612
0 0.709787 0.364784 -1.266304 -0.445467
0 0.709852 0.365137 -1.266116 -0.445324
0 0.695909 0.426256 -0.203042 -0.274626
0 0.709454 0.365425 -1.266568 -0.444607
0 0.682614 0.415427 -0.218044 -0.290651
0 0.678132 0.416922 -0.226124 -0.285897
0 0.685415 0.415574 -0.212801 -0.283743
0 0.685971 0.415845 -0.213089 -0.283056
0 0.686241 0.416044 -0.212922 -0.282829
0 0.710994 0.367474 -1.265769 -0.443000
0 0.708469 0.365244 -1.266983 -0.445017
0 0.710570 0.367241 -1.266417 -0.443291
0 0.708368 0.366041 -1.266847 -0.443352
0 0.707748 0.365685 -1.267315 -0.444150
0 0.710909 0.366681 -1.263483 -0.442962
0 0.710518 0.366671 -1.264074 -0.442768
0 0.716872 0.368125 -1.255450 -0.440614
0 0.708196 0.364717 -1.265326 -0.446018
0 0.708296 0.365654 -1.264946 -0.444654
0 0.714774 0.366764 -1.258563 -0.440146
0 0.709038 0.364840 -1.263814 -0.446114
0 0.677423 0.437524 -0.227226 -0.264336
0 0.714543 0.364711 -1.260792 -0.448581
0 0.654172 0.413572 -0.239885 -0.289594
0 0.652747 0.415733 -0.243522 -0.284769
0 0.674440 0.439639 -0.232566 -0.258143
0 0.703853 0.417316 -0.192660 -0.276965
0 0.710903 0.365308 -1.263626 -0.447703
0 0.710297 0.366259 -1.264643 -0.446072
0 0.714323 0.365730 -1.265002 -0.443178
0 0.714141 0.364938 -1.265168 -0.444576
0 0.714526 0.365357 -1.263880 -0.444145
0 0.696464 0.418282 -0.205673 -0.274879
