0 0.447821 0.605785 -0.513464 -0.261049
0 0.448618 0.603457 -0.513464 -0.264138
0 0.448743 0.606103 -0.521162 -0.260887
0 0.447863 0.604495 -0.521548 -0.262830
0 0.945797 1.068511 0.516692 -0.351182
0 0.968250 1.059763 0.553978 -0.461833
0 0.445483 0.567398 -0.537593 -0.272629
0 0.455086 0.604329 -0.499813 -0.262673
0 0.444284 0.566074 -0.538684 -0.270600
0 0.931612 1.066353 0.492799 -0.352377
0 0.444758 0.556494 -0.539215 -0.275547
0 0.949064 1.080200 0.465140 -0.318598
0 0.358841 1.052898 0.171541 0.293919
0 0.941875 1.057504 0.507494 -0.464557
0 0.443095 0.571600 -0.529628 -0.262675
0 0.442939 0.572958 -0.530624 -0.264159
0 0.448743 0.614412 -0.496393 -0.263861
0 0.442200 0.563226 -0.531863 -0.268394
0 0.445294 0.612539 -0.518663 -0.246597
0 0.322205 0.630560 -0.270406 -0.220031
0 0.441791 0.567086 -0.554556 -0.259903
0 0.448817 0.614336 -0.497354 -0.263493
0 0.519117 0.601090 -0.583622 -0.288576
0 0.449277 0.605613 -0.526467 -0.260095
0 0.518867 0.600303 -0.582194 -0.289378
0 0.444576 0.603932 -0.519206 -0.261110
0 0.476106 0.648622 -0.155239 -0.299414
0 0.478744 0.649034 -0.151357 -0.299257
0 0.441358 0.550435 -0.555689 -0.286122
0 0.474816 0.648967 -0.156014 -0.298453
0 0.322125 0.628988 -0.269576 -0.222617
0 0.465197 0.605987 -0.501454 -0.260881
0 0.941671 1.075299 0.447664 -0.325898
0 0.468953 0.615670 -0.508469 -0.272196
0 0.441527 0.561376 -0.554540 -0.269520
0 0.529186 0.625597 -0.524574 -0.278777
0 0.528602 0.624975 -0.525052 -0.278844
0 0.448666 0.598979 -0.526954 -0.271663
0 0.469563 0.615879 -0.509407 -0.271235
0 0.355906 0.894155 0.157604 0.194612
0 0.531225 0.626528 -0.512117 -0.275429
0 0.510119 0.602150 -0.628986 -0.287960
0 0.508001 0.599752 -0.635427 -0.288063
0 0.657616 0.379367 -1.177042 -0.149100
