0 0.510850 0.912103 0.379160 -0.356604
0 0.508062 0.911751 0.373153 -0.354635
0 0.508300 0.912381 0.372503 -0.355457
0 0.498627 0.925661 0.351352 -0.348379
0 0.498700 0.927427 0.350577 -0.341316
0 0.498109 0.927309 0.351296 -0.340758
0 0.494321 0.965126 0.352496 -0.315688
0 0.492003 0.967455 0.346645 -0.313991
0 0.497718 0.968204 0.359894 -0.310266
0 0.510510 0.963899 0.371213 -0.318934
0 0.511899 0.955435 0.376905 -0.326332
0 0.508687 0.961703 0.369569 -0.324066
0 0.809491 1.066205 -0.265922 -0.421483
0 0.808309 1.062396 -0.268964 -0.432243
0 0.813974 1.061502 -0.245634 -0.450621
0 0.815661 1.058613 -0.241667 -0.455926
0 0.814668 1.064138 -0.243807 -0.447534
0 0.810947 1.072045 -0.264443 -0.423836
0 0.814684 1.044686 -0.175405 -0.561310
0 0.819905 1.047186 -0.160038 -0.553035
0 0.811811 1.044790 -0.180192 -0.559765
