0 0.589469 1.198255 0.360267 0.449171
0 0.620609 1.158713 -0.701127 0.052650
0 0.620747 1.157105 -0.701730 0.053475
0 0.614838 1.159609 -0.697493 0.053698
0 0.616411 1.157762 -0.695026 0.054027
0 0.703990 1.088261 -0.907905 -0.275716
0 0.703068 1.085269 -0.910444 -0.280029
0 0.700607 1.078630 -0.918019 -0.285189
0 0.699204 1.077024 -0.921917 -0.286276
0 0.698539 1.083556 -0.926115 -0.245458
0 0.608555 1.168404 -0.689485 0.110275
0 0.616972 1.158862 -0.701362 0.110888
0 0.697329 1.082913 -0.929448 -0.246963
0 0.609900 1.164399 -0.687408 0.103321
0 0.618142 1.158555 -0.699752 0.111678
0 0.703600 1.074120 -0.907182 -0.275761
0 0.700523 1.073032 -0.918407 -0.303328
0 0.703609 1.078310 -0.909673 -0.302519
0 0.631979 1.169361 -0.698213 -0.001554
0 0.716828 1.073792 -0.863937 -0.276639
