0 0.887420 0.995397 0.377355 -0.270586
0 0.881068 0.993657 0.361805 -0.276209
0 0.901336 0.994468 0.392424 -0.268262
0 0.901437 0.996672 0.401942 -0.263349
0 0.892789 0.980428 0.376520 -0.309737
0 0.885777 0.979377 0.359115 -0.312297
0 0.892075 0.970842 0.393031 -0.311626
0 0.897650 0.972970 0.416313 -0.307529
0 0.666447 0.155857 -1.127258 -0.074639
0 0.665053 0.153928 -1.129009 -0.078405
0 0.665209 0.154231 -1.128244 -0.077820
0 0.664952 0.153214 -1.128017 -0.074459
0 0.665101 0.153874 -1.128794 -0.077876
0 0.664850 0.152927 -1.128046 -0.075068
0 0.666083 0.154344 -1.129487 -0.068250
0 0.664931 0.154076 -1.128440 -0.074032
0 0.666374 0.153010 -1.127658 -0.068805
0 0.667216 0.153115 -1.125794 -0.069201
0 0.664286 0.153371 -1.132879 -0.063999
