0 0.964698 1.182747 0.595215 0.209045
0 0.441258 0.399639 -0.323332 -0.007898
0 0.441430 0.396467 -0.322910 -0.014427
0 0.445410 0.399789 -0.315049 -0.000589
0 0.438978 0.403173 -0.328371 -0.002815
0 0.438474 0.401801 -0.328751 -0.004466
0 0.441392 0.399874 -0.322647 -0.010528
0 0.445540 0.403198 -0.315570 0.006047
0 0.439808 0.402638 -0.326187 -0.001595
0 0.980203 1.155494 0.619706 0.047476
0 0.224180 0.611494 0.147710 0.001231
0 0.223705 0.608988 0.146609 -0.000572
0 0.223353 0.610709 0.147346 0.001354
0 0.442013 0.401443 -0.322108 0.005566
0 0.442819 0.397976 -0.321195 -0.002253
0 0.435763 0.405588 -0.329359 0.005287
0 0.435150 0.405221 -0.330705 0.005211
0 0.436632 0.406533 -0.326926 0.004065
0 0.221096 0.583031 0.146392 -0.014320
0 0.221367 0.583110 0.147174 -0.013859
0 0.221855 0.583507 0.147560 -0.014378
0 0.223056 0.599950 0.146818 0.038563
