0 0.539440 0.693664 -0.992368 -1.049463
0 0.539297 0.694074 -0.992456 -1.049171
0 0.538173 0.692312 -0.994126 -1.051007
0 0.539124 0.695853 -0.993117 -1.045354
0 0.954936 1.263782 0.470845 0.740880
0 0.538224 0.693994 -0.994216 -1.047275
0 0.538742 0.692160 -0.993487 -1.050358
0 0.539043 0.694528 -0.993138 -1.047926
0 0.539162 0.695024 -0.992784 -1.046887
0 0.743149 1.078900 0.349959 -0.241100
0 0.736318 1.078428 0.340446 -0.242264
0 0.541393 0.695278 -0.991688 -1.047243
0 0.541818 0.695001 -0.991260 -1.048530
