0 0.305728 0.875412 -0.018580 -0.731671
0 0.304887 0.874571 -0.018989 -0.733564
0 0.307892 0.873146 -0.023061 -0.739859
0 0.307404 0.875069 -0.019079 -0.730508
0 0.308002 0.873255 -0.022600 -0.739255
0 0.308941 0.873061 -0.022595 -0.738464
0 0.490639 0.887750 0.106968 -0.689926
0 0.488179 0.887784 0.103494 -0.688750
0 0.488098 0.887441 0.102409 -0.688472
0 0.481324 0.897913 0.088572 -0.634668
0 0.480990 0.900432 0.087284 -0.628792
0 0.481284 0.897154 0.091274 -0.633575
0 0.330985 0.880001 -0.002304 -0.718067
