0 0.759357 1.051655 -0.433429 -0.502402
0 0.744143 1.050918 -0.429081 -0.505873
0 0.743941 1.052036 -0.429603 -0.505791
0 0.758015 1.052984 -0.435613 -0.501042
0 0.742546 1.052281 -0.434405 -0.507275
0 0.758451 1.053863 -0.433557 -0.500337
0 0.382928 1.240530 0.091565 0.644960
0 0.768846 1.054147 -0.427084 -0.488708
0 0.767370 1.056149 -0.429143 -0.485295
0 0.767749 1.057643 -0.429595 -0.485085
0 0.802450 1.088662 0.117475 -0.286988
0 0.743084 1.050115 -0.413964 -0.498746
0 0.740889 1.053197 -0.418703 -0.493029
0 0.859019 1.088183 0.125022 -0.297408
0 0.810765 1.087425 0.136457 -0.285490
0 0.859282 1.085358 0.115921 -0.301572
0 0.743474 1.053364 -0.412457 -0.496559
0 0.851761 1.063942 0.120992 -0.433739
