0 0.785782 0.844889 -0.193729 0.061825
0 0.787054 0.847578 -0.191313 0.067266
0 0.787417 0.830185 -0.191793 0.029889
0 0.788118 0.865402 -0.198825 0.076542
0 0.786812 0.868784 -0.235160 0.059231
0 0.786954 0.865249 -0.199948 0.077466
0 0.791802 0.869592 -0.225207 0.061727
0 0.785713 0.840384 -0.223284 0.046353
0 0.788056 0.841235 -0.217785 0.050679
0 0.788470 0.836907 -0.198745 0.026591
0 0.790187 0.849620 -0.228697 0.028636
0 0.787870 0.832436 -0.219281 0.025712
0 0.182608 1.187791 0.123297 0.805461
