0 0.142883 0.702832 -0.183609 -1.003150
0 0.143680 0.702836 -0.182520 -1.011383
0 0.143642 0.703033 -0.182804 -1.010783
0 0.142864 0.699834 -0.185353 -1.007036
0 0.143088 0.703443 -0.182721 -1.010141
0 0.142970 0.701950 -0.183536 -1.005805
0 0.142732 0.702797 -0.183578 -1.003985
0 0.143033 0.699437 -0.184965 -1.007581
0 0.916055 1.210436 0.330040 0.634453
0 0.060511 0.672116 -0.051206 -1.038210
0 0.120350 0.696178 -0.129438 -1.022418
0 0.119778 0.696340 -0.130372 -1.022307
0 0.119305 0.695061 -0.128455 -1.022255
0 0.060619 0.672471 -0.051246 -1.037866
0 0.118987 0.694379 -0.129264 -1.024184
0 0.119035 0.694619 -0.129036 -1.023159
0 0.144400 0.700863 -0.181939 -1.007252
0 0.144378 0.700625 -0.181874 -1.007158
0 0.118637 0.698187 -0.127159 -1.017271
0 0.060485 0.671631 -0.050498 -1.040689
0 0.118512 0.698639 -0.127079 -1.015950
0 0.118659 0.698052 -0.127253 -1.016888
0 0.060549 0.672004 -0.050435 -1.040397
0 0.060650 0.670725 -0.047847 -1.043205
0 0.061311 0.671584 -0.047003 -1.041427
0 0.060721 0.669680 -0.050112 -1.043527
0 0.061545 0.671007 -0.046694 -1.043166
0 0.149520 0.698230 -0.148129 -1.015555
0 0.148812 0.699028 -0.149094 -1.014384
0 0.149925 0.700679 -0.147293 -1.011958
0 0.061454 0.670561 -0.049010 -1.042285
0 0.061578 0.670292 -0.048751 -1.042231
0 0.118609 0.697082 -0.141469 -1.019044
0 0.118286 0.697497 -0.142368 -1.018513
0 0.142880 0.699890 -0.182309 -1.001173
0 0.143079 0.701424 -0.181899 -0.997031
0 0.918673 1.163614 0.340284 0.287190
0 0.061582 0.672988 -0.047181 -1.032844
0 0.060771 0.673306 -0.048970 -1.031552
0 0.903952 0.994304 0.283086 -0.834273
0 0.907548 0.994246 0.297702 -0.832828
0 0.061675 0.673895 -0.046715 -1.030566
