0 0.140530 0.403992 0.081180 -0.402725
0 0.140441 0.404881 0.080499 -0.400630
0 0.141823 0.405562 0.082738 -0.396265
0 0.142195 0.405757 0.082545 -0.396503
0 0.139715 0.407155 0.079107 -0.397292
0 0.140179 0.406746 0.080082 -0.397745
0 0.140101 0.407141 0.080147 -0.397087
0 0.140541 0.409352 0.079500 -0.396075
0 0.142012 0.404069 0.079672 -0.398768
0 0.137483 0.407463 0.075425 -0.401736
0 0.142545 0.405044 0.081027 -0.397916
0 0.138545 0.407414 0.077591 -0.401036
0 0.142628 0.404857 0.081571 -0.398433
0 0.138453 0.407527 0.077671 -0.401245
0 0.169846 0.639753 -0.123175 -0.136229
0 0.170756 0.638714 -0.120834 -0.138789
0 0.142433 0.412967 0.078494 -0.382947
0 0.142469 0.412103 0.078352 -0.384980
0 0.902056 1.160860 0.573365 0.701432
0 0.171298 0.641046 -0.125425 -0.144672
0 0.170123 0.637490 -0.127013 -0.149372
0 0.139046 0.396929 0.077345 -0.404135
0 0.172579 0.629747 -0.110593 -0.141086
0 0.172287 0.627424 -0.112366 -0.139529
0 0.135443 0.409078 0.077372 -0.398773
0 0.171513 0.644251 -0.118606 -0.136415
0 0.622633 0.288528 -1.157771 -0.346594
0 0.172145 0.637633 -0.117823 -0.140862
