0 0.264553 1.224946 -0.139810 -1.229508
0 0.264361 1.224612 -0.141187 -1.228726
0 0.264097 1.231185 -0.142047 -1.224086
0 0.264283 1.228936 -0.141290 -1.228279
0 0.266417 1.236709 -0.139874 -1.232909
0 0.267391 1.239158 -0.138131 -1.227948
0 0.264066 1.220082 -0.139525 -1.234934
0 0.263587 1.219952 -0.140168 -1.234863
0 0.264057 1.216098 -0.139725 -1.244427
0 0.402052 1.280667 -0.281394 -0.949722
0 0.401766 1.282407 -0.282263 -0.945895
0 0.403046 1.280280 -0.279967 -0.949273
0 0.077218 0.605268 0.051773 -0.684501
0 0.074456 0.607110 0.049761 -0.671705
0 0.073461 0.612453 0.051281 -0.655553
0 0.264958 1.210971 -0.133186 -1.330091
0 0.264257 1.211766 -0.134331 -1.329476
0 0.264977 1.208369 -0.133287 -1.335985
0 0.419813 1.290477 -0.269341 -0.947563
0 0.078156 0.605819 0.053833 -0.683162
0 0.074959 0.607211 0.049594 -0.668106
0 0.418232 1.290389 -0.271320 -0.949119
0 0.419406 1.291613 -0.271574 -0.946066
0 0.075097 0.606557 0.049805 -0.669447
0 0.074923 0.605814 0.048989 -0.669912
0 0.075317 0.611521 0.053178 -0.656202
0 0.420533 1.302737 -0.151197 -1.890639
0 0.076373 0.607806 0.052436 -0.668617
0 0.421364 1.302636 -0.150378 -1.891484
0 0.264928 1.216203 -0.140822 -1.223900
0 0.264000 1.216872 -0.141626 -1.222522
0 0.421648 1.304008 -0.147830 -1.887645
0 0.074119 0.604674 0.045951 -0.675964
0 0.072181 0.607051 0.048328 -0.657726
0 0.264812 1.213297 -0.140848 -1.228744
0 0.419670 1.301965 -0.163107 -1.890914
0 0.420492 1.303157 -0.160598 -1.889187
0 0.072224 0.605767 0.048199 -0.662446
0 0.074920 0.603389 0.047794 -0.678091
0 0.599076 1.321000 -0.508381 -0.878823
0 0.073345 0.606001 0.050298 -0.661605
0 0.260004 1.213373 -0.142034 -1.261398
0 0.583168 1.324958 -0.578156 -0.873989
0 0.589271 1.321599 -0.528150 -0.877695
0 0.636295 1.318612 -0.420261 -0.882587
0 0.261782 1.215471 -0.139172 -1.260567
0 0.583470 1.321587 -0.578495 -0.880292
0 0.422614 1.303968 -0.158319 -1.886918
0 0.262005 1.213217 -0.138889 -1.263293
0 0.077726 0.603128 0.052964 -0.696235
0 0.397734 1.302482 -0.292843 -0.956891
0 0.397012 1.301970 -0.294039 -0.957303
0 0.586544 1.323368 -0.568372 -0.876527
0 0.077574 0.601797 0.052466 -0.697154
0 0.076832 0.602480 0.051086 -0.696419
