0 0.603552 1.159076 -0.239575 0.109672
0 0.605406 1.157949 -0.236730 0.109171
0 0.752131 1.169884 -0.600103 0.170594
0 0.752312 1.171952 -0.602460 0.174695
0 0.848404 0.995674 0.256385 -0.853254
0 0.858433 0.996410 0.277724 -0.852221
0 0.612408 1.150375 -0.225143 0.090162
0 0.614568 1.151103 -0.217573 0.092467
0 0.774641 1.162427 -0.483536 0.146496
0 0.775024 1.007951 0.218980 -0.795604
0 0.774001 1.160729 -0.488012 0.143280
0 0.766740 1.007128 0.204125 -0.796776
0 0.753606 1.005407 0.178552 -0.798039
0 0.598094 1.140651 -0.212388 0.094160
0 0.598455 1.142601 -0.210062 0.099891
0 0.592829 1.137546 -0.194186 0.070070
0 0.592639 1.137168 -0.200165 0.065940
0 0.891617 0.995139 0.215867 -0.869546
0 0.735322 1.170773 -0.706641 0.178909
0 0.734533 1.168993 -0.706495 0.173483
0 0.875506 0.994922 0.192756 -0.870258
0 0.701059 1.010169 0.152470 -0.773344
0 0.702423 1.011035 0.156362 -0.772559
0 0.699321 1.009329 0.156911 -0.775003
