0 0.297409 0.579558 -0.094275 -0.150053
0 0.297833 0.579538 -0.093462 -0.148297
0 0.298272 0.578921 -0.094422 -0.145659
0 0.295474 0.585151 -0.097379 -0.139430
0 0.296113 0.582520 -0.096486 -0.142782
0 0.295911 0.584132 -0.096273 -0.140885
0 0.297533 0.585133 -0.088106 -0.138814
0 0.298344 0.585619 -0.087500 -0.142654
0 0.298050 0.586686 -0.088355 -0.138418
0 0.302466 0.584588 -0.089260 -0.144394
0 0.301906 0.564823 -0.089470 -0.151012
0 0.296628 0.578615 -0.115026 -0.147498
0 0.658061 1.069101 0.147722 -0.225262
0 0.655626 1.068903 0.138830 -0.224673
0 0.299300 0.555061 -0.103850 -0.161903
0 0.611384 1.052653 0.088077 -0.232321
0 0.609977 1.051099 0.084875 -0.235644
0 0.288728 0.575752 -0.132798 -0.155296
