0 0.935671 0.644374 -0.426359 0.128993
0 0.934230 0.644409 -0.427068 0.127736
0 0.934984 0.639322 -0.425733 0.115513
0 1.013734 0.864949 -0.061168 -0.021897
0 1.012805 0.866351 -0.064438 -0.019068
0 1.005973 0.871287 -0.077285 0.033220
0 1.006589 0.871236 -0.077458 0.030536
0 0.893743 0.641077 -0.417622 0.121191
0 0.960264 0.680622 -0.353804 0.148035
0 0.959088 0.681039 -0.351920 0.146692
0 0.896487 0.642431 -0.411134 0.127406
0 0.942828 0.705199 -0.306230 0.187631
0 0.894139 0.638531 -0.416192 0.112921
0 0.942862 0.705212 -0.306734 0.188494
0 0.936596 0.648190 -0.536906 0.141312
0 0.935912 0.648044 -0.530863 0.140209
0 0.961968 0.661334 -0.347812 0.115878
