0 0.522297 0.599460 -0.206478 -0.643141
0 0.521521 0.599573 -0.207352 -0.643803
0 0.519970 0.602344 -0.210923 -0.633179
0 0.523005 0.594130 -0.209774 -0.687406
0 0.522318 0.592167 -0.210847 -0.687048
0 0.512949 0.584402 -0.228765 -0.744372
0 0.511529 0.584133 -0.232128 -0.743063
0 0.521247 0.600969 -0.211361 -0.645749
0 0.514489 0.601961 -0.227092 -0.649967
0 0.513148 0.601400 -0.230102 -0.652100
0 0.518406 0.604003 -0.207216 -0.621194
0 0.517446 0.603249 -0.208876 -0.623921
0 0.517385 0.603802 -0.209066 -0.623686
0 0.516997 0.591657 -0.210789 -0.739331
0 0.515344 0.593102 -0.214240 -0.735569
0 0.510981 0.591469 -0.244189 -0.718555
0 0.510155 0.591845 -0.244694 -0.716605
