0 0.694399 0.700103 -0.956415 0.008946
0 0.694883 0.696987 -0.955216 0.001463
0 0.692375 0.703586 -0.962804 0.005423
0 0.693697 0.700895 -0.957906 0.010253
0 0.691708 0.706158 -0.968236 0.014949
0 0.692456 0.705888 -0.966549 0.012140
0 0.690435 0.705571 -0.969088 0.014730
0 0.690630 0.701240 -0.966442 -0.008301
0 0.692156 0.701997 -0.962998 -0.009334
0 0.693030 0.702536 -0.961056 -0.006827
0 0.535052 0.076474 -0.611078 0.049987
0 0.534739 0.076700 -0.611869 0.050406
0 0.691511 0.708888 -0.968031 0.007988
0 0.530466 0.076911 -0.619463 0.050058
0 0.528258 0.077849 -0.620550 0.048177
0 0.690830 0.683588 -0.971926 -0.009792
0 0.534267 0.077011 -0.616347 0.047972
0 0.533910 0.076563 -0.617043 0.048553
0 0.529475 0.076257 -0.625274 0.047484
0 0.530143 0.077164 -0.619015 0.047632
0 0.772957 1.050790 0.325504 -0.559807
0 0.761622 1.052270 0.297595 -0.557968
0 0.533710 0.079472 -0.617148 0.054706
0 0.854332 1.048381 0.365572 -0.534283
0 0.530494 0.084785 -0.628043 0.054134
0 0.693826 0.714141 -0.952573 -0.008441
0 0.531874 0.076495 -0.614628 0.049935
0 0.531575 0.078251 -0.615454 0.052735
0 0.691678 0.651504 -0.970182 -0.065634
0 0.815277 1.015658 0.299788 -0.522233
0 0.528444 0.077825 -0.620840 0.051752
0 0.714398 1.050399 0.208222 -0.562451
0 0.847752 1.049699 0.348514 -0.534989
