0 0.151629 0.893183 -0.047159 -1.484467
0 0.151790 0.893479 -0.046789 -1.483186
0 0.207168 0.878715 -0.141331 -1.250086
0 0.152485 0.893476 -0.045187 -1.483291
0 0.206259 0.878765 -0.143146 -1.249514
0 0.206172 0.877858 -0.143471 -1.251967
0 0.206690 0.885083 -0.145579 -1.243026
0 0.210391 0.883888 -0.142737 -1.242894
0 0.210452 0.883785 -0.142910 -1.243905
0 0.206524 0.884523 -0.146356 -1.244799
0 0.154743 0.891270 -0.039754 -1.486148
0 0.155420 0.891757 -0.038055 -1.485635
0 0.153978 0.891948 -0.046300 -1.483735
0 0.153654 0.894952 -0.042615 -1.481447
0 0.156308 0.897092 -0.037881 -1.480687
0 0.154452 0.890820 -0.045453 -1.484817
0 0.155430 0.896480 -0.039804 -1.481783
0 0.156952 0.896016 -0.040056 -1.479959
0 0.153467 0.894108 -0.042909 -1.482614
0 0.207132 0.881253 -0.135904 -1.250634
0 0.155717 0.896837 -0.039491 -1.480989
0 0.281459 0.944101 -0.265457 -1.093438
0 0.281607 0.943581 -0.265379 -1.093245
0 0.207604 0.880501 -0.135086 -1.251864
0 0.633841 0.879783 -0.928920 -1.112942
0 0.349287 0.930689 -0.421858 -1.132052
0 0.632474 0.881101 -0.933288 -1.110516
0 0.349368 0.931218 -0.421908 -1.131320
0 0.615315 0.876559 -0.915521 -1.118108
0 0.634173 0.881581 -0.929603 -1.109797
0 0.279991 0.937270 -0.261548 -1.092806
0 0.617301 0.877740 -0.911552 -1.116661
0 0.615153 0.878466 -0.915745 -1.115171
0 0.351524 0.934654 -0.424234 -1.123106
0 0.280043 0.938225 -0.261557 -1.089503
0 0.632090 0.880757 -0.918461 -1.108184
0 0.631831 0.879869 -0.922010 -1.109983
0 0.279895 0.937989 -0.262530 -1.090360
0 0.351408 0.934606 -0.425126 -1.123506
0 0.152258 0.894234 -0.042355 -1.482021
0 0.616662 0.878099 -0.913276 -1.114496
0 0.614721 0.877768 -0.913470 -1.114838
0 0.591211 0.878241 -0.927383 -1.121946
0 0.210954 0.882291 -0.131877 -1.243945
0 0.209304 0.883287 -0.135033 -1.241631
0 0.592891 0.878536 -0.926509 -1.120365
0 0.349658 0.935297 -0.426045 -1.129300
0 0.209167 0.881725 -0.135296 -1.245112
0 0.211953 0.877490 -0.147545 -1.251911
0 0.211725 0.878176 -0.147754 -1.249698
0 0.349761 0.938384 -0.425787 -1.123805
0 0.349649 0.937245 -0.426062 -1.125833
0 0.211597 0.877195 -0.148304 -1.252642
0 0.350095 0.932048 -0.421649 -1.113827
0 0.623105 0.879139 -0.987929 -1.120631
0 0.278905 0.937152 -0.268406 -1.093154
0 0.279170 0.937244 -0.267936 -1.093544
0 0.279035 0.935735 -0.268169 -1.097136
0 0.578828 0.878476 -0.936877 -1.118749
0 0.350199 0.932093 -0.421112 -1.115309
0 0.579300 0.878064 -0.936248 -1.119321
0 0.349532 0.932817 -0.421935 -1.113000
0 0.623666 0.879587 -0.984361 -1.118617
0 0.579256 0.878869 -0.936224 -1.118101
0 0.146546 0.892200 -0.048293 -1.486352
0 0.147131 0.892910 -0.047064 -1.484780
0 0.146661 0.893334 -0.048041 -1.483452
0 0.279507 0.947575 -0.263053 -1.082094
0 0.620249 0.881399 -1.004812 -1.114002
0 0.620045 0.881318 -1.005029 -1.114213
0 0.279310 0.939489 -0.261684 -1.084285
0 0.279489 0.946882 -0.263126 -1.083329
0 0.279258 0.948629 -0.264131 -1.079988
0 0.620045 0.881505 -1.005311 -1.114313
0 0.279734 0.939914 -0.261360 -1.082866
0 0.198721 0.870999 -0.159889 -1.287844
0 0.195769 0.875075 -0.164379 -1.279083
0 0.660054 0.870333 -1.094772 -1.182136
0 0.660706 0.875529 -1.094572 -1.145229
0 0.659462 0.870386 -1.095845 -1.183329
0 0.157215 0.893633 -0.045883 -1.485095
0 0.144730 0.893017 -0.052222 -1.484699
0 0.659508 0.870758 -1.095592 -1.180814
0 0.659898 0.875935 -1.096054 -1.143959
0 0.659694 0.875064 -1.096552 -1.147428
0 0.157002 0.894365 -0.046038 -1.484171
0 0.157427 0.894284 -0.045435 -1.483605
0 0.283248 0.947863 -0.270000 -1.090214
0 0.577167 0.875153 -0.938576 -1.130010
0 0.577667 0.875684 -0.938224 -1.129262
0 0.283323 0.947528 -0.270059 -1.090495
0 0.157444 0.891747 -0.043880 -1.492519
0 0.282899 0.949049 -0.270753 -1.087269
0 0.197739 0.871436 -0.149724 -1.295019
0 0.577300 0.875647 -0.938807 -1.128709
0 0.640118 0.879222 -0.914023 -1.118687
0 0.150997 0.891113 -0.045387 -1.493184
0 0.355254 0.937650 -0.431216 -1.121255
0 0.356686 0.938690 -0.427931 -1.118361
0 0.639844 0.879683 -0.915066 -1.117322
0 0.638773 0.878960 -0.916975 -1.119051
0 0.355379 0.940020 -0.431141 -1.115807
0 0.353867 0.936484 -0.429585 -1.113956
0 0.351364 0.932540 -0.406407 -1.136814
0 0.350985 0.931506 -0.407467 -1.138893
0 0.355502 0.936697 -0.426102 -1.114710
0 0.354155 0.935946 -0.429069 -1.117538
0 0.567991 0.870629 -0.951317 -1.124479
0 0.661370 0.873351 -1.093539 -1.172188
0 0.626749 0.878570 -0.904718 -1.123333
0 0.201601 0.880144 -0.131309 -1.248902
0 0.625982 0.878194 -0.905865 -1.123132
0 0.197963 0.882800 -0.161089 -1.260445
0 0.202661 0.881089 -0.129119 -1.246346
0 0.578369 0.869699 -0.938545 -1.141778
0 0.223303 0.882301 -0.142968 -1.238025
0 0.661636 0.873232 -1.093000 -1.171778
0 0.627456 0.877466 -0.902131 -1.125022
0 0.223377 0.882586 -0.142831 -1.236337
0 0.569305 0.871387 -0.948405 -1.123689
0 0.287258 0.947185 -0.273813 -1.103112
0 0.202657 0.879627 -0.128912 -1.247134
0 0.222494 0.881387 -0.144562 -1.239265
0 0.290084 0.910356 -0.203109 -1.160814
0 0.620812 0.878542 -1.013844 -1.126676
