0 0.306310 0.394059 -0.349967 0.049538
0 0.306223 0.392476 -0.349929 0.050740
0 0.305928 0.392478 -0.350414 0.049484
0 0.305711 0.397635 -0.350307 0.049748
0 0.306532 0.398888 -0.349337 0.052296
0 0.306396 0.392957 -0.349089 0.052820
0 0.306496 0.393958 -0.349227 0.049902
0 0.305322 0.392765 -0.350772 0.050555
0 0.088881 0.522397 0.034084 -0.557278
0 0.088699 0.522288 0.034472 -0.558595
0 0.306311 0.393011 -0.349471 0.048349
0 0.305618 0.394111 -0.351178 0.050455
0 0.088404 0.520142 0.035700 -0.556131
0 0.087683 0.520041 0.035121 -0.555771
0 0.088352 0.520041 0.035421 -0.556031
0 0.438845 0.990165 -0.273765 0.005377
0 0.089208 0.519425 0.038885 -0.561536
0 0.437074 0.982951 -0.275872 -0.011262
0 0.088889 0.519675 0.038065 -0.561214
0 0.088770 0.522108 0.032521 -0.555305
0 0.438686 0.991022 -0.274118 0.007571
0 0.437554 0.983239 -0.276291 -0.009283
0 0.088884 0.520429 0.032498 -0.558149
0 0.087495 0.516223 0.030975 -0.561105
0 0.087682 0.516900 0.030956 -0.559602
0 0.088342 0.516875 0.032528 -0.559846
0 0.032045 0.089594 0.022182 0.052472
0 0.087746 0.523516 0.034799 -0.551829
0 0.088235 0.524063 0.034743 -0.550487
0 0.088346 0.523451 0.035090 -0.552969
0 0.088731 0.519776 0.034251 -0.548901
0 0.307491 0.395296 -0.352607 0.049332
0 0.308281 0.393730 -0.351402 0.046172
0 0.444332 0.967343 -0.263121 -0.025258
0 0.304767 0.397648 -0.344199 0.057473
0 0.304074 0.397743 -0.345577 0.056910
0 0.087164 0.512560 0.030868 -0.559224
0 0.436699 0.999272 -0.280171 -0.020147
0 0.087554 0.504441 0.034482 -0.648730
0 0.437381 1.003964 -0.280877 -0.009814
0 0.437038 0.958352 -0.276559 -0.051000
0 0.088390 0.505218 0.036128 -0.647344
0 0.306837 0.400795 -0.350536 0.053509
0 0.446847 0.969821 -0.258660 -0.016647
0 0.306148 0.403621 -0.351746 0.059049
0 0.087973 0.516417 0.033685 -0.553539
0 0.306900 0.402209 -0.349960 0.055998
0 0.305833 0.400931 -0.347930 0.053383
0 0.433883 1.010279 -0.277352 -0.000960
0 0.438993 0.956662 -0.273791 -0.046228
0 0.434715 1.013894 -0.277361 0.005987
0 0.441888 0.982109 -0.271389 -0.033910
0 0.305864 0.403513 -0.347790 0.057647
0 0.304877 0.404513 -0.350003 0.060135
0 0.088634 0.512777 0.035068 -0.591335
0 0.087704 0.510947 0.033163 -0.596035
