0 0.830669 1.237313 0.519421 0.898442
0 0.746108 0.576493 -0.639633 0.363699
0 0.745716 0.575779 -0.640084 0.366575
0 0.746551 0.575678 -0.638563 0.366118
0 0.744764 0.562632 -0.659109 0.353193
0 0.746042 0.563502 -0.656583 0.351182
0 0.745985 0.562804 -0.656800 0.352107
0 0.766240 0.556426 -0.546193 0.345040
0 0.762596 0.559534 -0.551082 0.350759
0 0.760249 0.560315 -0.555143 0.353070
0 0.747753 0.591761 -0.629129 0.362414
0 0.746409 0.592170 -0.631438 0.361390
0 0.746727 0.592372 -0.630816 0.363217
