0 0.298859 0.350894 -0.500396 -0.344403
0 0.299936 0.350649 -0.496362 -0.346892
0 0.299222 0.350329 -0.499490 -0.345333
0 0.299030 0.350460 -0.500339 -0.346677
0 0.300450 0.349684 -0.495156 -0.348925
0 0.299862 0.350930 -0.496473 -0.348131
0 0.298228 0.355058 -0.503929 -0.340538
0 0.300935 0.352526 -0.501169 -0.344029
0 0.606404 0.137104 -1.053860 0.092347
0 0.606921 0.137907 -1.047296 0.089493
0 0.300810 0.352528 -0.501493 -0.344044
0 0.606370 0.137002 -1.050987 0.092129
0 0.606926 0.136783 -1.047154 0.087850
0 0.298323 0.354821 -0.504398 -0.340514
0 0.606443 0.136132 -1.051116 0.090053
0 0.607002 0.137809 -1.046453 0.090104
0 0.605829 0.137162 -1.054361 0.092489
0 0.606905 0.137124 -1.049758 0.091892
0 0.744889 1.184709 0.164849 0.320677
0 0.298525 0.353790 -0.503743 -0.343178
