0 0.826216 0.980774 -1.052338 -0.688779
0 0.828582 0.977078 -1.048816 -0.689471
0 0.827052 0.978951 -1.050688 -0.693621
0 0.993808 0.763005 -1.516694 -0.818712
0 0.829491 0.977478 -1.047859 -0.689781
0 0.994568 0.763585 -1.515062 -0.819745
0 0.990891 0.764784 -1.520653 -0.818602
0 0.989797 0.760637 -1.517513 -0.824450
0 0.832447 0.989681 -1.045126 -0.662937
0 0.989718 0.765759 -1.522033 -0.815919
0 0.832632 0.982923 -1.045294 -0.677908
0 0.988961 0.761018 -1.518231 -0.824995
0 0.988684 0.760144 -1.518623 -0.825212
0 0.831520 0.987465 -1.046257 -0.668341
0 0.992173 0.762862 -1.515772 -0.821477
0 0.991948 0.763380 -1.516322 -0.821502
0 0.991864 0.761939 -1.516804 -0.822740
0 0.829635 0.979261 -1.046498 -0.691019
0 0.830296 0.979653 -1.047653 -0.687348
0 0.835301 0.987370 -1.044278 -0.667803
0 0.835608 0.994213 -1.043747 -0.658108
0 0.833702 0.991431 -1.047069 -0.661541
0 0.995300 0.762324 -1.505354 -0.821114
0 0.833559 0.978408 -1.041986 -0.682882
0 0.833623 0.975439 -1.042822 -0.688709
0 0.832479 0.980804 -1.044398 -0.678777
0 0.996353 0.761144 -1.507950 -0.818767
0 0.833977 0.978097 -1.044597 -0.684678
0 0.832552 0.977608 -1.047276 -0.685772
0 0.780515 1.434835 0.112157 -0.272032
0 0.784058 1.434369 0.122330 -0.268579
0 0.833306 0.978987 -1.032882 -0.687302
0 0.833825 0.979142 -1.032031 -0.688857
0 0.831112 0.984095 -1.037468 -0.679262
0 0.780862 1.413861 0.113068 -0.310041
0 0.790486 1.662333 0.125561 -0.040417
0 0.994541 0.756291 -1.504516 -0.826401
0 0.791587 1.663591 0.129619 -0.043075
0 0.990761 0.770323 -1.527804 -0.816282
0 0.991918 0.771692 -1.525620 -0.813320
0 0.987409 0.764143 -1.519588 -0.820769
0 0.986148 0.765533 -1.522073 -0.818861
0 0.835404 0.978518 -1.042923 -0.682876
0 0.995032 0.768356 -1.515851 -0.816924
0 0.995262 0.768265 -1.515077 -0.817632
0 0.995593 0.767529 -1.514169 -0.818402
0 0.994204 0.755251 -1.510499 -0.826627
0 0.785200 1.674490 0.154307 -0.031479
0 0.785493 1.679335 0.156265 -0.015691
0 0.786228 1.451783 0.147208 -0.222574
0 0.785741 1.451035 0.147336 -0.224691
0 0.991522 0.765874 -1.513218 -0.820563
0 0.992159 0.765984 -1.510854 -0.820890
0 0.992419 0.764680 -1.511106 -0.822390
