0 0.511456 1.288130 0.026610 0.347922
0 0.628067 1.807150 -0.305723 0.183021
0 0.630197 1.809517 -0.303431 0.186262
0 0.521122 1.317727 0.021276 0.363453
0 0.490579 1.286018 0.006700 0.311473
0 0.492536 1.263228 -0.005409 0.336220
0 0.585035 0.700190 -0.638277 -0.230855
0 0.584433 0.701239 -0.638894 -0.229456
0 0.584128 0.677311 -0.637151 -0.237925
0 0.618789 1.801944 -0.310266 0.268950
0 0.584783 0.676746 -0.636913 -0.238710
0 0.620799 1.803851 -0.308335 0.271680
0 0.583073 0.674837 -0.639672 -0.239754
0 0.583726 0.673551 -0.638352 -0.241156
0 0.586616 0.651373 -0.635557 -0.257107
0 0.584008 0.672221 -0.639138 -0.241882
0 0.586899 0.652149 -0.635284 -0.253731
0 0.488206 1.305345 0.005567 0.259982
0 0.856711 1.701767 -0.515737 -0.604343
0 0.668400 1.796775 -0.303141 0.163676
0 0.854515 1.702090 -0.517232 -0.608590
0 0.670087 1.797057 -0.298695 0.165657
0 0.514847 1.260083 -0.018116 0.339588
0 0.855161 1.696980 -0.517704 -0.625214
0 0.847482 1.689889 -0.504505 -0.515496
0 0.843927 1.690522 -0.507849 -0.518795
0 0.584871 0.728703 -0.638044 -0.224846
0 0.584399 0.725600 -0.638436 -0.227425
