0 0.210579 0.679847 -0.339329 -1.062209
0 0.211086 0.675311 -0.336677 -1.064221
0 0.210535 0.674647 -0.338465 -1.064094
0 0.210713 0.674743 -0.338752 -1.064601
0 0.210891 0.679999 -0.338604 -1.062047
0 0.210906 0.675082 -0.337303 -1.064149
0 0.211162 0.675979 -0.336537 -1.062374
0 0.210741 0.675484 -0.338666 -1.062277
0 0.212350 0.677766 -0.334579 -1.061775
0 0.212228 0.678106 -0.334673 -1.060669
0 0.212466 0.678590 -0.334512 -1.059683
0 0.209994 0.678420 -0.340541 -1.063697
0 0.143852 0.641096 -0.222131 -1.081355
0 0.210388 0.679001 -0.340037 -1.062438
0 0.144343 0.640976 -0.221946 -1.081536
0 0.122929 0.640041 -0.191930 -1.081246
0 0.145523 0.639739 -0.216429 -1.085460
0 0.144382 0.641041 -0.221833 -1.080300
0 0.123268 0.639701 -0.191125 -1.082069
0 0.145471 0.639432 -0.216199 -1.086179
0 0.145029 0.640098 -0.217482 -1.084761
0 0.209434 0.674334 -0.338490 -1.071988
0 0.123091 0.640642 -0.191903 -1.081130
0 0.209540 0.675063 -0.337960 -1.069973
0 0.901544 0.839053 0.474443 -0.286428
0 0.890773 0.838911 0.450800 -0.285976
0 0.209739 0.671085 -0.340693 -1.077704
0 0.145718 0.641392 -0.220321 -1.075571
