0 0.541749 0.732305 -0.101140 -0.060450
0 0.543527 0.731887 -0.096892 -0.063800
0 0.542602 0.731456 -0.100493 -0.063907
0 0.534616 0.730198 -0.123312 -0.055844
0 0.536097 0.727202 -0.120261 -0.060609
0 0.535053 0.729789 -0.124479 -0.057815
0 0.544784 0.724450 -0.090603 -0.070120
0 0.545315 0.723535 -0.090480 -0.072121
0 0.546098 0.725286 -0.087738 -0.071901
0 0.742674 0.740725 -0.666873 -0.135915
0 0.742215 0.741094 -0.668980 -0.136343
0 0.743137 0.741715 -0.667802 -0.138844
0 0.743520 0.704029 -0.661618 -0.140043
0 0.744453 0.701954 -0.658664 -0.144050
0 0.741398 0.706036 -0.672076 -0.161961
0 0.745258 0.702824 -0.659235 -0.142810
0 0.744655 0.843093 -0.666533 -0.050859
0 0.524850 0.709243 -0.170970 -0.096374
0 0.741188 0.742719 -0.672336 -0.139376
0 0.746765 0.843469 -0.663317 -0.051347
0 0.740333 0.743867 -0.674306 -0.135312
0 0.745142 0.833333 -0.663865 -0.063091
0 0.740386 0.742275 -0.674854 -0.138294
0 0.741783 0.754664 -0.672857 -0.131168
