0 0.623996 0.929176 -0.990692 -0.623236
0 0.624259 0.930015 -0.990809 -0.622343
0 0.198087 0.675570 -0.134464 -0.610997
0 0.197673 0.674272 -0.134718 -0.615319
0 0.196428 0.671616 -0.133821 -0.620831
0 0.196484 0.671829 -0.133106 -0.619976
0 0.072871 0.662644 -0.023069 -0.804756
0 0.073183 0.665614 -0.017415 -0.801861
0 0.196519 0.673672 -0.136155 -0.613854
0 0.072683 0.662677 -0.023981 -0.805193
0 0.197104 0.673899 -0.134148 -0.614306
0 0.072489 0.661639 -0.024134 -0.807585
0 0.197896 0.675299 -0.134846 -0.607700
0 0.196666 0.672983 -0.136519 -0.616247
0 0.072961 0.665515 -0.018091 -0.801979
0 0.073026 0.665700 -0.018040 -0.802512
0 0.197711 0.674292 -0.136779 -0.609332
0 0.197702 0.674489 -0.136241 -0.608327
0 0.621785 0.932146 -0.988767 -0.634561
0 0.621716 0.930029 -0.988463 -0.639301
0 0.072084 0.662960 -0.026770 -0.802406
0 0.618040 0.929441 -0.996785 -0.644850
0 0.620769 0.939741 -0.986759 -0.608881
0 0.620019 0.938076 -0.988363 -0.614964
0 0.618633 0.929590 -0.994912 -0.646574
0 0.069999 0.669222 -0.017487 -0.790652
0 0.626879 0.923282 -0.992415 -0.655584
0 0.619450 0.909778 -0.998221 -0.633978
0 0.603827 1.061225 0.024548 0.040172
0 0.070630 0.667507 -0.012465 -0.804311
0 0.076036 0.662556 0.011154 -0.796192
0 0.590225 1.066590 0.031040 0.063176
0 0.620299 0.907795 -0.996468 -0.630934
0 0.601608 1.079093 0.032692 0.123183
0 0.622918 0.272476 -1.152852 -0.259618
0 0.075138 0.664776 -0.011615 -0.796556
0 0.071313 0.663718 -0.027356 -0.808375
0 0.630496 0.899791 -0.992832 -0.635950
0 0.623224 0.272231 -1.152890 -0.261384
0 0.625424 0.263932 -1.151662 -0.269082
0 0.626817 0.927811 -0.992693 -0.642454
0 0.623248 0.273801 -1.152807 -0.257346
0 0.625167 0.267802 -1.148736 -0.265015
0 0.073738 0.655474 -0.028138 -0.808750
0 0.630631 0.897800 -0.992291 -0.632209
0 0.072986 0.654788 -0.030625 -0.809835
0 0.073663 0.653572 -0.028524 -0.812240
0 0.624742 0.264199 -1.153186 -0.268648
0 0.623883 0.267774 -1.152727 -0.257432
0 0.199533 0.686360 -0.131280 -0.599641
0 0.624016 0.893982 -0.991551 -0.638566
0 0.635899 0.922288 -0.986376 -0.626808
0 0.196947 0.673633 -0.135332 -0.605125
0 0.199836 0.684838 -0.130753 -0.602698
0 0.623866 0.267588 -1.152800 -0.257294
0 0.623710 0.267486 -1.152918 -0.257572
0 0.624647 0.267942 -1.149644 -0.265217
0 0.197697 0.674738 -0.135036 -0.602980
0 0.197439 0.664551 -0.131467 -0.615710
0 0.637690 0.925667 -0.984380 -0.622029
0 0.624292 0.895728 -0.990342 -0.633356
0 0.197282 0.664408 -0.131838 -0.618676
0 0.623927 0.281396 -1.150155 -0.254890
0 0.197555 0.663717 -0.130746 -0.618166
0 0.622781 0.276078 -1.149476 -0.256633
0 0.197657 0.678117 -0.131721 -0.610573
0 0.623142 0.276223 -1.148928 -0.256135
0 0.623585 0.280831 -1.150798 -0.256082
0 0.622841 0.277226 -1.149513 -0.253470
0 0.197883 0.678605 -0.131254 -0.611873
0 0.625030 0.281087 -1.150559 -0.258907
0 0.198037 0.679012 -0.130516 -0.610111
0 0.077363 0.659184 -0.041167 -0.804819
