0 0.362453 0.705014 -0.151268 -0.921317
0 0.361708 0.705422 -0.152192 -0.921359
0 0.362876 0.703098 -0.151023 -0.923305
0 0.362850 0.703485 -0.151330 -0.922649
0 0.367550 0.705576 -0.147181 -0.917364
0 0.367539 0.705670 -0.147032 -0.916918
0 0.487714 0.622062 -0.728198 -0.968576
0 0.487029 0.622264 -0.729244 -0.968040
0 0.487158 0.622149 -0.729181 -0.967886
0 0.488367 0.620785 -0.727630 -0.973014
0 0.487377 0.622454 -0.730540 -0.967873
0 0.487977 0.621831 -0.728824 -0.971676
0 0.488188 0.620678 -0.728814 -0.973678
0 0.361834 0.707452 -0.151700 -0.920721
0 0.361909 0.704667 -0.148548 -0.922149
0 0.364000 0.705659 -0.148680 -0.919898
0 0.489403 0.622029 -0.721871 -0.967470
0 0.361348 0.704437 -0.149383 -0.922461
0 0.489002 0.621516 -0.729891 -0.969680
0 0.221603 0.694632 0.137928 -0.875105
0 0.460286 0.738151 -0.363876 -0.909839
0 0.460047 0.737115 -0.363921 -0.910872
0 0.221578 0.693772 0.137396 -0.876283
0 0.460814 0.737087 -0.362612 -0.911319
0 0.444163 0.606253 -0.597235 -0.935226
0 0.440718 0.607245 -0.602715 -0.942524
0 0.459530 0.741107 -0.361892 -0.903452
0 0.459023 0.740062 -0.362117 -0.903881
0 0.268337 0.701691 0.021974 -0.936514
0 0.459471 0.735614 -0.360363 -0.913601
0 0.268274 0.700313 0.021215 -0.938818
0 0.459405 0.736260 -0.359814 -0.913407
0 0.440981 0.607248 -0.602366 -0.941592
0 0.441097 0.607388 -0.602686 -0.941509
0 0.227546 0.694923 0.151263 -0.869099
0 0.460029 0.741381 -0.360302 -0.904814
0 0.227257 0.693994 0.150301 -0.870192
0 0.460801 0.737972 -0.359262 -0.907071
0 0.459563 0.736201 -0.360306 -0.913139
0 0.460447 0.739921 -0.359846 -0.906863
0 0.263982 0.702564 0.017273 -0.935008
0 0.228292 0.692315 0.149632 -0.877556
0 0.228313 0.692505 0.150017 -0.876736
0 0.460406 0.739623 -0.359191 -0.905155
0 0.262768 0.701089 0.015087 -0.936730
0 0.441183 0.604766 -0.603364 -0.941126
0 0.263210 0.703321 0.020498 -0.937465
0 0.442783 0.604367 -0.600342 -0.940944
0 0.263923 0.704591 0.021877 -0.937076
0 0.226194 0.695772 0.148683 -0.869864
0 0.460985 0.739629 -0.357228 -0.903364
0 0.262011 0.702920 0.014089 -0.931903
0 0.441379 0.605428 -0.602993 -0.940756
0 0.441365 0.604845 -0.603592 -0.941254
0 0.262244 0.703659 0.013993 -0.929176
0 0.364685 0.705843 -0.158383 -0.919383
0 0.363965 0.706352 -0.158919 -0.918545
0 0.460190 0.736682 -0.363612 -0.913322
0 0.459458 0.735617 -0.364785 -0.915170
0 0.441873 0.603760 -0.604733 -0.943664
0 0.227117 0.693570 0.148318 -0.875857
0 0.461227 0.739652 -0.357377 -0.905229
0 0.460228 0.735108 -0.363553 -0.916183
0 0.362297 0.706429 -0.148627 -0.919351
0 0.443689 0.607154 -0.594608 -0.938243
0 0.654950 0.767478 -1.110382 -0.862485
0 0.460095 0.737630 -0.355398 -0.914964
0 0.484629 0.621492 -0.731669 -0.968621
0 0.650845 0.764719 -1.117475 -0.859088
0 0.459308 0.737328 -0.356354 -0.914520
0 0.443805 0.607763 -0.594471 -0.937168
0 0.650784 0.765399 -1.117723 -0.858526
0 0.443653 0.607353 -0.595029 -0.938459
0 0.651462 0.765865 -1.116480 -0.868405
0 0.651365 0.767206 -1.116600 -0.866051
0 0.651005 0.765508 -1.117278 -0.857975
0 0.488832 0.620975 -0.724865 -0.971927
0 0.651245 0.767858 -1.116951 -0.865591
0 0.486605 0.623688 -0.724433 -0.965557
0 0.655286 0.767143 -1.110555 -0.863163
0 0.653269 0.765678 -1.113651 -0.860487
0 0.367705 0.708672 -0.140002 -0.914198
0 0.460322 0.737533 -0.353993 -0.914888
0 0.368644 0.707993 -0.138127 -0.915794
0 0.262125 0.705282 0.015254 -0.924890
0 0.489667 0.622715 -0.727753 -0.968224
0 0.233380 0.694531 0.154761 -0.869625
0 0.653880 0.765230 -1.113284 -0.860680
0 0.218149 0.691580 0.149682 -0.877264
0 0.487945 0.624419 -0.728890 -0.966267
0 0.214423 0.691013 0.145342 -0.877527
0 0.232849 0.691954 0.153993 -0.873350
0 0.470884 0.614960 -0.569064 -0.947656
0 0.269507 0.705511 0.025121 -0.932586
0 0.220709 0.692698 0.151560 -0.877294
0 0.442105 0.606632 -0.603827 -0.939598
0 0.439730 0.597431 -0.604991 -0.943591
0 0.656803 0.771758 -1.113445 -0.869095
0 0.489171 0.620092 -0.728595 -0.971340
0 0.656311 0.772665 -1.115071 -0.867716
0 0.489981 0.618768 -0.726777 -0.973115
0 0.489207 0.618838 -0.728584 -0.973645
0 0.656329 0.770526 -1.115016 -0.871722
0 0.484624 0.620740 -0.733025 -0.972676
0 0.445425 0.609216 -0.595392 -0.929637
0 0.472326 0.616680 -0.568210 -0.944227
0 0.482120 0.623074 -0.731387 -0.966876
0 0.201840 0.689844 0.134456 -0.881460
0 0.201866 0.688552 0.134006 -0.882793
0 0.658251 0.770300 -1.110732 -0.865067
0 0.074682 0.670573 0.049334 -0.911226
0 0.656113 0.765449 -1.115998 -0.851633
0 0.657885 0.770895 -1.111180 -0.863440
0 0.075135 0.670102 0.050479 -0.912721
0 0.656345 0.764338 -1.114829 -0.853622
0 0.074597 0.670115 0.049313 -0.912388
0 0.073537 0.671379 0.049690 -0.906973
0 0.656051 0.764621 -1.115984 -0.855389
0 0.224524 0.680785 0.145908 -0.880501
0 0.224685 0.680148 0.145256 -0.880816
0 0.486258 0.621754 -0.726653 -0.971946
0 0.073397 0.668311 0.050688 -0.904027
0 0.075887 0.671817 0.051059 -0.907225
0 0.264865 0.689338 0.006261 -0.939960
0 0.265791 0.690089 0.007449 -0.938482
0 0.075194 0.669143 0.051955 -0.901496
0 0.656165 0.765502 -1.114903 -0.850641
0 0.268124 0.703846 0.016272 -0.929152
0 0.445462 0.608587 -0.605061 -0.939629
0 0.268611 0.704468 0.016586 -0.928128
0 0.442737 0.599163 -0.590025 -0.942535
0 0.257774 0.704611 0.014625 -0.938983
0 0.650436 0.751764 -1.119792 -0.949850
0 0.258740 0.706081 0.016477 -0.936777
0 0.656295 0.767094 -1.113848 -0.848389
0 0.361519 0.706669 -0.180252 -0.916845
0 0.361090 0.706132 -0.180160 -0.917961
0 0.482308 0.621436 -0.732961 -0.972841
0 0.440689 0.594854 -0.592598 -0.940315
