0 0.790570 1.122525 -0.390934 -0.295114
0 0.792182 1.125834 -0.386411 -0.289430
0 0.800287 1.080555 -0.298741 -0.265328
0 0.797792 1.073761 -0.302880 -0.275492
0 0.115159 0.493810 -0.037294 -0.502761
0 0.435737 0.759818 -0.320221 -0.451504
0 0.800548 1.086049 -0.361532 -0.288890
0 0.435192 0.759284 -0.322536 -0.451690
0 0.112151 0.488649 -0.035265 -0.514254
0 0.798447 1.080447 -0.367579 -0.295726
0 0.436032 0.760966 -0.317921 -0.450068
0 0.432447 0.752560 -0.327519 -0.442897
0 0.113870 0.489680 -0.032478 -0.513943
0 0.116896 0.494691 -0.034156 -0.503756
0 0.433689 0.753420 -0.323629 -0.442145
0 0.432309 0.753861 -0.329822 -0.442071
0 0.792245 1.108887 -0.387383 -0.325337
0 0.811303 1.119256 -0.283712 -0.279518
0 0.811261 1.116223 -0.282217 -0.284824
0 0.115983 0.493022 -0.032590 -0.504658
0 0.116099 0.492929 -0.032487 -0.504716
0 0.115935 0.493570 -0.032592 -0.504112
0 0.405649 0.748037 -0.332924 -0.468395
0 0.799799 1.059213 -0.297205 -0.310248
0 0.401874 0.746107 -0.334207 -0.469118
