0 0.460823 0.846553 -0.333699 -0.119322
0 0.469613 0.865515 -0.346293 -0.100503
0 0.462021 0.848335 -0.333333 -0.117023
0 0.344829 0.708040 0.225325 -0.216641
0 0.598788 0.893335 -0.498270 0.005341
0 0.599892 0.891669 -0.497266 0.004565
0 0.469286 0.864376 -0.345875 -0.103042
0 0.344609 0.708295 0.225192 -0.215621
0 0.343689 0.707709 0.222121 -0.217696
0 0.603926 0.894925 -0.441563 0.015185
0 0.463214 0.852006 -0.331859 -0.112540
0 0.604872 0.895472 -0.440534 0.013101
0 0.470464 0.864981 -0.340308 -0.104838
0 0.602162 0.891437 -0.442991 0.010027
0 0.600025 0.886389 -0.496836 -0.005011
0 0.609033 0.846659 -0.490730 -0.260241
0 0.606565 0.847411 -0.495760 -0.259352
0 0.607179 0.851865 -0.493416 -0.251247
0 0.358950 0.775704 0.219553 -0.125926
0 0.349744 0.741679 0.234621 -0.208297
0 0.351360 0.745155 0.238092 -0.199559
0 0.355131 0.776602 0.207384 -0.123530
0 0.356313 0.776518 0.211003 -0.123174
0 0.350203 0.741929 0.233621 -0.212420
0 0.600001 0.839633 -0.511153 -0.357721
0 0.600537 0.839998 -0.509120 -0.357404
0 0.306918 0.812546 -0.110637 -0.098196
0 0.476564 0.857891 -0.352549 -0.136665
0 0.475963 0.859012 -0.354023 -0.136394
0 0.599171 0.839956 -0.509865 -0.358099
0 0.307812 0.813683 -0.110436 -0.096229
0 0.223894 0.622543 0.147434 -0.386044
0 0.308458 0.814133 -0.107112 -0.096377
0 0.225019 0.621713 0.149116 -0.388381
0 0.477984 0.858593 -0.348161 -0.139734
0 0.688608 1.031523 -0.985066 -0.242247
0 0.308118 0.808345 -0.113356 -0.093228
0 0.225264 0.622144 0.148455 -0.386932
0 0.309368 0.809133 -0.112050 -0.090684
0 0.357963 0.794725 0.197112 -0.131592
0 0.610464 0.891539 -0.408227 -0.092530
0 0.309951 0.809536 -0.110468 -0.091290
0 0.349011 0.795865 0.172534 -0.127642
0 0.602527 0.888794 -0.505154 0.039362
0 0.611182 0.893374 -0.406189 -0.089226
0 0.609770 0.890821 -0.407834 -0.095427
0 0.609123 0.889332 -0.473523 -0.056099
0 0.349192 0.795174 0.171465 -0.127276
0 0.693477 1.047964 -0.955834 -0.297177
0 0.602766 0.888133 -0.503891 0.037636
0 0.451372 0.833080 -0.338852 -0.181243
0 0.450219 0.832788 -0.337923 -0.179636
0 0.601298 0.878501 -0.506870 0.023212
0 0.609697 0.889677 -0.471221 -0.123202
0 0.588167 0.885505 -0.480791 -0.063620
0 0.451844 0.834690 -0.337414 -0.180862
0 0.695209 1.052411 -0.952809 -0.285333
0 0.462043 0.836926 -0.328800 -0.186325
0 0.688448 1.016326 -0.985117 -0.280507
0 0.655771 0.741848 -0.874444 -0.483665
0 0.656463 0.739471 -0.873240 -0.488413
0 0.693204 1.035550 -0.965426 -0.230433
0 0.693135 1.042463 -0.955543 -0.320175
0 0.214354 0.611819 0.140915 -0.403534
0 0.213919 0.612729 0.141013 -0.403013
0 0.215771 0.612675 0.142984 -0.400391
0 0.600989 0.879166 -0.300247 -0.055097
0 0.656515 0.741587 -0.873176 -0.484780
0 0.595047 0.880533 -0.306789 -0.051955
0 0.606612 0.878018 -0.294928 -0.060373
0 0.228010 0.633306 0.150479 -0.383656
0 0.660902 0.734377 -0.872244 -0.486720
0 0.228408 0.637137 0.151199 -0.376323
0 0.660198 0.727589 -0.873481 -0.504467
0 0.432246 0.832330 -0.339337 -0.197455
