0 0.444319 0.870645 -0.373998 -0.356907
0 0.443928 0.869291 -0.376284 -0.355518
0 0.444011 0.869994 -0.375993 -0.352274
0 0.439303 0.872052 -0.385755 -0.352114
0 0.440711 0.872605 -0.383848 -0.354960
0 0.440152 0.869816 -0.383920 -0.355299
0 0.435761 0.858457 -0.394954 -0.359507
0 0.442285 0.856384 -0.374519 -0.342271
0 0.442246 0.856462 -0.374160 -0.345188
0 0.443093 0.857521 -0.373006 -0.339504
0 0.436729 0.905436 -0.389871 -0.319455
0 0.437182 0.861329 -0.395980 -0.353138
0 0.351225 0.724359 -0.082702 -1.084858
0 0.350618 0.725231 -0.084540 -1.082945
