0 0.334351 1.605247 0.018916 -0.374708
0 0.333481 1.606443 0.016866 -0.365888
0 0.333704 1.606628 0.016033 -0.365432
0 0.619743 1.594201 -0.709693 -0.637093
0 0.619312 1.592893 -0.710681 -0.640643
0 0.620341 1.595509 -0.708817 -0.632888
0 0.332783 1.588662 0.017246 -0.370594
0 0.331746 1.591281 0.015435 -0.360188
0 0.332252 1.592993 0.016014 -0.357560
0 0.333702 1.583920 0.008695 -0.490827
0 0.336061 1.591863 0.015247 -0.403462
0 0.336094 1.602389 0.013582 -0.381398
0 0.335496 1.602006 0.013549 -0.383670
0 0.332581 1.583806 0.010911 -0.427285
0 0.616173 1.617230 -0.724927 -0.635197
0 0.615651 1.616332 -0.725595 -0.637267
0 0.617822 1.617940 -0.721549 -0.632326
0 0.619418 1.586045 -0.702611 -0.643053
0 0.618438 1.587961 -0.703374 -0.640743
0 0.620294 1.583766 -0.701215 -0.642811
0 0.337292 1.585464 0.028391 -0.410709
0 0.616486 1.581627 -0.732802 -0.706928
0 0.416234 1.662513 -0.492767 -0.403559
0 0.335692 1.593482 0.023575 -0.465243
0 0.415773 1.655529 -0.497145 -0.419857
0 0.606578 1.581123 -0.741670 -0.750467
0 0.615311 1.575144 -0.748319 -0.709705
0 0.333182 1.600438 0.015791 -0.405106
0 0.332507 1.609905 0.014693 -0.391866
0 0.332149 1.611330 0.014330 -0.388285
0 0.358730 1.638523 -0.409358 -0.197621
0 0.413248 1.666474 -0.374475 -0.203465
0 0.436452 1.665045 -0.399330 -0.384873
0 0.356553 1.629157 -0.411807 -0.215139
0 0.436367 1.658021 -0.400522 -0.396998
0 0.438922 1.665852 -0.394809 -0.378538
0 0.411519 1.647677 -0.374799 -0.238358
0 0.429495 1.670659 -0.364516 -0.191081
0 0.414375 1.633365 -0.501133 -0.408972
0 0.349200 1.588952 -0.413666 -0.212393
