0 0.505404 0.707948 -0.291813 -0.604837
0 0.507098 0.709797 -0.288118 -0.601494
0 0.505575 0.707678 -0.291340 -0.601004
0 0.506691 0.713396 -0.288628 -0.596718
0 0.506141 0.710748 -0.291158 -0.599598
0 0.506448 0.711925 -0.289499 -0.599996
0 0.508065 0.710517 -0.290797 -0.598375
0 0.508112 0.710845 -0.290250 -0.596228
0 0.506790 0.713676 -0.293294 -0.596925
0 0.506483 0.713959 -0.293846 -0.597357
0 0.507420 0.712858 -0.288212 -0.606523
0 0.507088 0.706771 -0.289533 -0.618464
0 0.507672 0.708799 -0.288020 -0.614649
0 0.504605 0.714309 -0.278898 -0.598868
0 0.504882 0.715063 -0.279523 -0.599423
0 0.495404 0.711399 -0.291011 -0.594951
0 0.495913 0.709787 -0.291121 -0.594951
