0 0.645066 1.014817 -0.557480 0.200105
0 0.644889 1.013372 -0.561947 0.198372
0 0.651686 1.110266 -0.553435 0.307501
0 0.650963 1.114731 -0.553722 0.306970
0 0.450226 1.170494 -0.194094 0.475586
0 0.450187 1.180735 -0.193144 0.491133
0 0.743885 1.106950 -0.129260 -0.152388
0 0.742927 1.104916 -0.129969 -0.158117
0 0.454044 1.199812 -0.203006 0.479805
0 0.456014 1.212963 -0.201959 0.496074
0 0.736462 1.092628 -0.130839 -0.291992
0 0.736789 1.092049 -0.132216 -0.287234
0 0.470416 1.187517 -0.232701 0.451640
0 0.622500 0.890741 -0.575524 0.105467
0 0.472286 1.200192 -0.229099 0.466350
