0 0.406269 0.985740 -0.136576 0.131198
0 0.408384 0.985467 -0.131611 0.131925
0 0.403994 1.021139 -0.134705 0.177629
0 0.405556 1.022637 -0.132251 0.182082
0 0.549733 1.134901 -0.520742 0.179245
0 0.549014 1.132812 -0.521835 0.176949
0 0.393776 0.998817 -0.131844 0.164077
0 0.394041 0.998912 -0.132400 0.163752
0 0.549230 1.081440 -0.526502 0.143974
0 0.549282 1.083625 -0.525032 0.148260
0 0.427528 0.889257 -0.122038 -0.464693
0 0.428833 0.888652 -0.119103 -0.469681
0 0.399333 0.980029 -0.137596 0.130709
0 0.428116 0.889971 -0.120530 -0.468803
0 0.550704 1.155398 -0.538795 0.225223
0 0.427535 0.913823 -0.114660 -0.379545
0 0.549511 1.162472 -0.542451 0.238271
0 0.426901 0.911875 -0.114503 -0.388285
0 0.427104 0.905725 -0.114830 -0.411542
0 0.374171 0.733826 -0.442137 -0.584480
0 0.374367 0.730695 -0.441140 -0.591990
0 0.441571 0.693120 -0.601417 -0.344859
0 0.441945 0.689642 -0.600702 -0.350429
0 0.551434 1.115912 -0.547271 0.253057
0 0.553885 1.114527 -0.542751 0.252966
0 0.372076 0.722418 -0.446938 -0.578586
0 0.399716 0.823948 -0.308321 -0.515083
0 0.440595 0.679658 -0.598728 -0.334872
0 0.398398 0.823217 -0.304140 -0.518721
0 0.372373 0.723562 -0.446943 -0.577188
0 0.440951 0.681590 -0.598960 -0.331269
0 0.420221 0.996277 -0.144780 0.161761
0 0.422478 0.997189 -0.143987 0.164277
0 0.381367 0.978591 -0.142088 0.121415
0 0.431818 0.880851 -0.142703 -0.478331
0 0.431744 0.881758 -0.139477 -0.470944
0 0.393737 1.013149 -0.122615 0.146021
0 0.398820 0.915265 -0.142186 -0.404493
0 0.392854 1.013923 -0.121942 0.146744
0 0.414697 0.903614 -0.145132 -0.443254
