0 0.363009 0.818063 0.193626 -0.669233
0 0.361934 0.818824 0.191542 -0.667789
0 0.361393 0.818768 0.191111 -0.666654
0 0.571926 0.492004 -0.913721 -0.654482
0 0.572971 0.492836 -0.912864 -0.651523
0 0.573120 0.492030 -0.912153 -0.653471
0 0.572492 0.491194 -0.912882 -0.655045
0 0.365253 0.832394 0.196654 -0.647515
0 0.365654 0.832808 0.197039 -0.645781
0 0.366108 0.831707 0.196846 -0.648413
0 0.575151 0.490775 -0.908147 -0.656624
0 0.574654 0.491511 -0.909609 -0.655731
0 0.574572 0.490855 -0.909685 -0.656286
0 0.569324 0.490952 -0.913328 -0.657163
0 0.569794 0.490026 -0.913146 -0.658559
0 0.569356 0.490423 -0.913340 -0.657920
0 0.575144 0.491417 -0.906773 -0.659440
0 0.576044 0.490642 -0.906942 -0.655931
0 0.575416 0.491680 -0.908650 -0.655142
0 0.575316 0.491462 -0.908981 -0.655005
0 0.046694 0.475836 0.031837 -0.279227
0 0.575446 0.491633 -0.909736 -0.654223
0 0.046644 0.472594 0.031980 -0.284489
0 0.046925 0.475249 0.032269 -0.279835
0 0.046027 0.471483 0.031463 -0.286305
0 0.575982 0.491545 -0.908655 -0.655286
0 0.046536 0.475251 0.031434 -0.279329
0 0.046646 0.470430 0.032203 -0.288739
0 0.363178 0.815054 0.198501 -0.705644
0 0.364327 0.817654 0.203518 -0.701110
0 0.363386 0.816134 0.201062 -0.704058
0 0.743501 1.052080 -0.644778 -0.463418
0 0.743765 1.059513 -0.645084 -0.449133
0 0.744504 1.058253 -0.646453 -0.450872
0 0.571704 0.491254 -0.911977 -0.659836
0 0.567059 0.491213 -0.913880 -0.657975
0 0.745543 1.060401 -0.640374 -0.458674
0 0.360375 0.818010 0.187658 -0.629302
0 0.746048 1.060662 -0.641784 -0.457630
0 0.746048 1.056638 -0.638742 -0.466649
0 0.359732 0.818853 0.187205 -0.627785
0 0.336746 0.939641 0.105034 -1.184207
0 0.349661 0.940205 0.143971 -1.179526
0 0.359263 0.820984 0.186249 -0.624306
0 0.349171 0.940562 0.143258 -1.179516
0 0.335545 0.938509 0.102412 -1.186518
0 0.351506 0.941316 0.147915 -1.176807
0 0.341229 0.939736 0.113028 -1.183664
0 0.049262 0.475153 0.033844 -0.273413
0 0.566168 0.491126 -0.914739 -0.658445
0 0.559248 0.174405 -0.904634 0.121709
0 0.559493 0.174983 -0.904149 0.122929
0 0.559614 0.174496 -0.903836 0.121930
0 0.558396 0.176385 -0.909641 0.112012
0 0.557647 0.174205 -0.911258 0.116752
