0 0.410299 0.374498 0.262797 0.177491
0 0.680044 0.237254 -0.878698 -0.044159
0 0.679763 0.236909 -0.878888 -0.043256
0 0.679403 0.238677 -0.877054 -0.043448
0 0.678591 0.237387 -0.878661 -0.045590
0 0.926379 1.026245 0.604348 0.361638
0 0.679419 0.240920 -0.873899 -0.042795
0 0.679479 0.239450 -0.881605 -0.043641
0 0.678758 0.238418 -0.882611 -0.044252
0 0.679378 0.240402 -0.874013 -0.042819
0 0.668769 0.240255 -0.904858 -0.037996
0 0.675067 0.240007 -0.879787 -0.042585
0 0.672461 0.241113 -0.890332 -0.037684
0 0.674646 0.237358 -0.880683 -0.045187
0 0.673856 0.240180 -0.893034 -0.042014
0 0.655357 0.336039 -1.190185 0.154496
0 0.655200 0.332002 -1.188826 0.148889
0 0.655056 0.334516 -1.191690 0.151219
0 0.654964 0.332867 -1.191626 0.147869
0 0.655160 0.336248 -1.188574 0.156407
0 0.655211 0.335753 -1.188625 0.154258
0 0.674374 0.238164 -0.884868 -0.045079
0 0.654820 0.329769 -1.182932 0.143761
0 0.654845 0.324174 -1.184336 0.113299
0 0.694798 0.246943 -0.878769 -0.020042
0 0.693640 0.246202 -0.879797 -0.021493
0 0.679297 0.236039 -0.891219 -0.046198
0 0.679539 0.237144 -0.891456 -0.043997
0 0.678749 0.240075 -0.874114 -0.038124
0 0.678427 0.238653 -0.875222 -0.041033
0 0.489141 0.154847 -0.817680 -0.061522
0 0.489961 0.153817 -0.816341 -0.059606
0 0.489064 0.153439 -0.817298 -0.063766
0 0.489061 0.153678 -0.818065 -0.063853
