0 0.443595 1.009699 -0.315422 -0.692782
0 0.443487 1.008188 -0.316069 -0.694596
0 0.443651 1.007014 -0.316270 -0.695990
0 0.442326 1.012086 -0.316304 -0.691124
0 0.442120 1.008625 -0.317405 -0.697885
0 0.442937 1.008451 -0.315479 -0.698089
0 0.244315 0.905375 0.066380 -0.412290
0 0.244726 0.905194 0.067214 -0.413168
0 0.244589 0.905329 0.066588 -0.414177
0 0.450519 1.014049 -0.308060 -0.687145
0 0.243179 0.905634 0.068679 -0.414257
0 0.445912 1.015748 -0.310906 -0.690010
0 0.244307 0.904741 0.071097 -0.414981
0 0.244002 0.905241 0.069323 -0.415559
0 0.444294 1.013785 -0.314554 -0.694927
0 0.443433 1.013866 -0.316395 -0.694945
0 0.311584 0.842869 -0.205722 -0.608918
0 0.311306 0.845191 -0.206933 -0.603553
0 0.452096 1.014418 -0.301714 -0.689367
0 0.245171 0.896197 0.068149 -0.415954
0 0.245709 0.896445 0.068532 -0.416262
0 0.245804 0.896320 0.068608 -0.415761
0 0.307610 0.859269 -0.213722 -0.550496
0 0.307824 0.857423 -0.214144 -0.555875
0 0.312689 0.846438 -0.199105 -0.599588
0 0.246332 0.903413 0.077336 -0.433745
0 0.247152 0.898098 0.076742 -0.425985
0 0.449208 0.993919 -0.312426 -0.690534
0 0.309134 0.858585 -0.203899 -0.552672
0 0.308157 0.851612 -0.205321 -0.652593
0 0.248069 0.904719 0.068514 -0.444413
0 0.249120 0.903394 0.071296 -0.446948
0 0.313085 0.854937 -0.211314 -0.636024
0 0.312171 0.871911 -0.196282 -0.544037
0 0.248131 0.905516 0.068253 -0.442683
0 0.306439 0.845187 -0.208677 -0.666477
0 0.311667 0.849987 -0.214058 -0.644200
