0 0.213049 0.268719 0.061240 -0.169841
0 0.214127 0.269325 0.061408 -0.172302
0 0.213178 0.269250 0.059595 -0.172317
0 0.213504 0.268578 0.061534 -0.170431
0 0.215203 0.269095 0.061975 -0.174046
0 0.216159 0.269156 0.063792 -0.174532
0 0.216347 0.268589 0.063616 -0.174733
0 0.211078 0.268288 0.061528 -0.170695
0 0.210410 0.267880 0.059776 -0.170799
0 0.211184 0.267754 0.061101 -0.170813
0 0.411365 0.650006 0.269114 -0.158692
0 0.411720 0.651842 0.269876 -0.154461
0 0.412215 0.652357 0.270468 -0.152923
0 0.220611 0.268569 0.073281 -0.177990
0 0.220306 0.268226 0.073080 -0.178373
0 0.581894 0.581168 -0.603645 -0.334637
0 0.580989 0.574834 -0.605887 -0.345452
0 0.210505 0.268538 0.058528 -0.174794
0 0.212176 0.268715 0.062209 -0.174861
0 0.212065 0.268572 0.061962 -0.174406
0 1.197749 0.972481 0.309947 0.474306
0 0.588235 0.587705 -0.585564 -0.316674
0 0.579613 0.575135 -0.596472 -0.339592
0 0.579353 0.581183 -0.597095 -0.332353
0 1.210818 0.761531 0.419480 0.276640
0 0.376617 0.646558 0.242586 -0.164524
0 0.376090 0.647303 0.241445 -0.161648
0 0.376829 0.647884 0.244811 -0.159481
0 0.585289 0.573145 -0.603588 -0.358455
0 0.585962 0.575008 -0.601196 -0.355709
0 0.597693 0.603831 -0.547927 -0.288942
0 0.499751 0.657267 0.317505 -0.151539
0 0.500719 0.660689 0.318550 -0.143346
0 0.501366 0.660342 0.319442 -0.145219
0 0.144423 0.638895 0.098280 -0.175773
0 1.006837 0.958919 0.168767 0.433805
0 0.148169 0.640697 0.100495 -0.171151
