0 0.429945 1.318239 0.002899 0.301377
0 0.429110 1.322063 0.000156 0.306210
0 0.557260 1.315600 -0.384001 0.272389
0 0.556732 1.313033 -0.386208 0.268535
0 0.434304 1.317052 0.002114 0.274239
0 0.432998 1.318558 0.002566 0.276299
0 0.425251 1.317296 -0.013025 0.323106
0 0.424955 1.319701 -0.013798 0.324991
0 0.556494 1.299489 -0.396802 0.286406
0 0.556979 1.298538 -0.395408 0.285127
0 0.555142 1.321470 -0.396810 0.273074
0 0.557179 1.318989 -0.394203 0.267190
0 0.429117 1.324055 -0.018052 0.333844
0 0.429025 1.320459 -0.018764 0.329229
