0 0.497727 1.205125 0.312618 0.513235
0 0.760016 1.181902 -0.366112 0.294261
0 0.755056 1.176512 -0.373550 0.283962
0 0.777891 1.183672 -0.386916 0.288137
0 0.777144 1.185789 -0.393789 0.294187
0 0.741307 1.188565 -0.405895 0.340524
0 0.650138 1.178215 -0.423691 0.297248
0 0.649443 1.172065 -0.425563 0.287260
0 0.739706 1.195558 -0.406440 0.351662
0 0.621861 1.187705 -0.482755 0.335961
0 0.623504 1.181786 -0.480128 0.327444
0 0.764092 1.187397 -0.413735 0.336021
0 0.768176 1.190396 -0.397989 0.337311
