0 0.344196 0.397888 -0.210931 -0.316205
0 0.343650 0.397675 -0.213155 -0.318051
0 0.344056 0.397625 -0.212971 -0.316784
0 0.344712 0.398205 -0.211052 -0.310625
0 0.344108 0.397438 -0.213305 -0.313215
0 0.339638 0.363881 -0.225396 -0.269417
0 0.341608 0.400676 -0.218225 -0.290667
0 0.340954 0.401341 -0.219056 -0.288809
0 0.339399 0.363562 -0.225545 -0.269550
0 0.335716 0.397325 -0.225490 -0.322426
0 0.336195 0.398076 -0.224760 -0.320674
0 0.349884 0.402474 -0.201171 -0.274301
0 0.348225 0.402705 -0.203773 -0.274526
0 0.349963 0.401988 -0.201195 -0.276228
0 0.334447 0.230794 -0.519399 -0.297277
0 0.334345 0.230398 -0.518961 -0.298245
0 0.345216 0.364429 -0.223668 -0.260928
0 0.335044 0.230441 -0.518543 -0.298220
0 0.344730 0.363570 -0.224597 -0.262221
0 0.343993 0.364210 -0.225423 -0.260440
0 0.333966 0.230048 -0.517295 -0.305436
0 0.334794 0.230521 -0.516501 -0.302471
0 0.333745 0.229189 -0.518562 -0.301297
0 0.334239 0.230414 -0.517380 -0.304762
0 0.335013 0.230581 -0.515554 -0.302311
0 0.334264 0.230129 -0.517536 -0.305174
0 0.335023 0.230363 -0.515893 -0.303811
0 0.333446 0.229604 -0.519008 -0.300661
0 0.333508 0.229618 -0.518876 -0.300281
0 0.335993 0.391717 -0.225704 -0.348320
0 0.334186 0.230276 -0.522558 -0.296972
0 0.334701 0.360030 -0.257104 -0.269121
0 0.335645 0.392445 -0.226454 -0.346914
0 0.336163 0.391893 -0.224701 -0.347987
0 0.335564 0.359753 -0.257585 -0.269450
0 0.341243 0.354457 -0.226478 -0.272398
0 0.333965 0.230772 -0.522720 -0.295625
0 0.345340 0.390427 -0.218573 -0.341933
0 0.343176 0.353831 -0.221863 -0.273260
0 0.334787 0.230365 -0.520811 -0.296895
0 0.341414 0.354224 -0.226165 -0.272745
0 0.334757 0.359562 -0.257264 -0.270326
0 0.335655 0.228828 -0.518230 -0.302023
0 0.342700 0.389833 -0.225186 -0.342813
0 0.335363 0.228847 -0.518672 -0.302341
0 0.338529 0.363137 -0.224223 -0.265827
0 0.345258 0.390135 -0.218665 -0.342484
0 0.335486 0.229054 -0.518604 -0.301438
0 0.339126 0.363395 -0.222785 -0.265640
0 0.466136 0.223111 -0.795627 -0.322624
0 0.466599 0.223123 -0.794607 -0.322802
0 0.467244 0.223562 -0.793474 -0.320702
0 0.467933 0.223870 -0.792230 -0.318935
0 0.336829 0.227451 -0.510255 -0.304521
0 0.467779 0.224189 -0.791666 -0.318205
0 0.336708 0.230552 -0.519289 -0.305008
0 0.336167 0.229678 -0.521898 -0.307611
0 0.336281 0.230014 -0.519980 -0.306993
0 0.335682 0.228240 -0.504858 -0.311994
0 0.467613 0.222782 -0.795935 -0.324563
0 0.335919 0.229622 -0.522324 -0.307479
0 0.336181 0.230563 -0.519797 -0.304953
0 0.335899 0.230062 -0.522617 -0.306710
0 0.467659 0.222960 -0.795266 -0.324749
0 0.354125 0.398582 -0.190108 -0.313279
0 0.336656 0.396277 -0.211930 -0.325478
