0 0.247537 0.839730 -0.250563 -0.442977
0 0.247690 0.839512 -0.250555 -0.442989
0 0.248908 0.835229 -0.244752 -0.449164
0 0.323188 0.810727 -0.382575 -0.518559
0 0.323404 0.810302 -0.382293 -0.520736
0 0.248874 0.836316 -0.243999 -0.447394
0 0.246724 0.832427 -0.251225 -0.455744
0 0.246544 0.831307 -0.251866 -0.456739
0 0.322506 0.816295 -0.385437 -0.507670
0 0.322733 0.816193 -0.385164 -0.509364
0 0.242751 0.831471 -0.257998 -0.462438
0 0.244031 0.831426 -0.255946 -0.463866
0 0.342615 0.749644 -0.536395 -0.828695
0 0.375932 0.757919 -0.611303 -0.617517
0 0.321804 0.812843 -0.388856 -0.508939
0 0.375762 0.760205 -0.611544 -0.611951
0 0.322036 0.814043 -0.388343 -0.506596
0 0.375884 0.759359 -0.611210 -0.614294
0 0.377983 0.766190 -0.605866 -0.612186
0 0.342705 0.746825 -0.537243 -0.833283
0 0.342736 0.743801 -0.536993 -0.838381
0 0.319863 0.810229 -0.393634 -0.531898
0 0.342511 0.744993 -0.537877 -0.836817
0 0.319817 0.811701 -0.393738 -0.530112
0 0.322298 0.817477 -0.384001 -0.505615
0 0.321639 0.816746 -0.384755 -0.507794
0 0.343210 0.746413 -0.537962 -0.830591
0 0.343180 0.745192 -0.537894 -0.832591
0 0.343492 0.745650 -0.537244 -0.831566
0 0.341583 0.747721 -0.537603 -0.824196
0 0.379048 0.758781 -0.607918 -0.615259
0 0.243609 0.807627 -0.259143 -0.466790
0 0.244218 0.804462 -0.257915 -0.469908
0 0.373784 0.738891 -0.615465 -0.738712
0 0.374050 0.738095 -0.614828 -0.738921
0 0.374511 0.738623 -0.614086 -0.738023
0 0.376955 0.760005 -0.609347 -0.613982
0 0.376681 0.759844 -0.610170 -0.612222
0 0.377386 0.759663 -0.600739 -0.679024
0 0.376534 0.761698 -0.610493 -0.610196
0 0.249317 0.837978 -0.251473 -0.447923
0 0.249763 0.837072 -0.250149 -0.452084
0 0.322593 0.817151 -0.373653 -0.506094
0 0.322179 0.819116 -0.372946 -0.502713
