0 0.805132 0.898179 -0.094139 0.156831
0 0.807304 0.899181 -0.090531 0.159519
0 0.651259 0.571238 -0.373584 0.069942
0 0.654751 0.569917 -0.371216 0.066325
0 0.651973 0.570429 -0.371626 0.066800
0 0.636632 0.562130 -0.408431 0.064278
0 0.636357 0.561169 -0.408885 0.066510
0 0.638637 0.560826 -0.406276 0.066794
0 0.799560 0.896732 -0.098078 0.181587
0 0.802048 0.894545 -0.094814 0.175884
0 0.657264 0.595153 -0.310834 0.095912
0 0.660815 0.593508 -0.303945 0.094110
0 0.656724 0.593624 -0.311112 0.092239
0 0.615439 0.543288 -0.462442 0.041885
0 0.628242 0.558873 -0.443236 0.038880
0 0.636802 0.568049 -0.364027 0.075989
0 0.615399 0.537662 -0.509590 0.024024
0 0.637034 0.567498 -0.364220 0.076597
0 0.640372 0.568549 -0.358512 0.079133
0 0.634855 0.556898 -0.462912 0.026999
0 0.624817 0.549121 -0.497021 0.056872
0 0.623372 0.547473 -0.498267 0.057654
0 0.623717 0.547641 -0.498038 0.057337
0 0.793813 0.885928 -0.076732 0.135548
0 0.616180 0.511955 -0.464986 0.021539
0 0.793458 0.885179 -0.076707 0.134747
0 0.815091 0.923890 -0.078072 0.135302
0 0.612947 0.518042 -0.522655 0.023103
0 0.815447 0.925272 -0.078239 0.137307
0 0.619407 0.560107 -0.398025 0.043015
