0 0.699243 0.984231 -0.927685 -0.910733
0 0.699219 0.984266 -0.927537 -0.909506
0 0.698076 0.987929 -0.937444 -0.912096
0 0.700439 0.986556 -0.916131 -0.897557
0 0.700636 0.986222 -0.915158 -0.897078
0 0.701387 0.986598 -0.915719 -0.896914
0 0.699054 0.984649 -0.929057 -0.910874
0 0.698218 0.981841 -0.932952 -0.926447
0 0.698450 0.980831 -0.932110 -0.927037
0 0.240413 0.911052 0.158055 -0.621902
0 0.697840 0.981800 -0.934957 -0.928046
0 0.240068 0.910209 0.158172 -0.625542
0 0.240243 0.911459 0.158386 -0.620647
0 0.694619 0.986888 -0.946092 -0.918114
0 0.697426 0.976988 -0.933751 -0.948060
