0 0.525186 0.751441 -0.224106 -0.299872
0 0.525056 0.751301 -0.223852 -0.300025
0 0.526141 0.752541 -0.222320 -0.298936
0 0.524983 0.756769 -0.225016 -0.299367
0 0.526409 0.756245 -0.222966 -0.298048
0 0.527368 0.757759 -0.221315 -0.296846
0 0.066622 0.655704 0.045759 -0.637140
0 0.066637 0.655156 0.045903 -0.637619
0 0.067673 0.654816 0.043517 -0.637031
0 0.066011 0.655570 0.044498 -0.637177
0 0.066368 0.655316 0.045611 -0.637538
0 0.644761 0.541397 -1.175164 -0.547386
0 0.068431 0.655402 0.044606 -0.636000
0 0.644433 0.542229 -1.175940 -0.545531
0 0.067293 0.655220 0.047000 -0.638492
0 0.644500 0.540692 -1.175975 -0.548817
0 0.067038 0.656395 0.046518 -0.635315
0 0.067239 0.656079 0.046611 -0.635663
0 0.643017 0.540672 -1.176946 -0.551204
0 0.066598 0.656354 0.045979 -0.635313
0 0.065715 0.653668 0.043982 -0.638395
0 0.643782 0.543282 -1.174739 -0.545040
0 0.642924 0.540976 -1.177014 -0.550450
0 0.642939 0.540776 -1.177118 -0.551650
0 0.065160 0.653268 0.043955 -0.635175
0 0.065495 0.654223 0.044300 -0.636036
0 0.066662 0.655539 0.044925 -0.634564
0 0.066218 0.654470 0.046024 -0.633902
0 0.644412 0.543801 -1.174883 -0.545446
0 0.537589 0.728945 -0.216948 -0.375816
0 0.642628 0.543337 -1.175176 -0.540863
0 0.530060 0.730648 -0.225018 -0.385124
0 0.412488 0.988689 0.279991 -0.886090
0 0.411634 0.987770 0.278525 -0.888217
0 0.410664 0.983118 0.274787 -0.905386
0 0.412681 0.988483 0.280594 -0.887287
0 0.411685 0.982928 0.275659 -0.908211
0 0.411820 0.983335 0.275632 -0.906352
0 0.644290 0.541448 -1.174441 -0.539191
0 0.525024 0.769369 -0.234427 -0.293465
0 0.525073 0.769743 -0.235451 -0.292528
0 0.537258 0.746815 -0.219388 -0.378127
0 0.525635 0.768481 -0.233825 -0.294340
0 0.065764 0.627870 0.041945 -0.654280
0 0.529227 0.744320 -0.223193 -0.397161
0 0.649920 0.541988 -1.166806 -0.552909
0 0.648625 0.542129 -1.163255 -0.551603
0 0.540417 0.737493 -0.215164 -0.313825
0 0.524861 0.761670 -0.225833 -0.307929
0 0.524188 0.762633 -0.227746 -0.306006
0 0.524165 0.760735 -0.226725 -0.309918
0 0.643015 0.545635 -1.172435 -0.546217
0 0.407796 0.990813 0.271094 -0.870097
0 0.408214 0.992034 0.271762 -0.866304
0 0.408248 0.991977 0.271844 -0.867889
0 0.643148 0.544815 -1.171981 -0.547885
