0 0.350833 0.663917 -0.358342 -0.229144
0 0.351050 0.664500 -0.357844 -0.227910
0 0.353262 0.658926 -0.355539 -0.234034
0 0.353315 0.657583 -0.355188 -0.236402
0 0.352705 0.651099 -0.359770 -0.249500
0 0.435850 0.732677 -0.505017 -0.255969
0 0.435339 0.733206 -0.505931 -0.254910
0 0.351976 0.650285 -0.361067 -0.253959
0 0.435660 0.728004 -0.493024 -0.243191
0 0.438864 0.715840 -0.503406 -0.297606
0 0.435170 0.728477 -0.493607 -0.240987
0 0.436798 0.717543 -0.506908 -0.293412
0 0.348819 0.644329 -0.362953 -0.253595
0 0.349700 0.645977 -0.362194 -0.254994
0 0.351246 0.669457 -0.354478 -0.223375
0 0.350816 0.669024 -0.355714 -0.223494
0 0.437042 0.741477 -0.507450 -0.251470
0 0.436662 0.742796 -0.508619 -0.248454
0 0.383095 0.633610 -0.501043 -0.238547
0 0.382683 0.640071 -0.501282 -0.230299
0 0.378484 0.623768 -0.500311 -0.245260
0 0.378755 0.625543 -0.499462 -0.243911
0 0.437771 0.705411 -0.495650 -0.300900
0 0.356093 0.650313 -0.366393 -0.256582
0 0.355706 0.647286 -0.366883 -0.262840
0 0.435570 0.704257 -0.500138 -0.297302
0 0.382140 0.623677 -0.511606 -0.258402
0 0.382829 0.625848 -0.510748 -0.256231
0 0.441017 0.729069 -0.470641 -0.241212
0 0.398009 0.656830 -0.455192 -0.230367
0 0.397541 0.658882 -0.459073 -0.221813
0 0.438943 0.724906 -0.514659 -0.284643
0 0.444435 0.734638 -0.477732 -0.252008
0 0.381968 0.641528 -0.508543 -0.230029
0 0.440571 0.718002 -0.472797 -0.298655
0 0.380832 0.647368 -0.510354 -0.222141
0 0.437944 0.725880 -0.517034 -0.279628
