0 0.035360 0.625099 0.002162 -0.975644
0 0.035684 0.625637 0.002430 -0.974824
0 0.032987 0.623798 -0.003919 -0.986332
0 0.033423 0.624099 -0.002421 -0.985773
0 0.810805 0.704084 0.522540 -0.450824
0 0.816729 0.703853 0.531088 -0.450303
0 0.036088 0.627397 0.005021 -0.974146
0 0.036171 0.626728 0.004678 -0.974978
0 0.036329 0.627415 0.005193 -0.973673
0 0.037525 0.630891 0.003886 -0.967396
0 0.037873 0.629895 0.003905 -0.968382
0 0.821468 0.715638 0.546320 -0.450336
0 0.036853 0.628125 0.003077 -0.969113
0 0.036876 0.628338 0.003300 -0.968644
0 0.833112 0.694096 0.475755 -0.469379
0 0.037628 0.630169 0.004174 -0.967807
0 0.037099 0.625638 0.007034 -0.976585
0 0.816109 0.716033 0.531874 -0.448869
0 0.816702 0.692559 0.435064 -0.471245
0 0.037005 0.627090 0.006375 -0.973836
0 0.035413 0.620718 0.001893 -0.984301
0 0.033396 0.621534 -0.003288 -0.990634
0 0.037016 0.626189 0.006654 -0.975426
