0 0.827051 1.352041 0.525905 0.642554
0 0.804568 0.611475 -0.299891 0.410813
0 0.803186 0.611079 -0.301914 0.407672
0 0.805015 0.609259 -0.299218 0.406703
0 0.795932 0.616565 -0.320521 0.418921
0 0.794133 0.616821 -0.324523 0.419650
0 0.794339 0.614696 -0.322901 0.416029
0 0.400152 0.314684 -0.532458 0.198679
0 0.402709 0.314441 -0.529151 0.194205
0 0.399914 0.311884 -0.533437 0.194789
0 0.402511 0.315978 -0.530416 0.197521
0 0.399904 0.310212 -0.532902 0.194518
0 0.402851 0.315581 -0.528298 0.200737
0 0.402400 0.314208 -0.528580 0.198094
0 0.402712 0.313414 -0.528475 0.198263
0 0.802425 0.593384 -0.296043 0.397155
0 0.804233 0.590714 -0.293374 0.389937
0 0.802508 0.591654 -0.296176 0.395516
