0 0.809676 1.175733 -0.250648 0.241443
0 0.808958 1.177624 -0.252251 0.241972
0 0.801380 1.210247 -0.276193 0.421723
0 0.801061 1.219581 -0.273996 0.435342
0 0.774080 1.207549 -0.445685 0.444100
0 0.772740 1.214592 -0.449159 0.454082
0 0.597944 1.183741 0.376562 0.225608
0 0.829694 1.171965 -0.140896 0.200923
0 0.832911 1.171709 -0.133119 0.201616
0 0.163374 0.903893 0.089241 -1.419467
0 0.163284 0.901402 0.088635 -1.422954
0 0.158935 0.902199 0.058376 -1.419498
0 0.159586 0.902039 0.058423 -1.419477
0 0.155214 0.903601 0.042204 -1.418423
0 0.151225 0.897794 0.009825 -1.432047
0 0.160410 0.902242 0.084539 -1.421779
0 0.158372 0.900202 0.079605 -1.421423
0 0.155167 0.900875 0.041686 -1.423000
0 0.808764 1.176000 -0.245300 0.188655
0 0.789244 1.196146 -0.361117 0.320633
