0 0.525119 0.716586 -0.571502 -0.452192
0 0.525001 0.717786 -0.572690 -0.450315
0 0.525742 0.719019 -0.567265 -0.444312
0 0.525408 0.719916 -0.567255 -0.442997
0 0.525994 0.721488 -0.567846 -0.439426
0 0.525230 0.716802 -0.571366 -0.450522
0 0.527161 0.713656 -0.567066 -0.456733
0 0.761856 0.991074 -0.007432 -0.869663
0 0.768788 0.998002 -0.021120 -0.850110
0 0.760093 0.991633 -0.011778 -0.869621
0 0.769387 0.997306 -0.018153 -0.852114
0 0.759517 0.992906 -0.011879 -0.867598
0 0.770068 0.998233 -0.018888 -0.849903
0 0.445982 0.460081 -0.536807 -0.310103
0 0.446255 0.459463 -0.536471 -0.309556
0 0.526653 0.706801 -0.565861 -0.468719
0 0.409048 1.033747 -0.019767 -0.632131
0 0.525924 0.722426 -0.568921 -0.454049
0 0.408276 1.032881 -0.021456 -0.631815
0 0.407598 1.030517 -0.021301 -0.634820
0 0.526907 0.723594 -0.567143 -0.453960
0 0.525841 0.722891 -0.570020 -0.452671
0 0.446299 0.470123 -0.526252 -0.303108
0 0.446700 0.470668 -0.525695 -0.301235
0 0.440507 0.446639 -0.551952 -0.319426
0 0.439879 0.446414 -0.552827 -0.319735
0 0.445925 0.453306 -0.542660 -0.314003
0 0.445300 0.452612 -0.543655 -0.314801
0 0.444275 0.454387 -0.544785 -0.311414
0 0.440312 0.446702 -0.552365 -0.319184
0 0.443234 0.451993 -0.548030 -0.314715
0 0.443701 0.453038 -0.547296 -0.313421
0 0.768895 0.985251 0.028123 -0.896364
0 0.766504 0.984811 0.024504 -0.897111
0 0.769246 0.986219 0.030612 -0.894397
