0 0.404780 1.019801 -0.015653 -0.350687
0 0.405187 1.023873 -0.015516 -0.337312
0 0.404544 1.023560 -0.016371 -0.338871
0 0.402506 1.033108 -0.010550 -0.330447
0 0.404285 1.032797 -0.007752 -0.328682
0 0.402819 1.030748 -0.010659 -0.332280
0 0.403676 1.028030 -0.008683 -0.362570
0 0.407478 1.020348 0.001103 -0.341284
0 0.400368 1.031778 -0.034905 -0.356359
0 0.403776 1.020102 -0.031393 -0.343162
0 0.651340 0.715088 0.081658 -0.413989
0 0.658212 0.714311 0.093228 -0.418954
0 0.650183 0.715116 0.076867 -0.415028
0 0.420014 1.051155 0.041851 -0.307505
0 0.416706 1.049944 0.037025 -0.312406
0 0.418096 1.047635 0.036946 -0.314237
0 0.409052 1.018196 0.004951 -0.338009
0 0.407809 1.017451 0.003188 -0.335833
0 0.410488 1.018980 0.007613 -0.330378
0 0.661912 0.752451 0.113014 -0.380521
0 0.658619 0.753579 0.108345 -0.381473
0 0.659105 0.700040 0.053265 -0.438279
0 0.666283 0.748068 0.124434 -0.393513
0 0.651847 0.699284 0.035365 -0.438139
0 0.652065 0.697153 0.034694 -0.443062
