0 0.573533 0.240211 -1.055269 -0.147326
0 0.573563 0.239949 -1.055046 -0.148178
0 0.571664 0.241933 -1.057114 -0.145225
0 0.572016 0.241316 -1.056626 -0.145937
0 0.575569 0.240346 -1.054835 -0.147808
0 0.571595 0.242350 -1.057443 -0.143969
0 0.575312 0.240861 -1.054564 -0.146786
0 0.574384 0.239371 -1.053688 -0.150117
0 0.575705 0.240576 -1.054714 -0.147291
0 0.574204 0.239180 -1.053498 -0.150775
0 0.574559 0.239350 -1.053600 -0.151009
0 0.618826 0.240719 -1.151621 -0.148452
0 0.620429 0.245758 -1.147394 -0.142415
0 0.620582 0.245701 -1.147168 -0.143463
0 0.620413 0.245578 -1.146967 -0.142912
0 0.619104 0.241360 -1.150936 -0.147262
0 0.620048 0.246699 -1.145756 -0.137953
0 0.620267 0.245945 -1.145573 -0.138976
0 0.619214 0.242574 -1.150280 -0.142838
0 0.620037 0.246612 -1.145902 -0.138265
0 0.619290 0.242764 -1.149711 -0.142325
0 0.575147 0.242614 -1.053547 -0.140769
0 0.470485 1.162157 0.132173 0.561646
0 0.238532 0.543925 -0.180243 0.104208
0 0.619480 0.242986 -1.149931 -0.141860
0 0.575153 0.242792 -1.053386 -0.140547
0 0.238697 0.544453 -0.180353 0.103275
0 0.779613 1.160287 -0.173410 0.177026
0 0.760751 1.162638 -0.218870 0.178462
0 0.836622 1.189597 0.061097 0.266293
0 0.240699 0.587736 -0.175669 0.133159
0 0.241305 0.587210 -0.174895 0.133406
0 0.820149 1.189199 0.023100 0.264939
0 0.785810 1.155614 -0.298399 0.142915
0 0.786620 1.159358 -0.296416 0.148237
0 0.572187 0.242895 -1.053807 -0.145801
0 0.813651 1.185134 0.167066 0.262144
0 0.572141 0.243217 -1.053746 -0.145665
0 0.620769 0.246222 -1.145280 -0.147412
0 0.620883 0.246833 -1.144858 -0.146686
0 0.239321 0.534173 -0.177158 0.105767
0 0.239325 0.533846 -0.177759 0.105273
0 0.762554 1.183953 0.056409 0.262435
0 0.803318 1.150991 -0.275195 0.095760
0 0.450375 1.118110 -0.293417 0.218836
0 0.803098 1.153361 -0.274583 0.098838
0 0.443278 1.158445 -0.218726 0.227656
0 0.241508 0.532703 -0.173177 0.066387
0 0.621148 0.245031 -1.153185 -0.141095
0 0.452475 1.118143 -0.289114 0.215348
0 0.241476 0.525917 -0.173605 0.062850
