0 0.626149 1.040507 -0.205508 -0.583110
0 0.623838 1.042431 -0.209506 -0.581628
0 0.624831 1.043257 -0.207590 -0.582759
0 0.621612 1.039174 -0.210512 -0.586401
0 0.621310 1.040953 -0.211126 -0.584637
0 0.621818 1.043457 -0.211006 -0.581280
0 0.623603 1.038413 -0.215876 -0.537489
0 0.625267 1.036561 -0.211230 -0.545511
0 0.623777 1.036109 -0.213796 -0.542438
0 0.623384 0.362323 -0.760726 0.228637
0 0.623681 0.362420 -0.760607 0.230972
0 0.624997 0.360127 -0.758849 0.230429
0 0.626568 0.359933 -0.757045 0.229080
0 0.623751 0.361484 -0.760434 0.228251
0 0.627655 1.035314 -0.195729 -0.604474
0 0.625252 0.360868 -0.758973 0.233094
0 0.625945 1.036472 -0.199555 -0.602268
0 0.625761 1.037332 -0.199672 -0.600954
0 0.756688 1.296050 0.016813 0.613364
0 0.628723 1.044132 -0.238066 -0.573399
0 0.630875 1.043660 -0.234259 -0.569875
