0 0.406115 0.730366 -0.175283 -0.196015
0 0.406352 0.730912 -0.175727 -0.194045
0 0.406853 0.731869 -0.174097 -0.191772
0 0.406854 0.729393 -0.174643 -0.194411
0 0.406921 0.729434 -0.173706 -0.192024
0 0.406478 0.728757 -0.174468 -0.192775
0 0.701487 0.853157 -0.822304 -0.524937
0 0.700742 0.853430 -0.823458 -0.525532
0 0.699420 0.852458 -0.825447 -0.527278
0 0.406771 0.732362 -0.171793 -0.215693
0 0.407057 0.730443 -0.172141 -0.219865
0 0.407276 0.730099 -0.171436 -0.220596
0 0.399686 0.731288 -0.183123 -0.228509
0 0.745968 1.109683 -0.643037 -1.057183
0 0.746105 1.109064 -0.643483 -1.057781
0 0.745431 1.110478 -0.643525 -1.045705
0 0.745590 1.111430 -0.642110 -1.044816
0 0.746453 1.109835 -0.643600 -1.056944
0 0.746784 1.111137 -0.643576 -1.044658
0 0.690186 0.850145 -0.830729 -0.533999
0 0.689713 0.850510 -0.833319 -0.532394
0 0.689798 0.850941 -0.832703 -0.532889
0 0.687427 0.865407 -0.836265 -0.525799
0 0.397687 0.689208 -0.195067 -0.262570
0 0.708172 0.871021 -0.817142 -0.526851
0 0.709152 0.871595 -0.814570 -0.525653
0 0.706717 0.874103 -0.818721 -0.522655
0 0.736119 1.109195 -0.688643 -1.045572
0 0.736583 1.110061 -0.688238 -1.043849
0 0.737327 1.109841 -0.685918 -1.044865
0 0.734354 1.118235 -0.743425 -1.019997
0 0.406810 0.745955 -0.161254 -0.248112
0 0.580504 0.137681 -0.917473 -0.095981
0 0.579938 0.137530 -0.918783 -0.095130
0 0.397421 0.662347 -0.195564 -0.295120
0 0.600900 0.136710 -0.902642 -0.099728
