0 0.306485 0.799770 -0.157001 -0.158708
0 0.306887 0.797568 -0.157155 -0.161743
0 0.537745 1.255252 0.112002 0.143975
0 0.307887 0.802477 -0.152768 -0.153526
0 0.306648 0.799551 -0.150388 -0.161661
0 0.306974 0.799090 -0.150481 -0.164170
0 0.308675 0.800617 -0.147493 -0.159957
0 0.302181 0.765271 -0.175880 -0.182922
0 0.302226 0.763793 -0.176746 -0.185516
0 0.301551 0.774065 -0.159324 -0.169753
0 0.300464 0.771778 -0.160344 -0.173403
0 0.304185 0.767477 -0.169789 -0.181926
0 0.303262 0.775165 -0.156675 -0.169541
0 0.312383 0.756370 -0.153141 -0.263713
0 0.308300 0.756441 -0.146937 -0.267866
