0 0.080986 0.802258 -0.018406 -1.491343
0 0.081396 0.802553 -0.017089 -1.491202
0 0.954858 0.994752 0.553677 -0.754623
0 0.954281 0.996690 0.561975 -0.765315
0 0.079768 0.799382 -0.021520 -1.493279
0 0.080281 0.800202 -0.019441 -1.493455
0 0.080033 0.800962 -0.018511 -1.491882
0 0.080205 0.800140 -0.020488 -1.491750
0 0.080422 0.800666 -0.018552 -1.491963
0 0.080455 0.801087 -0.017654 -1.491869
0 0.079541 0.801780 -0.021539 -1.491780
0 0.135244 0.800727 -0.122102 -1.492821
0 0.135532 0.800592 -0.121447 -1.493296
0 0.904595 0.982327 0.542485 -0.752645
0 0.922472 1.003750 0.426729 -0.735001
0 0.922679 1.001837 0.414730 -0.738759
0 0.078701 0.800329 -0.020387 -1.496478
0 0.082864 0.802358 -0.017692 -1.489942
0 0.078201 0.800864 -0.020883 -1.495679
0 0.082349 0.802325 -0.019159 -1.490507
0 0.135173 0.799203 -0.120813 -1.490870
0 0.925379 1.004337 0.457155 -0.759202
0 0.134315 0.799410 -0.125050 -1.491022
0 0.936520 0.999661 0.530474 -0.761003
0 0.916387 1.005143 0.424539 -0.759230
0 0.940195 0.994072 0.533614 -0.754988
0 0.135502 0.800030 -0.119963 -1.488991
0 0.134915 0.800993 -0.121457 -1.485558
