0 0.641642 0.917408 -0.467188 0.046043
0 0.642425 0.912922 -0.466001 0.036621
0 0.641661 0.916381 -0.467511 0.041917
0 0.353712 0.928506 0.036744 0.007845
0 0.353696 0.922312 0.037457 -0.004733
0 0.339236 0.927311 0.029237 0.003976
0 0.339878 0.924544 0.030152 -0.007437
0 0.640832 0.895716 -0.460725 0.026295
0 0.641170 0.891911 -0.460672 0.016299
0 0.640535 0.895146 -0.461367 0.024058
0 0.346629 0.935834 0.025035 -0.006952
0 0.347084 0.936847 0.026308 -0.005474
0 0.347208 0.929873 0.026343 -0.016207
0 0.652184 0.906314 -0.459316 0.024695
0 0.652184 0.906736 -0.458802 0.028079
0 0.651592 0.906490 -0.459487 0.028445
0 0.637327 0.865908 -0.477315 -0.040631
0 0.630864 0.927647 -0.451458 0.046064
0 0.629279 0.929549 -0.453537 0.050994
