0 0.349599 0.683596 -0.440917 -0.836060
0 0.349345 0.682786 -0.440860 -0.835910
0 0.344067 0.688193 -0.441398 -0.830123
0 0.344381 0.688387 -0.441028 -0.828787
0 0.344463 0.681357 -0.440881 -0.836724
0 0.344518 0.679993 -0.440215 -0.838057
0 0.344353 0.681540 -0.440363 -0.836109
0 0.343883 0.686439 -0.442159 -0.840827
0 0.343270 0.687648 -0.442395 -0.838665
0 0.343487 0.685895 -0.442094 -0.840137
0 0.342654 0.676513 -0.443079 -0.842101
0 0.342728 0.676953 -0.443050 -0.841590
0 0.354629 0.677608 -0.432774 -0.839049
0 0.354007 0.677911 -0.433771 -0.838437
0 0.354158 0.676988 -0.433648 -0.839764
0 0.334486 0.679955 -0.445304 -0.837171
0 0.348686 0.673574 -0.437388 -0.843325
0 0.450923 0.618967 -0.498022 -0.892284
0 0.337197 0.676679 -0.441712 -0.843292
0 0.534422 0.523552 -0.929960 -0.752429
0 0.534370 0.523183 -0.930411 -0.753706
0 0.533235 0.517026 -0.936193 -0.761205
0 0.533790 0.522752 -0.931716 -0.753484
0 0.452369 0.626071 -0.494322 -0.883214
0 0.533331 0.517049 -0.936126 -0.760733
0 0.448608 0.611224 -0.500959 -0.891499
0 0.342019 0.676097 -0.446910 -0.837774
0 0.449068 0.617590 -0.511895 -0.896404
0 0.535686 0.520562 -0.931585 -0.754883
0 0.536079 0.519626 -0.930743 -0.757660
0 0.535962 0.520499 -0.930931 -0.754291
0 0.332842 0.692959 -0.447170 -0.831674
0 0.341684 0.719220 -0.445828 -0.803964
0 0.342605 0.721365 -0.444415 -0.799534
0 0.363797 0.673334 -0.420464 -0.841519
0 0.442715 0.787200 -0.485625 -0.933549
0 0.535666 0.518849 -0.930764 -0.760129
0 0.538414 0.515930 -0.926112 -0.763169
0 0.535975 0.518747 -0.930182 -0.760908
0 0.448192 0.616138 -0.504988 -0.898907
0 0.447902 0.615472 -0.505718 -0.900423
0 0.449159 0.623914 -0.511558 -0.888076
0 0.361469 0.696342 -0.430473 -0.829774
0 0.448404 0.615190 -0.505061 -0.901431
0 0.442626 0.786902 -0.484586 -0.934758
0 0.535894 0.519994 -0.930073 -0.758333
0 0.361922 0.695495 -0.430002 -0.831580
