0 0.335869 1.018430 0.132716 -0.708766
0 0.337542 1.018254 0.136076 -0.707231
0 0.337109 1.018727 0.135380 -0.706375
0 0.334577 1.017981 0.131237 -0.712173
0 0.335087 1.017337 0.132574 -0.712802
0 0.336049 1.018187 0.133995 -0.711864
0 0.331233 1.021049 0.140411 -0.706443
0 0.331315 1.020690 0.139948 -0.705633
0 0.330603 1.021374 0.138647 -0.709837
0 0.333620 0.997806 0.127051 -0.750154
0 0.348574 0.433695 -0.335258 -0.575474
0 0.348254 0.430390 -0.333445 -0.566675
0 0.350862 0.434965 -0.331823 -0.573464
0 0.350718 0.434668 -0.332605 -0.574273
0 0.349947 0.439331 -0.335546 -0.583617
0 0.350050 0.438925 -0.335066 -0.584674
0 0.351172 0.435004 -0.331121 -0.574062
0 0.349283 0.438641 -0.337512 -0.585074
0 0.339643 1.005737 0.144639 -0.724450
0 0.702463 0.839488 -0.911561 -0.445011
0 0.705063 0.838974 -0.895508 -0.439793
0 0.348535 0.439080 -0.334451 -0.566781
0 0.337983 1.005237 0.161005 -0.736090
0 0.702158 0.830270 -0.912995 -0.457877
0 0.705574 0.831193 -0.893887 -0.453255
0 0.706069 0.837490 -0.893728 -0.442230
0 0.701642 0.838369 -0.914566 -0.448075
0 0.349637 0.439198 -0.331943 -0.554715
0 0.346114 0.425359 -0.333098 -0.566485
0 0.346723 0.425658 -0.331422 -0.566817
0 0.330896 1.015625 0.140673 -0.709636
0 0.332267 1.015418 0.141760 -0.708852
0 0.331564 1.015597 0.141484 -0.707605
