0 0.513508 0.745526 -0.401787 -0.490542
0 0.514220 0.745968 -0.400347 -0.490607
0 0.514203 0.746058 -0.401064 -0.488502
0 0.513708 0.743236 -0.397051 -0.494284
0 0.513198 0.743581 -0.397871 -0.493445
0 0.514963 0.744867 -0.395340 -0.489476
0 0.516465 0.750887 -0.393742 -0.484822
0 0.521284 0.743759 -0.379608 -0.493874
0 0.516804 0.752774 -0.393720 -0.481196
0 0.517147 0.751091 -0.393400 -0.483525
0 0.521391 0.738410 -0.379783 -0.505358
0 0.818130 1.143111 -0.236833 -0.869984
0 0.816168 1.144208 -0.236573 -0.867267
0 0.816747 1.143666 -0.236771 -0.867924
0 0.513454 0.735843 -0.392596 -0.492788
0 0.513079 0.732373 -0.392476 -0.502413
0 0.520133 0.758951 -0.381232 -0.484942
