0 0.666676 0.472859 -1.091248 -0.377732
0 0.666537 0.473667 -1.090605 -0.375931
0 0.665938 0.475113 -1.092328 -0.376997
0 0.665985 0.476546 -1.091344 -0.374729
0 0.665943 0.474381 -1.091702 -0.377620
0 0.667974 0.468345 -1.088786 -0.382308
0 0.667705 0.467671 -1.088931 -0.384203
0 0.651985 0.337114 -1.209439 -0.440354
0 0.665182 0.487711 -1.095674 -0.366533
0 0.667461 0.476202 -1.092726 -0.376169
0 0.652137 0.336823 -1.210273 -0.440869
0 0.652166 0.336330 -1.209968 -0.442434
0 0.668898 0.477662 -1.090057 -0.372918
0 0.664923 0.489362 -1.095487 -0.365612
0 0.668870 0.476775 -1.090098 -0.374262
0 0.836675 1.057933 0.156762 0.289192
0 0.651901 0.332786 -1.214768 -0.445129
0 0.650936 0.341859 -1.215376 -0.435071
0 0.651942 0.345525 -1.209521 -0.433606
0 0.650793 0.331101 -1.215553 -0.446244
0 0.651579 0.346279 -1.210994 -0.432730
0 0.651906 0.351377 -1.210338 -0.428633
0 0.651346 0.333532 -1.214889 -0.443847
0 0.650670 0.341773 -1.214971 -0.435399
0 0.650749 0.466158 -1.216491 -0.359807
0 0.651760 0.457122 -1.211967 -0.355703
0 0.651689 0.456249 -1.212484 -0.356415
0 0.651528 0.456436 -1.212628 -0.356737
0 0.651211 0.463870 -1.215589 -0.362977
0 0.651196 0.467307 -1.215875 -0.358052
0 0.663000 0.468043 -1.093535 -0.375524
0 0.650571 0.359158 -1.216302 -0.428682
0 0.651083 0.359048 -1.215184 -0.428028
