0 0.475301 0.789590 -0.548096 -0.267118
0 0.475992 0.787966 -0.546907 -0.271360
0 0.466320 0.776829 -0.538579 -0.563559
0 0.466385 0.776588 -0.538308 -0.563916
0 0.472463 0.803218 -0.540576 -0.418034
0 0.477518 0.787808 -0.542488 -0.287380
0 0.472039 0.805115 -0.540568 -0.412168
0 0.475566 0.790187 -0.551062 -0.265300
0 0.475380 0.787736 -0.551026 -0.267812
0 0.477243 0.789448 -0.542844 -0.283567
0 0.478215 0.789793 -0.541708 -0.268839
0 0.474318 0.802065 -0.537218 -0.421268
0 0.470932 0.776847 -0.533200 -0.563992
0 0.476213 0.788688 -0.546932 -0.267093
0 0.473119 0.782900 -0.555745 -0.269423
0 0.473264 0.779594 -0.554738 -0.269278
0 0.469015 0.777977 -0.545105 -0.574751
0 0.468637 0.777692 -0.546041 -0.573286
0 0.475138 0.783924 -0.540208 -0.526991
0 0.459745 0.780312 -0.548073 -0.569021
0 0.476408 0.783822 -0.538642 -0.523829
0 0.460685 0.780531 -0.546556 -0.570090
0 0.468892 0.773665 -0.545454 -0.584243
0 0.477935 0.817539 -0.534646 -0.305003
0 0.460598 0.775349 -0.546536 -0.580970
0 0.461497 0.788865 -0.544616 -0.523203
0 0.472357 0.787246 -0.541695 -0.277325
0 0.462248 0.787119 -0.544349 -0.521689
0 0.474503 0.796031 -0.542023 -0.452209
0 0.474442 0.800737 -0.542567 -0.446669
0 0.475971 0.818141 -0.538811 -0.318759
0 0.471800 0.786096 -0.541613 -0.279446
