0 0.293818 0.708517 -0.072610 -0.168785
0 0.421645 0.784736 -0.342544 -0.098046
0 0.293535 0.711720 -0.072612 -0.163108
0 0.294234 0.711720 -0.072309 -0.163741
0 0.422515 0.784528 -0.340544 -0.097495
0 0.288693 0.707938 -0.068873 -0.178268
0 0.288910 0.708728 -0.068737 -0.177335
0 0.288442 0.708734 -0.069659 -0.178227
0 0.493412 0.805408 -0.530748 -0.020608
0 0.418045 0.792288 -0.348304 -0.094052
0 0.496859 0.806816 -0.525013 -0.018107
0 0.418464 0.792667 -0.347027 -0.093238
0 0.297166 0.719952 -0.068458 -0.142645
0 0.297468 0.721291 -0.068447 -0.142342
0 0.291908 0.726071 -0.073949 -0.150146
0 0.297077 0.720492 -0.068778 -0.141613
0 0.609008 0.770555 -0.657200 -0.025021
0 0.617364 0.783496 -0.643150 -0.023056
0 0.610577 0.769730 -0.654795 -0.026582
0 0.619313 0.783738 -0.640531 -0.023619
0 0.417372 0.761337 -0.341028 -0.109794
0 0.417232 0.760775 -0.340155 -0.111501
0 0.496363 0.799437 -0.530212 -0.019764
0 0.499626 0.800321 -0.525575 -0.017055
0 0.422691 0.789868 -0.332149 -0.081666
0 0.418403 0.752890 -0.339473 -0.118694
0 0.681245 0.783228 -0.615904 -0.049119
0 0.680032 0.783643 -0.619371 -0.047590
0 0.352116 0.750807 -0.235788 -0.063400
0 0.422762 0.767652 -0.332853 -0.095740
0 0.491933 0.809860 -0.533109 0.033375
0 0.421816 0.770103 -0.342714 -0.125344
0 0.494513 0.808588 -0.531099 0.030586
0 0.296825 0.723666 -0.050030 -0.152249
0 0.357915 0.750530 -0.227457 -0.062707
0 0.630841 0.769462 -0.665151 -0.025750
0 0.631788 0.769508 -0.663899 -0.025807
0 0.507194 0.797423 -0.523214 0.021177
0 0.506979 0.797709 -0.522018 0.020775
0 0.352399 0.741366 -0.235124 -0.079934
0 0.283917 0.719447 -0.057051 -0.141028
0 0.284242 0.721454 -0.055840 -0.138663
0 0.418052 0.759862 -0.321060 -0.106064
0 0.286909 0.705876 -0.080742 -0.171645
0 0.286164 0.719271 -0.052804 -0.142073
0 0.417638 0.780315 -0.350174 -0.121294
0 0.345512 0.722262 -0.245214 -0.132632
0 0.611892 0.743930 -0.666603 -0.073237
0 0.416014 0.776143 -0.323178 -0.102487
0 0.629241 0.771065 -0.589019 -0.045760
0 0.346958 0.724058 -0.240216 -0.126920
0 0.626808 0.748806 -0.597897 -0.067206
0 0.347744 0.734129 -0.197011 -0.089346
0 0.282374 0.702676 -0.068151 -0.176273
0 0.625690 0.754269 -0.639844 -0.077893
0 0.364405 0.721139 -0.219073 -0.135469
