0 0.674886 0.247116 -1.072803 -0.250175
0 0.674153 0.231708 -1.079677 -0.264206
0 0.674959 0.248990 -1.072192 -0.248381
0 0.673852 0.232082 -1.080006 -0.264009
0 0.673172 0.239663 -1.080057 -0.258677
0 0.673952 0.231827 -1.080056 -0.264838
0 0.670208 0.233710 -1.087982 -0.265098
0 0.674449 0.244637 -1.077680 -0.254751
0 0.672589 0.226527 -1.088389 -0.268048
0 0.672705 0.226237 -1.087848 -0.267936
0 0.672641 0.226279 -1.088549 -0.267934
0 0.672102 0.227601 -1.093054 -0.266873
0 0.890976 0.914786 0.547312 0.315604
0 0.671403 0.239446 -1.085332 -0.257750
0 0.670889 0.227497 -1.095266 -0.267221
0 0.674908 0.229642 -1.085585 -0.263967
0 0.670126 0.226999 -1.083198 -0.268389
0 0.673874 0.229883 -1.087441 -0.262963
0 0.673999 0.229011 -1.087334 -0.264019
0 0.675557 0.261906 -1.072077 -0.237251
0 0.675540 0.261506 -1.073026 -0.237470
0 0.676075 0.262159 -1.071660 -0.235512
0 0.667415 0.227013 -1.087395 -0.268470
0 0.673522 0.237563 -1.088457 -0.260865
0 0.669716 0.237247 -1.078374 -0.255627
0 0.669323 0.237365 -1.078991 -0.255146
0 0.669111 0.236514 -1.079366 -0.256242
