0 0.146678 0.999949 0.095815 -1.092998
0 0.146500 0.999158 0.096064 -1.095613
0 0.146970 0.993973 0.089125 -1.143189
0 0.145595 0.996959 0.086346 -1.136912
0 0.147067 0.997700 0.089672 -1.135914
0 0.145255 1.003124 0.083995 -1.109430
0 0.147413 0.993522 0.095245 -1.138202
0 0.147749 0.997650 0.095069 -1.130845
0 0.146071 1.002075 0.085533 -1.109735
0 0.147365 0.992584 0.084348 -1.129722
0 0.147739 0.997952 0.095451 -1.130834
0 0.147621 0.991024 0.085115 -1.133049
0 0.146981 1.012835 0.095795 -1.053328
0 0.145867 0.999486 0.084692 -1.120575
0 0.146359 1.008753 0.095129 -1.059575
0 0.146736 0.990932 0.093358 -1.152408
0 0.146833 0.991243 0.092955 -1.152023
0 0.146785 1.001145 0.095442 -1.096573
0 0.146195 0.998782 0.093358 -1.099392
0 0.152476 0.999087 0.101294 -1.092570
0 0.145637 0.998609 0.093051 -1.107122
0 0.145092 1.001577 0.100813 -1.088306
0 0.841525 1.265097 0.540667 0.703708
0 0.145679 1.002036 0.100834 -1.088579
0 0.253553 0.968642 -0.248553 -1.019301
0 0.253901 0.969396 -0.247054 -1.016087
