0 0.565739 0.166512 -0.700835 -0.024249
0 0.565965 0.167109 -0.700697 -0.023406
0 0.567434 0.167860 -0.696927 -0.019926
0 0.665892 0.205083 -0.975349 -0.031459
0 0.567257 0.168752 -0.696744 -0.019167
0 0.566582 0.166628 -0.698947 -0.024858
0 0.446800 0.511230 0.284683 0.277333
0 0.563984 0.170664 -0.702556 -0.019425
0 0.563767 0.163547 -0.712933 -0.030430
0 0.675354 0.202856 -0.969532 -0.032725
0 0.675190 0.203479 -0.969463 -0.031486
0 0.675188 0.202258 -0.969567 -0.033734
0 0.564182 0.171097 -0.702749 -0.017488
0 0.479316 0.156545 -0.647343 0.006429
0 0.480443 0.158538 -0.648431 0.009644
0 0.480240 0.158268 -0.648612 0.009429
0 0.599428 0.166211 -0.924816 -0.042264
0 0.599793 0.164812 -0.927201 -0.037144
0 0.480217 0.158544 -0.648856 0.010234
0 0.478676 0.158206 -0.649516 0.013142
0 0.478964 0.158474 -0.649917 0.014274
0 0.677927 0.201633 -0.974367 -0.034740
0 0.677496 0.201040 -0.974718 -0.035047
0 0.566434 0.167314 -0.695969 -0.024286
0 0.598922 0.166088 -0.926529 -0.043508
0 0.872046 0.856723 0.361840 0.171343
0 0.599091 0.166168 -0.925928 -0.044249
0 0.564320 0.170729 -0.703960 -0.010867
0 0.564890 0.171769 -0.703706 -0.009232
0 0.599003 0.166382 -0.926613 -0.043610
0 0.475022 0.158247 -0.650603 0.008641
0 0.566637 0.166843 -0.695809 -0.023934
0 0.663538 0.201764 -0.980576 -0.035213
0 0.480309 0.158295 -0.646927 0.017137
0 0.664679 0.201774 -0.978782 -0.034312
0 0.480151 0.158199 -0.647853 0.017555
0 0.475250 0.157974 -0.650542 0.008720
0 0.598804 0.164011 -0.932981 -0.044713
0 0.597104 0.166648 -0.926791 -0.044058
0 0.664677 0.201584 -0.978554 -0.035684
0 0.475332 0.157836 -0.650133 0.008442
0 0.597723 0.166877 -0.925846 -0.043768
0 0.600288 0.167513 -0.926316 -0.032930
0 0.564750 0.166604 -0.698328 -0.024418
0 0.597221 0.166986 -0.926645 -0.043404
0 0.599703 0.167821 -0.924238 -0.040448
0 0.662046 0.334030 -1.118379 0.045645
0 0.477878 0.155326 -0.646285 0.004634
0 0.676329 0.204463 -0.973010 -0.031348
0 0.674965 0.203703 -0.975639 -0.031620
0 0.661773 0.334135 -1.117463 0.044114
0 0.676183 0.205269 -0.973699 -0.029727
0 0.663775 0.205410 -0.975325 -0.032375
0 0.565570 0.167630 -0.706627 -0.026126
0 0.566109 0.168126 -0.705607 -0.024734
0 0.662224 0.341029 -1.118918 0.058551
0 0.661275 0.341245 -1.121719 0.058394
0 0.661325 0.338199 -1.121477 0.053078
0 0.664667 0.301554 -1.087831 0.050222
0 0.599261 0.167061 -0.928409 -0.048250
0 0.666019 0.304760 -1.081164 0.049240
0 0.679703 0.194414 -0.948835 -0.033360
0 0.599046 0.163257 -0.931080 -0.041520
0 0.599156 0.163025 -0.931104 -0.042226
0 0.599290 0.162919 -0.931275 -0.042177
0 0.486499 0.165797 -0.648192 0.018797
0 0.678172 0.195104 -0.949027 -0.033335
0 0.656281 0.335775 -1.123673 0.041116
0 0.489220 0.165754 -0.644522 0.017221
0 0.656009 0.337197 -1.124689 0.043228
0 0.565491 0.168057 -0.705276 -0.025663
0 0.656210 0.337456 -1.123553 0.040591
0 0.595556 0.164276 -0.923925 -0.044148
0 0.597724 0.167477 -0.915715 -0.047736
0 0.477898 0.159891 -0.650567 0.014957
0 0.682010 0.209318 -0.964639 -0.024408
0 0.661653 0.329232 -1.123658 0.026623
0 0.592116 0.162843 -0.944806 -0.047261
0 0.482823 0.159129 -0.648321 0.008042
0 0.482981 0.158650 -0.647758 0.006694
0 0.482896 0.158929 -0.647607 0.008339
0 0.564202 0.162748 -0.698018 -0.030841
0 0.661586 0.330301 -1.122400 0.028311
0 0.474141 0.158406 -0.649389 0.013408
0 0.564069 0.166369 -0.718558 -0.028400
0 0.664810 0.199684 -0.984291 -0.032680
0 0.601989 0.159997 -0.942434 -0.047463
0 0.399889 0.157659 -0.620094 0.046787
0 0.399939 0.156550 -0.613274 0.046181
0 0.399708 0.158253 -0.620520 0.047542
0 0.399813 0.158845 -0.620362 0.048850
0 0.424974 0.154661 -0.601771 0.040065
0 0.394012 0.187094 -0.281858 0.028596
0 0.394125 0.187251 -0.281594 0.027578
0 0.432840 0.155122 -0.595962 0.040265
0 0.661630 0.342352 -1.121680 0.078366
0 0.397218 0.156802 -0.623748 0.041125
0 0.397350 0.157918 -0.623801 0.043463
0 0.662077 0.341841 -1.119895 0.077056
0 0.596643 0.149112 -0.940501 -0.045817
0 0.404067 0.159311 -0.617179 0.055397
0 0.404227 0.160026 -0.617218 0.056366
