0 0.360745 1.256620 -0.290323 -0.115062
0 0.706255 0.950707 -0.886895 -0.685189
0 0.706128 0.949886 -0.887460 -0.685428
0 0.649606 0.618631 -0.670978 -0.843972
0 0.706323 0.950055 -0.886853 -0.684822
0 0.650218 0.618788 -0.669719 -0.841816
0 0.705616 0.951030 -0.889196 -0.688783
0 0.705876 0.953280 -0.889379 -0.687935
0 0.364145 1.257232 -0.286065 -0.114122
0 0.704969 0.952293 -0.891540 -0.687081
0 0.362955 1.249093 -0.296493 -0.130994
0 0.364056 1.250660 -0.291160 -0.127461
0 0.647233 0.617207 -0.675199 -0.844785
0 0.171008 1.081330 0.115130 -1.202284
0 0.170017 1.081570 0.114135 -1.200108
0 0.648144 0.617540 -0.673009 -0.845209
0 0.171184 1.080717 0.114959 -1.202921
0 0.705345 0.861871 -0.894805 -0.752594
0 0.654796 0.619873 -0.671914 -0.837400
0 0.655358 0.620108 -0.671921 -0.836598
0 0.359131 1.252180 -0.285202 -0.162130
0 0.705759 0.851173 -0.893925 -0.764133
0 0.290067 0.814565 0.015216 -0.691821
0 0.643567 0.622364 -0.679018 -0.819660
0 0.644403 0.624615 -0.677063 -0.817110
0 0.175138 1.077922 0.116572 -1.203766
0 0.174966 1.078309 0.116238 -1.201005
0 0.656693 0.620803 -0.666253 -0.842116
0 0.289811 0.814696 0.013628 -0.690183
0 0.175689 1.077614 0.116264 -1.205078
0 0.289843 0.811151 0.015262 -0.694796
0 0.656428 0.620602 -0.665937 -0.841223
0 0.707043 0.920244 -0.891228 -0.706509
0 0.364226 1.254623 -0.274581 -0.158221
0 0.823717 1.155700 -0.189008 -0.713755
0 0.294404 0.820856 0.017279 -0.687613
0 0.820683 1.158195 -0.195738 -0.708057
0 0.824334 1.156990 -0.188892 -0.710653
0 0.293993 0.820739 0.017202 -0.688252
0 0.364291 1.258730 -0.306836 -0.144963
0 0.294408 0.821514 0.015771 -0.684758
0 0.170901 1.070814 0.115727 -1.241334
0 0.170703 1.071975 0.115037 -1.240011
0 0.707564 0.966929 -0.888585 -0.702256
0 0.366852 1.196195 -0.276349 -0.183484
0 0.704626 0.906228 -0.889244 -0.705891
0 0.703787 0.901315 -0.896347 -0.703083
0 0.705684 1.069741 -0.882236 -0.588083
0 0.705119 0.904456 -0.888567 -0.708301
0 0.704030 0.898869 -0.896708 -0.706619
0 0.705912 1.058962 -0.882012 -0.611022
0 0.707317 0.921211 -0.887017 -0.709956
0 0.174146 1.087793 0.118173 -1.149133
0 0.705935 1.061395 -0.882707 -0.608965
0 0.706286 0.870347 -0.885910 -0.747230
0 0.703583 0.903501 -0.896930 -0.700247
0 0.705436 0.907293 -0.887356 -0.702964
0 0.175493 1.085856 0.118442 -1.152662
0 0.172069 1.085951 0.117111 -1.149488
0 0.825092 1.162626 -0.148762 -0.700937
0 0.368021 1.260596 -0.294449 -0.147127
