0 0.618233 0.916199 -0.642421 -0.284888
0 0.618351 0.915395 -0.641875 -0.285758
0 0.617975 0.915989 -0.642977 -0.287207
0 0.613949 0.907833 -0.649109 -0.332115
0 0.615260 0.918411 -0.662998 -0.290068
0 0.615320 0.915746 -0.663632 -0.292484
0 0.614342 0.918308 -0.662804 -0.292894
0 0.420606 0.725794 -0.020559 0.339837
0 0.419836 0.724174 -0.017793 0.341607
0 0.609121 0.905045 -0.665651 -0.321169
0 0.619409 0.918755 -0.625999 -0.318948
0 0.619917 0.922233 -0.625469 -0.311546
0 0.578914 0.918765 -0.656171 -0.275707
0 0.617006 0.918065 -0.630112 -0.320786
0 0.576922 0.917893 -0.657011 -0.274026
0 0.419433 0.715414 -0.018398 0.325566
0 0.609591 0.908341 -0.702923 -0.329912
0 0.605340 0.897596 -0.637765 -0.356918
0 0.589867 0.919235 -0.640630 -0.275955
0 0.557067 0.625880 -0.740816 0.028525
0 0.412998 0.715913 -0.077260 0.336668
0 0.418213 0.786417 -0.026910 0.385723
0 0.419274 0.782607 -0.021449 0.379601
0 0.413712 0.713911 -0.071470 0.336231
0 0.557455 0.624149 -0.739385 0.026369
0 0.612691 0.906157 -0.700655 -0.311160
0 0.413887 0.705925 -0.070885 0.321221
0 0.557020 0.544716 -0.740864 -0.031979
0 0.557234 0.543347 -0.740866 -0.035437
0 0.414029 0.790606 -0.086732 0.389310
0 0.610043 0.915517 -0.661087 -0.289241
0 0.610169 0.915368 -0.661886 -0.289314
0 0.609593 0.909998 -0.661346 -0.300166
0 0.414665 0.786809 -0.083028 0.381139
0 0.555427 0.727118 -0.744750 0.080215
0 0.554967 0.730126 -0.745428 0.070626
0 0.590181 0.904202 -0.672484 -0.319408
