0 0.897198 1.344620 0.602045 0.204831
0 0.421013 0.665565 -0.656698 -1.007063
0 0.418287 0.660754 -0.656911 -1.010194
0 0.418202 0.660324 -0.657091 -1.011673
0 0.418501 0.660174 -0.656208 -1.011012
0 0.420499 0.659467 -0.654951 -1.012466
0 0.415918 0.659839 -0.662808 -1.009473
0 0.419971 0.659132 -0.655285 -1.012906
0 0.425275 0.662976 -0.644489 -1.011348
0 0.423405 0.669303 -0.644430 -0.981123
0 0.415738 0.657867 -0.663278 -1.014239
0 0.415656 0.657861 -0.662854 -1.012996
0 0.819106 1.459642 0.481855 0.513634
0 0.421169 0.659128 -0.653944 -1.023655
0 0.420466 0.660117 -0.654601 -1.021845
