0 0.273086 1.241370 0.185762 -0.193462
0 0.272640 1.241516 0.185803 -0.194425
0 0.268516 1.243504 0.176839 -0.185745
0 0.267988 1.245286 0.175494 -0.183449
0 0.269099 1.240612 0.178659 -0.213965
0 0.267579 1.243499 0.175577 -0.208329
0 0.268242 1.231317 0.174104 -0.202283
0 0.279508 1.239233 0.183554 -0.236685
0 0.669229 1.330771 0.013762 0.292205
0 0.282097 1.241394 0.190594 -0.232086
0 0.655758 1.338332 0.055756 0.283748
0 0.364397 1.327737 -0.105777 0.243324
0 0.366993 1.330578 -0.102058 0.248911
0 0.356168 1.285458 -0.097542 0.009771
0 0.281769 1.223811 0.174103 -0.228630
0 0.360364 1.286491 -0.088947 0.013730
0 0.657070 1.379505 -0.042461 0.534861
0 0.661367 1.382732 -0.033456 0.543741
