0 0.575081 0.342267 0.036051 -0.316285
0 0.875285 0.755902 0.067423 -0.344776
0 0.874883 0.752078 0.066345 -0.352011
0 0.418849 0.132856 -0.309251 0.087843
0 0.921798 0.342030 -0.275960 0.224594
0 0.574006 0.342381 0.033257 -0.314368
0 0.875596 0.756273 0.068802 -0.342973
0 0.921876 0.341785 -0.275738 0.222816
0 0.926344 0.342934 -0.267575 0.227108
0 0.418857 0.133211 -0.307948 0.088219
0 0.579985 0.339002 0.038777 -0.318295
0 0.418750 0.135191 -0.309651 0.090636
0 0.317697 0.078362 -0.245270 0.052498
0 0.419334 0.134121 -0.310763 0.088593
0 0.578657 0.339731 0.036289 -0.315786
0 0.317321 0.078431 -0.246185 0.051788
0 0.317548 0.078509 -0.244961 0.051507
0 0.857092 0.347488 -0.320471 0.228786
0 0.418563 0.134529 -0.310261 0.088791
0 0.859410 0.347083 -0.322387 0.228158
0 0.441362 0.165672 -0.322970 0.112040
0 0.855864 0.346551 -0.327453 0.226415
0 0.439809 0.166298 -0.326908 0.112160
0 0.317886 0.078051 -0.244789 0.052628
0 0.895408 0.743840 0.109734 -0.356949
0 0.990994 0.693657 -0.866935 0.404537
0 0.575288 0.345956 0.035043 -0.298118
0 0.895113 0.744444 0.108777 -0.356059
0 0.902400 0.035611 -1.407051 0.022800
0 0.431462 0.181778 -0.445138 0.120064
0 0.895230 0.744627 0.109782 -0.354975
0 0.991807 0.691076 -0.867573 0.401847
0 0.431767 0.181530 -0.446000 0.119772
0 0.578863 0.342083 0.036419 -0.307613
0 0.320533 0.079861 -0.240258 0.055712
0 0.431639 0.182310 -0.446335 0.120412
0 0.906467 0.035393 -1.398277 0.022518
0 0.924684 0.034150 -1.276700 0.023434
0 0.412538 0.123371 -0.312908 0.084021
0 0.311149 0.078700 -0.239524 0.052303
0 0.427408 0.144050 -0.302314 0.092814
0 0.426805 0.145167 -0.303249 0.094279
0 0.431746 0.177003 -0.434975 0.113093
0 0.905606 0.036090 -1.398301 0.022760
0 0.429780 0.177274 -0.435429 0.113333
0 0.471751 0.167368 -0.270294 0.112933
0 0.421908 0.143710 -0.310476 0.091370
0 0.742960 0.349442 -0.394138 0.232669
0 0.391940 0.130369 -0.321962 0.086529
0 0.742689 0.349478 -0.393090 0.231770
0 0.997026 0.918483 -0.843796 0.517575
0 0.407370 0.130393 -0.311357 0.084391
0 0.406158 0.129573 -0.313140 0.084014
0 0.304855 0.077181 -0.250555 0.050249
0 0.901561 0.035016 -1.414539 0.024572
0 0.305162 0.078064 -0.250288 0.052605
0 0.303188 0.077766 -0.252342 0.050876
0 0.390991 0.131196 -0.323533 0.087915
0 0.999319 0.910644 -0.844260 0.498367
0 0.744544 0.350031 -0.393019 0.232863
0 0.437100 0.185053 -0.438380 0.123193
0 0.902272 0.035037 -1.413536 0.024225
0 0.437842 0.185654 -0.436798 0.124272
0 0.436152 0.185217 -0.437309 0.123387
0 0.386758 0.130459 -0.327126 0.086234
0 0.435394 0.143720 -0.296243 0.093714
0 0.588655 0.341036 0.044679 -0.312523
0 0.590105 0.340527 0.047015 -0.314206
0 0.922421 0.034593 -1.286017 0.023679
0 0.993638 0.857961 -0.862220 0.475002
0 0.591153 0.338616 0.037787 -0.333913
0 0.995790 0.859685 -0.861895 0.477966
0 0.482306 0.173392 -0.390719 0.112707
0 0.479268 0.173888 -0.392622 0.113626
0 0.760808 0.352637 -0.386781 0.242715
0 0.422541 0.178756 -0.419286 0.117040
0 0.994104 0.761319 -0.864589 0.415756
0 0.422349 0.179393 -0.420402 0.117266
0 0.313068 0.080450 -0.236299 0.055653
0 0.584827 0.341748 0.039786 -0.311026
0 0.317246 0.076517 -0.239340 0.049514
0 0.994759 0.758814 -0.866428 0.413965
0 0.897185 0.037302 -1.447839 0.025147
0 0.420121 0.179312 -0.424905 0.117208
0 0.366964 0.103766 -0.252992 0.074221
0 0.896681 0.037890 -1.451204 0.025486
0 0.878798 0.744883 0.085716 -0.340197
0 0.878473 0.744707 0.087721 -0.340790
0 0.355406 0.102122 -0.266820 0.071922
0 0.589468 0.333445 0.033571 -0.354231
0 0.292600 0.075907 -0.257669 0.047934
0 0.583088 0.339280 0.021400 -0.332909
0 0.907927 0.038855 -1.372642 0.027120
0 0.292203 0.078138 -0.242364 0.047743
0 0.878298 0.743825 0.085531 -0.341531
