0 0.778482 1.392579 -0.447399 0.633831
0 0.778067 1.410908 -0.447947 0.668189
0 0.377248 1.386483 0.218841 0.728782
0 0.546675 1.335215 0.347356 0.279486
0 0.777601 1.358086 -0.454560 0.449555
0 0.462963 1.317515 -0.171815 0.179269
0 0.776862 1.355204 -0.455412 0.440380
0 0.463525 1.317251 -0.171701 0.180846
0 0.781035 1.377290 -0.439628 0.614996
0 0.779749 1.389657 -0.440771 0.641301
0 0.466894 1.310081 -0.202061 0.165295
0 0.468274 1.312195 -0.200326 0.167579
0 0.410826 1.343769 0.269533 0.333180
0 0.460239 1.307134 -0.185011 0.166257
0 0.460669 1.303070 -0.185840 0.157741
