0 0.547882 1.134218 -0.645671 -0.031566
0 0.549375 1.134327 -0.641210 -0.031326
0 0.343750 1.135467 -0.223054 -0.035402
0 0.327638 1.133598 -0.229341 -0.022878
0 0.435640 1.109420 -0.572492 -0.114781
0 0.348073 1.135870 -0.218445 -0.033761
0 0.551361 1.131669 -0.646864 -0.005549
0 0.545717 1.136817 -0.652069 0.007228
0 0.333701 1.137599 -0.226454 -0.017124
0 0.546562 1.135469 -0.650383 0.004222
0 0.393480 1.108888 -0.377070 -0.115012
0 0.396969 1.127589 -0.353198 -0.056328
0 0.548455 1.128264 -0.653861 -0.032041
0 0.547580 1.129842 -0.653191 -0.027139
0 0.403311 1.128631 -0.323979 -0.052923
0 0.398941 1.111389 -0.355013 -0.112222
0 0.550873 1.139815 -0.632368 0.004833
0 0.551017 1.130364 -0.645037 -0.037537
0 0.398903 1.152559 -0.365647 0.021588
0 0.403003 1.158595 -0.325402 0.040529
0 0.552240 1.143776 -0.616215 -0.023022
0 0.425916 1.105876 -0.585242 -0.108037
0 0.325093 1.143910 -0.231361 0.040147
0 0.348395 1.153368 -0.221198 0.037048
0 0.329240 1.149708 -0.229493 0.049632
0 0.340907 1.155240 -0.225321 0.041652
0 0.557708 1.117061 -0.560572 -0.083752
0 0.322402 1.150183 -0.228048 0.037218
0 0.404416 1.153518 -0.351947 -0.005197
0 0.431949 1.117130 -0.584385 -0.029354
0 0.559519 1.119106 -0.560414 -0.076512
0 0.342334 1.155006 -0.223197 0.040333
0 0.402219 1.159496 -0.315710 0.014044
