0 0.453035 0.550091 -0.597645 -0.800711
0 0.452482 0.549076 -0.598724 -0.802005
0 0.452341 0.549892 -0.598980 -0.800419
0 0.448347 0.554801 -0.602693 -0.790645
0 0.642142 0.971327 -0.623846 -1.008902
0 0.642216 0.971004 -0.624581 -1.007999
0 0.448509 0.553790 -0.602283 -0.793263
0 0.455374 0.553648 -0.594246 -0.796930
0 0.451982 0.553119 -0.599753 -0.794000
0 0.455513 0.551890 -0.594572 -0.799372
0 0.454630 0.551568 -0.596386 -0.800610
0 0.638059 0.968556 -0.642675 -1.012810
0 0.642457 0.972064 -0.623971 -1.006717
0 0.637317 0.968085 -0.643610 -1.013688
0 0.454726 0.551818 -0.596650 -0.799321
0 0.451636 0.552833 -0.600027 -0.794772
0 0.452716 0.554685 -0.599903 -0.789920
0 0.452427 0.554877 -0.600059 -0.789943
0 0.638855 0.969025 -0.643069 -1.011880
0 0.649014 0.970711 -0.617363 -1.006690
0 0.640772 0.972150 -0.636766 -1.003674
0 0.453994 0.552094 -0.594013 -0.801784
0 0.246432 1.128881 -0.158785 0.421135
0 0.649413 0.968909 -0.617224 -1.016593
0 0.242110 1.178339 -0.147983 0.451438
0 0.248933 1.200847 -0.153653 0.482442
0 0.591381 1.027083 -0.231304 -0.656467
0 0.639497 0.964030 -0.619277 -1.010557
0 0.589603 1.025044 -0.236534 -0.660606
0 0.640562 0.966252 -0.616114 -1.007014
0 0.641905 0.965555 -0.614138 -1.007461
0 0.589384 1.026204 -0.237950 -0.659752
0 0.244626 1.134573 -0.148915 0.423270
0 0.240156 0.938540 -0.010578 -1.208790
0 0.240010 0.938744 -0.010715 -1.209150
0 0.239657 0.939180 -0.007462 -1.205284
0 0.640062 0.969216 -0.636867 -1.014622
0 0.239218 0.938749 -0.013580 -1.208805
0 0.239051 0.937209 -0.009660 -1.199717
0 0.240014 0.941308 -0.006864 -1.203821
0 0.338674 1.013838 -0.298947 -0.585124
0 0.239941 0.939175 -0.007435 -1.205230
0 0.248679 0.861155 -0.147659 0.218291
0 0.239057 0.937468 -0.009479 -1.200149
0 0.338800 1.014881 -0.298813 -0.584703
0 0.333702 1.006868 -0.313418 -0.565385
0 0.332897 1.003666 -0.313618 -0.570241
0 0.657991 0.961197 -0.634071 -1.015518
0 0.608994 1.019842 -0.212871 -0.699173
0 0.251057 0.926912 -0.147251 0.287573
0 0.657720 0.962718 -0.634172 -1.013976
0 0.613974 1.021724 -0.196689 -0.695491
0 0.715519 0.971904 -0.561992 -0.357645
0 0.605043 1.020187 -0.222511 -0.698298
0 0.453299 0.555896 -0.604254 -0.789802
0 0.452805 0.556224 -0.605252 -0.789715
0 0.453332 0.556156 -0.604306 -0.789916
0 0.658570 0.963293 -0.633222 -1.011520
0 0.715845 0.975323 -0.558843 -0.353889
0 0.450782 0.549867 -0.595670 -0.804144
0 0.450810 0.549455 -0.595572 -0.803473
0 0.239075 0.943275 -0.009333 -1.198421
0 0.450298 0.549354 -0.596707 -0.804639
0 0.239181 0.941465 -0.009339 -1.202577
0 0.723557 0.863007 -0.556966 -0.453243
0 0.715001 0.964339 -0.563837 -0.355559
0 0.356353 1.020359 -0.307869 -0.598136
0 0.802508 1.035465 0.025778 -0.625799
0 0.724056 0.862750 -0.553431 -0.452271
0 0.818004 1.035023 0.057152 -0.627430
0 0.595420 1.027703 -0.218872 -0.659687
0 0.598151 1.027066 -0.214293 -0.659566
0 0.599564 1.028488 -0.212201 -0.656866
0 0.723240 0.858381 -0.557731 -0.463891
0 0.355997 1.020464 -0.309283 -0.599059
0 0.241373 0.937418 -0.010289 -1.218848
0 0.241789 0.938230 -0.010281 -1.216505
0 0.348033 0.991752 -0.325584 -0.578145
0 0.241666 0.937580 -0.010872 -1.217972
0 0.348414 0.991835 -0.324817 -0.578407
0 0.453768 0.554054 -0.596797 -0.804058
