0 0.516632 0.667781 -0.605592 -0.447715
0 0.516699 0.669725 -0.605488 -0.446691
0 0.516738 0.668788 -0.605066 -0.446393
0 0.516840 0.667193 -0.608073 -0.448549
0 0.517019 0.667132 -0.607825 -0.449135
0 0.518499 0.667940 -0.606496 -0.447832
0 0.434705 0.602633 -0.341594 -0.484215
0 0.433932 0.603514 -0.341766 -0.481139
0 0.435427 0.609304 -0.315738 -0.476900
0 0.518628 0.651290 -0.598253 -0.466025
0 0.435567 0.610716 -0.316650 -0.475725
0 0.436412 0.610385 -0.314820 -0.475205
0 0.518591 0.648574 -0.598218 -0.471773
0 0.431081 0.623318 -0.324862 -0.463194
0 0.431039 0.621929 -0.324498 -0.464956
0 0.517303 0.650785 -0.599870 -0.466605
0 0.432561 0.625030 -0.321901 -0.461164
0 0.436154 0.619603 -0.340168 -0.466178
0 0.435106 0.623997 -0.340704 -0.456359
0 0.516759 0.674955 -0.606914 -0.440396
0 0.515289 0.671659 -0.609155 -0.446657
0 0.516678 0.666750 -0.607341 -0.457735
0 0.580281 0.753593 -1.060554 -1.149993
0 0.580129 0.752895 -1.060744 -1.151166
0 0.580241 0.752694 -1.060609 -1.152572
0 0.580196 0.755348 -1.061033 -1.146324
0 0.580802 0.755905 -1.060052 -1.146485
0 0.517965 0.653668 -0.599378 -0.460972
0 0.580678 0.756033 -1.060302 -1.143992
0 0.517388 0.654607 -0.600673 -0.460600
0 0.517925 0.654047 -0.600933 -0.461974
0 0.435858 0.649956 -0.315159 -0.443646
0 0.435911 0.650674 -0.314309 -0.443454
0 0.526883 0.287612 -0.887981 -0.191098
0 0.436287 0.648807 -0.315695 -0.447520
0 0.526910 0.286643 -0.887991 -0.192945
0 0.526504 0.287310 -0.888445 -0.191428
0 0.526546 0.285382 -0.887929 -0.197235
0 0.580380 0.754055 -1.061432 -1.143877
0 0.526636 0.284507 -0.887843 -0.199844
0 0.522912 0.282558 -0.894737 -0.202638
0 0.580296 0.753699 -1.061947 -1.144667
0 0.526570 0.285269 -0.888145 -0.197699
0 0.579444 0.751132 -1.062439 -1.152329
0 0.581272 0.751611 -1.059303 -1.159180
0 0.523399 0.281447 -0.893414 -0.204331
0 0.525222 0.284294 -0.891444 -0.199931
0 0.581289 0.752070 -1.059599 -1.158682
0 0.579368 0.750686 -1.062591 -1.153259
0 0.581405 0.751260 -1.059109 -1.159249
0 0.071520 0.664559 0.048991 -0.674598
0 0.309412 0.528138 -0.140779 -0.446747
0 0.525806 0.283254 -0.890095 -0.201768
