0 0.063280 0.624021 0.043351 -0.941020
0 0.062653 0.623913 0.043546 -0.939342
0 0.062636 0.624295 0.043294 -0.939204
0 0.061994 0.623728 0.042621 -0.940224
0 0.063563 0.624191 0.043478 -0.940340
0 0.064601 0.622930 0.044948 -0.938767
0 0.065693 0.623529 0.046826 -0.937350
0 0.063688 0.624431 0.043802 -0.940140
0 0.060030 0.619780 0.041128 -0.947415
0 0.063060 0.625235 0.043240 -0.935067
0 0.062388 0.622174 0.043965 -0.943724
0 0.063471 0.624412 0.045365 -0.939064
0 0.063201 0.623747 0.044947 -0.938898
0 0.062868 0.624840 0.044529 -0.937695
0 0.959599 1.207423 0.510685 0.811029
0 0.064798 0.623233 0.045253 -0.936359
0 0.065626 0.622574 0.045942 -0.937685
0 0.065179 0.625634 0.046869 -0.934999
0 0.065609 0.623260 0.046783 -0.941186
0 0.062644 0.620502 0.045040 -0.943123
0 0.061477 0.624352 0.046272 -0.942722
0 0.933151 1.097691 0.459885 -0.107935
0 0.060780 0.625143 0.045305 -0.941300
0 0.933869 1.106423 0.476999 -0.110845
