0 0.713373 0.764448 -0.840352 -0.205811
0 0.714080 0.764820 -0.838813 -0.203579
0 0.713400 0.765047 -0.841049 -0.206951
0 0.705751 0.769836 -0.881173 -0.194915
0 0.705575 0.769933 -0.882017 -0.193918
0 0.705365 0.770597 -0.883624 -0.194417
0 0.717895 0.774163 -0.822168 -0.208564
0 0.719046 0.774712 -0.820116 -0.207685
0 0.717097 0.774721 -0.823223 -0.207057
0 0.700962 0.756269 -0.913248 -0.177898
0 0.711457 0.774502 -0.854001 -0.179350
0 0.700892 0.775724 -0.905778 -0.175196
0 0.709306 0.755250 -0.872697 -0.180482
