0 0.933180 0.678609 -1.223607 -0.788859
0 0.933380 0.678164 -1.222885 -0.789877
0 0.932582 0.678760 -1.224239 -0.787917
0 0.934144 0.681438 -1.219797 -0.787737
0 0.932827 0.681589 -1.222203 -0.784659
0 0.933163 0.678637 -1.223833 -0.789846
0 0.933040 0.678997 -1.223650 -0.790469
0 0.931395 0.680078 -1.226247 -0.788680
0 0.933046 0.678653 -1.224154 -0.790861
0 0.932894 0.678399 -1.225111 -0.791508
0 0.931463 0.678792 -1.227032 -0.789743
0 0.941116 0.681930 -1.219831 -0.784065
0 0.938404 0.682203 -1.224919 -0.783442
0 0.134399 0.629548 0.011352 -0.804841
0 0.133898 0.629409 0.010882 -0.804637
0 0.393883 0.503718 -0.508851 -0.875010
0 0.393954 0.503972 -0.509366 -0.874972
0 0.134387 0.628844 0.008925 -0.806834
0 0.133647 0.629980 0.004149 -0.806203
0 0.129992 0.627460 0.003962 -0.809960
0 0.129917 0.627259 0.003365 -0.810717
0 0.129894 0.627397 0.003789 -0.810396
0 0.397689 0.505272 -0.505030 -0.873038
0 0.133689 0.629718 0.004895 -0.807076
0 0.133672 0.630202 0.004124 -0.805978
0 0.134639 0.629348 0.010514 -0.806657
0 0.634564 0.701535 0.310420 -0.778087
0 0.395657 0.503420 -0.507743 -0.876585
0 0.635093 0.700614 0.311718 -0.780013
0 0.395839 0.503159 -0.507755 -0.876262
0 0.392416 0.506053 -0.516559 -0.871443
0 0.634363 0.702027 0.311526 -0.777838
0 0.390655 0.505168 -0.518227 -0.876098
0 0.126626 0.624853 0.002594 -0.808027
0 0.390698 0.504630 -0.518567 -0.877059
0 0.394787 0.504920 -0.507380 -0.872860
0 0.638585 0.702459 0.308212 -0.784976
0 0.636362 0.702261 0.303730 -0.786541
0 0.638930 0.701293 0.309924 -0.787238
0 0.396235 0.504295 -0.506226 -0.874339
0 0.933667 0.671763 -1.231439 -0.788387
0 0.133054 0.625237 0.008625 -0.813005
0 0.393487 0.506295 -0.515965 -0.857194
0 0.932851 0.673228 -1.232682 -0.785547
0 0.392764 0.505722 -0.533830 -0.871348
0 0.934639 0.680116 -1.225918 -0.792829
0 0.130030 0.617515 0.007547 -0.809875
0 0.130470 0.618400 0.008084 -0.808653
0 0.130241 0.617493 0.008197 -0.810612
0 0.392504 0.505530 -0.533913 -0.871395
0 0.933689 0.680547 -1.227149 -0.792133
0 0.136002 0.622228 0.005874 -0.806652
0 0.135718 0.621404 0.005851 -0.808163
0 0.395563 0.506344 -0.513070 -0.870356
0 0.135799 0.621482 0.005653 -0.808822
0 0.134391 0.630296 0.000710 -0.807921
0 0.395737 0.506866 -0.511922 -0.869181
0 0.389020 0.504828 -0.518423 -0.873646
0 0.388733 0.505076 -0.517845 -0.873385
0 0.126266 0.614893 0.003564 -0.808171
0 0.395793 0.507066 -0.512156 -0.868383
0 0.136126 0.630698 0.003483 -0.808374
0 0.929535 0.681058 -1.231351 -0.786708
0 0.931972 0.682241 -1.236073 -0.782970
0 0.637188 0.701671 0.280705 -0.791429
0 0.638826 0.701315 0.283895 -0.791514
0 0.633658 0.701200 0.275957 -0.791828
0 0.391887 0.504823 -0.499895 -0.877397
0 0.131943 0.613933 0.008994 -0.810562
