0 0.401359 0.842864 0.029813 0.281967
0 0.600825 0.843917 -0.355170 -0.347906
0 0.601468 0.843789 -0.355073 -0.347224
0 0.602020 0.843496 -0.354703 -0.347058
0 0.598872 0.840697 -0.360021 -0.350847
0 0.598652 0.839901 -0.358883 -0.353029
0 0.600027 0.840501 -0.357674 -0.351103
0 0.622906 0.912215 -0.479098 0.244723
0 0.622914 0.912205 -0.477351 0.242834
0 0.403240 0.757849 0.098969 -0.302723
0 0.615380 0.847129 -0.345104 -0.229556
0 0.615548 0.846887 -0.344320 -0.230157
0 0.389172 0.826883 -0.008778 0.252899
0 0.403125 0.758937 0.098321 -0.303333
0 0.616207 0.851993 -0.343722 -0.222175
0 0.403724 0.759675 0.099606 -0.301430
0 0.622382 0.903541 -0.480785 0.227466
0 0.636075 0.918900 -0.331170 0.246636
0 0.636894 0.917245 -0.331419 0.242098
0 0.624935 0.913360 -0.482309 0.298542
0 0.624979 0.917600 -0.480781 0.304058
0 0.636686 0.906348 -0.330174 0.219732
0 0.407146 0.815367 0.098641 0.012053
0 0.407606 0.824734 0.097321 0.022080
0 0.644221 0.919423 -0.333978 0.288293
0 0.644517 0.917781 -0.335780 0.283766
0 0.621193 0.877934 -0.458342 0.252986
0 0.601291 0.818626 -0.348211 -0.288482
0 0.599087 0.818708 -0.352021 -0.289027
0 0.598583 0.819253 -0.351107 -0.287411
0 0.623974 0.886209 -0.483926 0.248571
0 0.600083 0.831248 -0.362509 -0.417618
0 0.388690 0.820027 -0.026961 0.288480
0 0.601031 0.831519 -0.361067 -0.417445
