0 1.287660 0.727975 0.455517 -0.310713
0 1.286895 0.729344 0.461952 -0.306779
0 1.266963 0.722395 0.407269 -0.323596
0 1.267089 0.725304 0.409046 -0.317047
0 0.903794 0.785237 -0.357381 0.103018
0 0.897507 0.787161 -0.370972 0.105648
0 0.942548 0.744514 -0.274484 0.079580
0 0.941837 0.746156 -0.278243 0.082309
0 0.321868 0.506887 0.036015 -0.319245
0 0.322009 0.506706 0.037191 -0.319586
0 0.306045 0.505740 0.030476 -0.324596
0 0.305919 0.504982 0.031889 -0.325747
0 0.883685 0.780369 -0.350276 0.094588
0 0.889948 0.779025 -0.332246 0.092843
0 0.332491 0.506855 0.043992 -0.319660
0 1.282600 0.724068 0.428465 -0.350067
0 1.277432 0.723237 0.421741 -0.351603
0 0.323651 0.506484 0.052970 -0.324375
0 0.922941 0.745217 -0.244564 0.090558
0 0.919824 0.744107 -0.248926 0.089623
0 1.255603 0.720750 0.395971 -0.358752
0 1.258679 0.721127 0.402916 -0.358168
0 0.346928 0.501843 0.042212 -0.322228
0 0.347458 0.502355 0.042625 -0.321459
0 0.278465 0.512327 0.009074 -0.305112
0 0.335569 0.511123 0.049517 -0.302983
0 0.349196 0.502968 0.044195 -0.319734
