0 0.609776 1.307810 -0.491554 0.169564
0 0.609466 1.305936 -0.492916 0.163291
0 0.469363 1.191038 0.322863 0.775926
0 0.607166 1.310345 -0.505141 0.097930
0 0.606526 1.308808 -0.507406 0.091016
0 0.698389 1.291644 -0.868232 0.060609
0 0.604479 0.873201 -0.804396 -0.031663
0 0.600825 0.829227 -0.800892 0.022847
0 0.699488 1.295003 -0.866474 0.063206
0 0.600240 0.825947 -0.802225 0.017478
0 0.603802 0.849625 -0.801396 -0.018206
0 0.613989 1.233818 -0.790590 0.209513
0 0.678589 1.255662 -0.931093 0.020092
0 0.608248 1.302401 -0.527824 0.050508
0 0.677388 1.228235 -0.956554 -0.027441
0 0.612062 1.278215 -0.497389 0.062927
0 0.607294 1.324587 -0.488797 0.299646
0 0.607572 1.317080 -0.487104 0.290303
0 0.684217 1.275095 -0.739553 0.080390
0 0.624008 1.236642 -0.775212 0.206594
0 0.610109 1.278846 -0.521116 0.054077
0 0.602315 0.831273 -0.796182 0.029311
0 0.609946 1.325882 -0.484518 0.215740
0 0.687138 1.261953 -0.898408 0.026806
0 0.608401 1.292764 -0.510494 0.032580
0 0.609401 1.327536 -0.486168 0.214592
0 0.692920 1.278474 -0.917322 0.037473
0 0.686033 1.276826 -0.739553 0.078597
0 0.693443 1.280253 -0.911845 0.035180
