0 0.431305 0.658608 -0.590309 -0.848012
0 0.431716 0.656386 -0.588879 -0.847571
0 0.431608 0.658649 -0.589907 -0.847509
0 0.431254 0.655795 -0.590327 -0.847892
0 0.429818 0.657161 -0.592254 -0.848998
0 0.429674 0.654731 -0.592255 -0.853129
0 0.429655 0.656240 -0.592765 -0.850614
0 0.431677 0.655011 -0.589265 -0.852665
0 0.431919 0.654218 -0.589747 -0.853579
0 0.432046 0.655783 -0.589798 -0.851265
0 0.431702 0.656252 -0.592515 -0.851179
0 0.432321 0.656574 -0.590949 -0.850677
0 0.431776 0.657216 -0.591963 -0.849470
0 0.434974 0.655140 -0.587656 -0.849704
0 0.431328 0.657071 -0.587592 -0.849850
0 0.431339 0.656928 -0.587826 -0.850456
0 0.431272 0.656623 -0.587975 -0.851119
0 0.434808 0.656342 -0.587825 -0.848666
0 0.432516 0.658137 -0.591601 -0.849597
0 0.430864 0.657604 -0.582402 -0.845962
0 0.431401 0.659808 -0.581221 -0.841715
