0 0.121096 0.551209 0.030476 -0.500529
0 0.121474 0.552451 0.030423 -0.498224
0 0.118972 0.550443 0.026906 -0.499427
0 0.118751 0.551474 0.026118 -0.497352
0 0.118888 0.549439 0.026466 -0.500570
0 0.120043 0.548329 0.029138 -0.504416
0 0.120185 0.549131 0.029842 -0.502658
0 0.120960 0.547824 0.027011 -0.505449
0 0.120673 0.547177 0.026437 -0.506531
0 0.119873 0.551371 0.028566 -0.497223
0 0.119204 0.551798 0.026991 -0.496452
0 0.119448 0.551255 0.027513 -0.496884
0 0.119409 0.552787 0.026158 -0.494240
0 0.119407 0.549133 0.026257 -0.500617
0 0.120455 0.551008 0.028415 -0.497316
0 0.257724 0.716947 -0.212364 -0.529342
0 0.257970 0.716259 -0.212614 -0.528754
0 0.460417 0.415647 -0.713208 -0.591619
0 0.459657 0.411899 -0.712909 -0.624248
0 0.459619 0.412175 -0.710786 -0.627249
0 0.457075 0.406451 -0.711330 -0.645623
0 0.459511 0.412344 -0.710272 -0.626806
0 0.258498 0.714493 -0.213407 -0.538428
0 0.456668 0.406834 -0.711888 -0.644994
0 0.258396 0.711853 -0.213911 -0.541230
0 0.459870 0.414808 -0.710162 -0.617321
0 0.464518 0.417407 -0.707219 -0.586988
0 0.453573 0.405247 -0.714190 -0.653274
0 0.453506 0.405394 -0.714030 -0.653306
0 0.260278 0.724238 -0.201764 -0.472499
0 0.260521 0.721519 -0.201433 -0.477797
0 0.457484 0.408976 -0.710635 -0.638335
0 0.258620 0.704290 -0.214061 -0.609744
0 0.258817 0.705163 -0.214654 -0.608107
0 0.260636 0.686576 -0.216498 -0.709731
0 0.260285 0.686023 -0.216775 -0.709895
0 0.260508 0.686151 -0.216206 -0.711917
0 0.259423 0.711031 -0.214349 -0.565108
0 0.259899 0.714919 -0.208690 -0.523540
0 0.454084 0.409060 -0.712297 -0.652821
0 0.259395 0.712021 -0.214390 -0.565353
0 0.456853 0.409059 -0.708713 -0.647664
0 0.260082 0.715994 -0.208993 -0.519059
0 0.452926 0.409432 -0.714788 -0.652735
0 0.259257 0.708819 -0.214748 -0.571832
