0 0.670442 0.789530 -0.406351 -0.258405
0 0.668555 0.788337 -0.409798 -0.261003
0 0.669254 0.789633 -0.408334 -0.259460
0 0.452004 0.917055 0.091219 -0.199728
0 0.453398 0.914798 0.094025 -0.205963
0 0.453834 0.919143 0.092754 -0.197766
0 0.450373 0.916146 0.093995 -0.200129
0 0.449063 0.921802 0.091788 -0.188216
0 0.449553 0.921642 0.089985 -0.187794
0 0.660598 0.783935 -0.415614 -0.262196
0 0.658903 0.783839 -0.418693 -0.261366
0 0.660935 0.783604 -0.413993 -0.260784
0 0.676428 0.779066 -0.400072 -0.261685
0 0.671769 0.780258 -0.410125 -0.258856
0 0.675491 0.779443 -0.402556 -0.260425
0 0.449934 0.917268 0.093225 -0.186199
0 0.451385 0.915722 0.096864 -0.188061
0 0.451963 0.913245 0.097879 -0.195446
0 0.659048 0.792681 -0.434784 -0.271295
0 0.452065 0.924337 0.105830 -0.204060
0 0.452969 0.926756 0.108761 -0.196714
0 0.454240 0.923200 0.110511 -0.200663
0 0.657726 0.797710 -0.439304 -0.284935
