0 0.115544 0.616090 0.057543 -0.119859
0 0.115935 0.618815 0.058355 -0.115046
0 0.114716 0.618240 0.051062 -0.109011
0 0.114311 0.621329 0.051422 -0.104804
0 0.116797 0.614410 0.055806 -0.120528
0 0.117017 0.614550 0.056181 -0.119964
0 0.116474 0.635637 0.058894 -0.093451
0 0.599541 0.452078 -1.046172 -0.241679
0 0.118155 0.600717 0.053956 -0.133633
0 0.118237 0.599598 0.053822 -0.136070
0 0.116818 0.639230 0.058493 -0.088970
0 0.115219 0.616895 0.058768 -0.115447
0 0.115583 0.616639 0.060498 -0.115802
0 0.600204 0.455140 -1.045239 -0.239209
0 0.599738 0.454468 -1.046616 -0.241088
0 0.599687 0.455058 -1.046600 -0.238840
0 0.599893 0.453185 -1.046146 -0.243334
0 0.599818 0.453487 -1.045735 -0.242439
0 0.599551 0.453613 -1.047366 -0.241967
0 0.599415 0.458881 -1.045535 -0.240557
0 0.599540 0.453441 -1.047963 -0.245733
0 0.520510 1.174565 -0.402751 0.405353
0 0.518824 1.175596 -0.405292 0.405561
0 0.603052 0.453748 -1.037974 -0.237115
0 0.600189 0.445071 -1.049628 -0.244370
0 0.600038 0.445459 -1.049860 -0.243804
0 0.600039 0.445900 -1.049923 -0.242814
