0 0.187490 1.108325 -0.107202 -0.704322
0 0.507779 1.097566 -0.738015 -0.736816
0 0.188576 1.107745 -0.105410 -0.703086
0 0.508795 1.100438 -0.736339 -0.732139
0 0.638848 1.114294 -0.995379 -0.711341
0 0.428820 1.114065 -0.627653 -0.661626
0 0.186609 1.121135 -0.105702 -0.691895
0 0.640201 1.113477 -0.992965 -0.710888
0 0.569950 1.130112 -0.878769 -0.627517
0 0.570230 1.104581 -0.883672 -0.696057
0 0.428188 1.113462 -0.628712 -0.657989
0 0.569751 1.129077 -0.879533 -0.628745
0 0.571277 1.105811 -0.881775 -0.691849
0 0.186559 1.121566 -0.105730 -0.694165
0 0.127311 1.136644 0.029896 -0.680043
0 0.128053 1.134959 0.030649 -0.681937
0 0.249610 1.095562 -0.238622 -0.756886
0 0.249178 1.095687 -0.239093 -0.757477
0 0.430110 1.098508 -0.626955 -0.676812
0 0.375402 1.104439 -0.487692 -0.724792
0 0.305437 1.099671 -0.367013 -0.761804
0 0.429496 1.098351 -0.627329 -0.677713
0 0.374864 1.103171 -0.488663 -0.727904
0 0.304816 1.100478 -0.367883 -0.760949
0 0.189670 1.101737 -0.101754 -0.725775
0 0.508593 1.096775 -0.732580 -0.730704
0 0.128873 1.118549 0.029250 -0.701306
0 0.508665 1.099002 -0.732816 -0.724263
0 0.504318 1.092585 -0.746824 -0.743729
0 0.189412 1.102948 -0.102647 -0.721554
0 0.128365 1.118663 0.027971 -0.698220
0 0.503856 1.091577 -0.747475 -0.743419
0 0.640998 1.114111 -0.987850 -0.711688
0 0.638156 1.139403 -0.997257 -0.653056
0 0.638215 1.139766 -0.997189 -0.653113
0 0.642169 1.120949 -0.992446 -0.706698
0 0.587447 0.617729 -0.893888 0.280793
0 0.587164 0.619535 -0.894098 0.282143
0 0.189043 1.113174 -0.102818 -0.712929
0 0.246835 1.097396 -0.237166 -0.754107
0 0.571734 1.107671 -0.876136 -0.702698
0 0.246734 1.098470 -0.237996 -0.754203
0 0.370472 1.113341 -0.496704 -0.701972
0 0.642017 1.121062 -0.992651 -0.704350
0 0.571374 1.109375 -0.877066 -0.696904
0 0.370890 1.114353 -0.495995 -0.699775
0 0.587224 0.616775 -0.889859 0.279971
0 0.516910 0.615320 -0.745725 0.303066
0 0.126963 1.131433 0.028018 -0.693919
0 0.587181 0.617162 -0.890205 0.282456
0 0.244940 1.098712 -0.243797 -0.739427
0 0.516510 0.614350 -0.746853 0.303766
0 0.372340 0.622369 -0.513105 0.353498
0 0.506130 1.103540 -0.733619 -0.721375
0 0.371985 0.625097 -0.513876 0.357966
0 0.571554 1.128147 -0.875114 -0.679564
0 0.372553 1.108084 -0.487950 -0.711255
0 0.302584 1.097592 -0.368524 -0.758893
0 0.302622 1.097836 -0.368393 -0.756326
0 0.249557 1.094777 -0.236530 -0.760294
0 0.249104 1.094162 -0.238087 -0.760854
0 0.372881 1.108850 -0.487092 -0.712066
0 0.299205 1.085372 -0.371063 -0.770551
0 0.368721 1.099154 -0.495868 -0.727397
0 0.127034 1.126048 0.030678 -0.691869
0 0.302814 0.611544 -0.389649 0.373624
0 0.444762 0.605841 -0.652619 0.282541
0 0.127291 1.124894 0.030050 -0.697981
0 0.444911 0.606942 -0.652121 0.283915
0 0.522508 0.613800 -0.743406 0.297161
0 0.302395 0.615799 -0.390132 0.381315
0 0.262475 0.642227 -0.229152 0.408724
0 0.297884 1.099627 -0.381301 -0.757276
0 0.522858 0.615391 -0.743083 0.297290
0 0.643197 0.624381 -1.011520 0.280603
0 0.442313 0.609461 -0.646735 0.287853
0 0.643335 0.623686 -1.011610 0.278377
0 0.642308 0.623734 -1.009752 0.302707
0 0.520793 0.617992 -0.743881 0.293694
0 0.378607 0.613282 -0.507509 0.345050
0 0.441926 0.611766 -0.648517 0.291783
0 0.642511 0.621217 -1.009760 0.300282
0 0.378949 0.609422 -0.507692 0.338782
0 0.262130 0.644619 -0.229319 0.412895
0 0.521150 0.620457 -0.744143 0.297270
0 0.442455 0.616627 -0.643066 0.275026
0 0.646666 0.645990 -1.007358 0.310525
0 0.299042 1.099670 -0.379632 -0.759382
0 0.587839 0.615762 -0.886797 0.259769
0 0.646573 0.644430 -1.007000 0.310013
0 0.441960 0.620225 -0.644373 0.280869
0 0.641398 1.135612 -0.989160 -0.708048
0 0.372413 0.628305 -0.515144 0.336324
0 0.300245 1.076436 -0.368952 -0.789205
0 0.124320 1.134406 0.022941 -0.703154
0 0.372155 0.629210 -0.515234 0.334898
0 0.587892 0.614711 -0.887357 0.255236
0 0.369371 0.626854 -0.518553 0.319228
0 0.515137 0.581192 -0.747568 0.217761
0 0.445018 0.619797 -0.647092 0.280188
0 0.445582 0.604409 -0.657324 0.275689
0 0.445601 0.616151 -0.646344 0.274454
0 0.515429 0.577637 -0.746449 0.212027
0 0.644848 0.641977 -1.009605 0.283524
0 0.308044 0.596951 -0.390416 0.352769
0 0.300600 1.091384 -0.364730 -0.754538
0 0.308266 0.603017 -0.389356 0.362291
0 0.296629 0.573539 -0.393774 0.294971
0 0.263406 0.689357 -0.228354 0.423745
0 0.301464 0.586518 -0.390939 0.376036
0 0.426367 1.095612 -0.627368 -0.652294
0 0.263259 0.684083 -0.228263 0.422537
0 0.301303 0.589492 -0.390514 0.382586
0 0.264636 0.622653 -0.223791 0.397246
0 0.196648 0.650479 -0.106332 0.400510
0 0.517764 0.578992 -0.757051 0.214547
0 0.264994 0.624656 -0.222712 0.397831
0 0.296561 1.099889 -0.374679 -0.775433
0 0.503092 1.120095 -0.732847 -0.677904
0 0.298140 0.638598 -0.396725 0.355401
0 0.196796 0.651978 -0.105610 0.407651
0 0.645607 0.622716 -1.008702 0.307246
0 0.645591 0.622182 -1.008199 0.304176
0 0.188250 1.112890 -0.104705 -0.737901
0 0.643271 0.643153 -1.011064 0.282731
0 0.587676 0.612352 -0.889375 0.286468
0 0.438032 0.599886 -0.659410 0.259797
0 0.588705 0.603149 -0.894784 0.224639
0 0.587371 0.612721 -0.890318 0.287982
0 0.369079 0.621329 -0.519375 0.282409
0 0.298317 0.639502 -0.396064 0.348046
0 0.296337 0.627441 -0.397316 0.364393
0 0.366848 0.610192 -0.522012 0.357695
0 0.517167 0.578244 -0.758180 0.211588
0 0.373251 1.095844 -0.482825 -0.718202
0 0.133678 0.753235 0.031493 0.491939
0 0.258278 0.611245 -0.231728 0.383810
0 0.428854 1.121486 -0.622160 -0.647761
0 0.589010 0.597233 -0.896224 0.234053
0 0.297169 0.550281 -0.392862 0.257187
0 0.301210 1.080074 -0.363574 -0.775591
0 0.426705 1.066055 -0.629971 -0.709665
0 0.198252 0.699951 -0.098679 0.440009
0 0.425626 1.104747 -0.633578 -0.705267
0 0.199286 0.878065 -0.077417 0.548854
0 0.425839 1.112941 -0.627963 -0.666931
0 0.426347 1.109952 -0.632779 -0.695903
0 0.643226 0.626527 -1.009801 0.297867
0 0.427574 1.070696 -0.628787 -0.699979
0 0.443784 0.611306 -0.652537 0.254045
0 0.246805 1.085297 -0.239410 -0.769842
0 0.246444 1.109028 -0.242359 -0.746132
0 0.197466 0.634068 -0.104105 0.402346
0 0.364296 1.084188 -0.508832 -0.720118
0 0.436436 0.611668 -0.651556 0.265654
0 0.198400 0.700039 -0.098474 0.452945
0 0.514123 0.598224 -0.752248 0.219315
0 0.240667 1.105233 -0.236482 -0.716207
0 0.637205 1.095192 -0.997073 -0.704137
0 0.588624 0.584507 -0.896699 0.214879
0 0.565844 1.121616 -0.886001 -0.649622
0 0.572398 1.117405 -0.879833 -0.731234
0 0.198012 0.635688 -0.102775 0.402332
0 0.181932 1.125384 -0.101293 -0.684683
0 0.297395 1.091851 -0.373297 -0.798075
0 0.523611 0.618665 -0.746950 0.289835
0 0.523094 0.620815 -0.747394 0.292104
0 0.584623 0.395802 -0.902860 0.133739
0 0.585203 0.398578 -0.902329 0.135815
0 0.427320 1.102656 -0.626414 -0.645419
0 0.371009 1.083841 -0.491375 -0.764933
0 0.379511 1.106245 -0.450908 -0.751709
0 0.298102 1.100039 -0.367812 -0.770740
0 0.506992 1.083001 -0.731773 -0.761055
0 0.580899 0.601707 -0.886421 0.207968
0 0.501087 1.090236 -0.748268 -0.713047
0 0.588279 0.591319 -0.895551 0.201124
0 0.584916 0.389921 -0.903091 0.128201
0 0.513222 0.509500 -0.750595 0.198668
0 0.512695 0.517210 -0.752814 0.204596
0 0.572537 1.132047 -0.881398 -0.668282
0 0.445870 0.583994 -0.656237 0.232763
0 0.124238 1.093174 0.025263 -0.707352
0 0.513931 0.590720 -0.752568 0.203038
0 0.379964 1.107157 -0.466422 -0.762508
0 0.369132 0.603924 -0.517501 0.377242
0 0.517752 0.599470 -0.762022 0.227641
0 0.298770 1.090992 -0.366576 -0.792539
0 0.181154 1.094177 -0.109734 -0.698411
0 0.377081 0.626478 -0.509191 0.347235
0 0.369275 0.612024 -0.517180 0.389419
0 0.261689 0.614153 -0.228365 0.389382
0 0.257887 0.570169 -0.238024 0.370745
0 0.258198 0.567351 -0.236236 0.371792
0 0.193709 0.622537 -0.112764 0.387937
0 0.438128 0.584096 -0.658962 0.227696
