0 1.025059 0.714054 -0.582210 -0.169837
0 1.024558 0.715088 -0.583445 -0.168089
0 1.024253 0.715410 -0.587693 -0.166715
0 1.016870 0.719075 -0.639134 -0.168092
0 1.017935 0.717816 -0.636248 -0.169777
0 1.016901 0.718692 -0.638479 -0.169072
0 1.032658 0.718220 -0.565904 -0.116603
0 1.033816 0.717736 -0.561040 -0.118015
0 1.058247 0.821707 -0.466386 0.470582
0 1.058805 0.822115 -0.467022 0.474595
0 1.033138 0.709072 -0.562414 -0.148876
0 1.062983 0.813172 -0.400724 0.459717
0 1.063913 0.816802 -0.399803 0.469560
0 1.071256 0.807994 -0.355072 0.460470
0 1.072712 0.807278 -0.351346 0.458147
0 1.067120 0.805556 -0.421519 0.463447
0 1.068674 0.805656 -0.420370 0.465159
