0 0.504380 0.824817 -0.709637 0.250454
0 0.793820 1.196032 -0.241357 0.213336
0 0.504039 0.830602 -0.711175 0.267209
0 0.791841 1.196516 -0.244092 0.212445
0 0.801619 1.193757 -0.192951 0.211477
0 0.802449 1.196778 -0.189409 0.217163
0 0.503851 0.830326 -0.696042 0.248472
0 0.503780 0.783807 -0.707536 0.204709
0 0.504601 0.827483 -0.694564 0.239088
0 0.504039 0.780886 -0.708422 0.197663
0 0.500473 0.804860 -0.712779 0.212981
0 0.795738 1.197268 -0.236862 0.257787
0 0.796565 1.198893 -0.236233 0.262462
0 0.804267 1.220658 -0.181445 0.315986
0 0.804940 1.219423 -0.177142 0.313726
0 0.503254 0.847892 -0.705130 0.242612
0 0.501394 0.810351 -0.715601 0.213482
0 0.506008 0.844474 -0.708710 0.227232
