0 0.487441 0.972413 -0.025009 -0.297462
0 0.486418 0.977956 -0.026602 -0.284257
0 0.485985 0.977569 -0.029581 -0.284049
0 0.486235 0.981848 -0.037748 -0.285240
0 0.485466 0.986909 -0.039747 -0.273270
0 0.484856 0.985167 -0.040045 -0.273553
0 0.484387 1.015609 -0.028313 -0.259241
0 0.485687 1.012149 -0.025820 -0.263766
0 0.484381 1.014563 -0.029846 -0.259341
0 0.714816 1.094340 -0.827688 0.715035
0 0.473805 0.940284 -0.046746 -0.330960
0 0.714622 1.097563 -0.827935 0.716662
0 0.474519 0.953888 -0.047964 -0.336230
0 0.479206 0.959966 -0.033018 -0.277980
0 0.479681 0.958328 -0.033897 -0.281114
0 0.713631 1.067831 -0.837605 0.698739
0 0.479429 0.959472 -0.032828 -0.281395
0 0.493893 1.021279 -0.029858 -0.256072
0 0.494304 1.017647 -0.028604 -0.261341
0 0.495406 1.019369 -0.025533 -0.256600
0 0.714366 1.066383 -0.836773 0.695368
0 0.714616 1.099139 -0.828242 0.717644
0 0.715970 1.093059 -0.826981 0.713515
