0 0.376494 1.169974 -0.043925 -0.438092
0 0.375729 1.175283 -0.048501 -0.427508
0 0.375711 1.174961 -0.045917 -0.426708
0 0.496456 1.227969 -0.432820 -0.185961
0 0.497448 1.226838 -0.432150 -0.189004
0 0.497044 1.230543 -0.432043 -0.204425
0 0.496609 1.230971 -0.433368 -0.203344
0 0.374046 1.171806 -0.048375 -0.439266
0 0.372717 1.174227 -0.051477 -0.434724
0 0.374434 1.166408 -0.046495 -0.454652
0 0.371750 1.190034 -0.056656 -0.435657
0 0.372628 1.183288 -0.052018 -0.450707
0 0.372602 1.190141 -0.052247 -0.436772
0 0.496714 1.215477 -0.432919 -0.211783
0 0.491734 1.222716 -0.427433 -0.186674
0 0.497449 1.214788 -0.431441 -0.239029
0 0.491714 1.221407 -0.426919 -0.189922
0 0.495165 1.232377 -0.419884 -0.210225
0 0.495610 1.231581 -0.419664 -0.211355
0 0.367395 1.161925 -0.065142 -0.483403
0 0.489352 1.194858 -0.439427 -0.256434
0 0.494634 1.195143 -0.422108 -0.252487
0 0.489666 1.215039 -0.452773 -0.268260
0 0.491333 1.207862 -0.427695 -0.215962
0 0.495102 1.215607 -0.419730 -0.245690
0 0.368092 1.167922 -0.081133 -0.431102
0 0.363943 1.176313 -0.102997 -0.468303
0 0.500361 1.213142 -0.408421 -0.286136
0 0.383294 1.158649 0.009826 -0.481235
