0 0.600529 0.842636 -0.992091 -0.605036
0 0.600492 0.842104 -0.992032 -0.607247
0 0.623333 0.661430 -1.098230 -0.717177
0 0.623373 0.660356 -1.098037 -0.718908
0 0.623639 0.660841 -1.097753 -0.718276
0 0.538359 0.839027 -0.883889 -0.596403
0 0.599078 0.854277 -0.992958 -0.587869
0 0.538326 0.837743 -0.884271 -0.598604
0 0.599046 0.848026 -0.992470 -0.598662
0 0.623185 0.656635 -1.097873 -0.726339
0 0.657901 0.717087 -1.148996 -0.685329
0 0.623559 0.656401 -1.097746 -0.726680
0 0.623262 0.656114 -1.097901 -0.727687
0 0.539537 0.842801 -0.875076 -0.588869
0 0.658006 0.718828 -1.148928 -0.681940
0 0.658549 0.718220 -1.147478 -0.683150
0 0.539724 0.843876 -0.871754 -0.587773
0 0.656574 0.715162 -1.155630 -0.691764
0 0.657858 0.716003 -1.148937 -0.678672
0 0.656897 0.716625 -1.153993 -0.689376
0 0.538250 0.846652 -0.883869 -0.583495
0 0.373276 0.744762 -0.532757 -0.704031
0 0.656692 0.716721 -1.155289 -0.688871
0 0.597841 0.844517 -0.987555 -0.605685
0 0.376087 0.747740 -0.531941 -0.697968
0 0.598100 0.844326 -0.987963 -0.607149
0 0.373750 0.745817 -0.532149 -0.702553
0 0.376309 0.748822 -0.530349 -0.696566
0 0.595772 0.845273 -0.997817 -0.605964
0 0.538985 0.850388 -0.881372 -0.576902
0 0.595963 0.841795 -0.997075 -0.614452
0 0.624413 0.671108 -1.097868 -0.709541
0 0.621759 0.651399 -1.100276 -0.729647
0 0.375020 0.747092 -0.535875 -0.685229
0 0.375236 0.743992 -0.535475 -0.691982
0 0.544181 0.839136 -0.829422 -0.592231
0 0.544089 0.839436 -0.832478 -0.592981
0 0.374702 0.746989 -0.536029 -0.685521
0 0.597268 0.845285 -0.992133 -0.595728
0 0.537831 0.836971 -0.883670 -0.620620
0 0.537592 0.834951 -0.883959 -0.623256
0 0.596832 0.849083 -0.993158 -0.592325
0 0.538223 0.840981 -0.895676 -0.592446
0 0.537308 0.837407 -0.898005 -0.598222
0 0.370856 0.743684 -0.534231 -0.699198
0 0.661717 0.707873 -1.100417 -0.684114
0 0.370800 0.746259 -0.534381 -0.693213
0 0.370909 0.746139 -0.534493 -0.693292
0 0.659419 0.717267 -1.141843 -0.677015
0 0.659241 0.717144 -1.142531 -0.677678
0 0.522033 0.823419 -0.834855 -0.613141
0 0.520935 0.824709 -0.835884 -0.613514
0 0.507238 0.824165 -0.826594 -0.595228
0 0.507598 0.825314 -0.825734 -0.594022
0 0.664332 0.709031 -1.102100 -0.681703
0 0.511616 0.828031 -0.829341 -0.603826
0 0.607377 0.841650 -0.988786 -0.597268
0 0.621268 0.659568 -1.101958 -0.729689
0 0.607644 0.837089 -0.989102 -0.601486
0 0.594622 0.843347 -0.995843 -0.615946
0 0.594384 0.844856 -0.996283 -0.611342
0 0.512927 0.834173 -0.827822 -0.594251
0 0.504291 0.817647 -0.823845 -0.620449
0 0.635291 0.696280 -1.099613 -0.698743
0 0.635136 0.692838 -1.099684 -0.705303
0 0.636692 0.695100 -1.096449 -0.700266
0 0.893055 0.894978 0.606842 0.274866
0 0.377751 0.750236 -0.533608 -0.698088
0 0.378347 0.752829 -0.531800 -0.691695
0 0.620987 0.655231 -1.107996 -0.728416
0 0.374081 0.751942 -0.525290 -0.694746
0 0.622568 0.655574 -1.098099 -0.723373
0 0.622602 0.650226 -1.099940 -0.720220
0 0.660185 0.719989 -1.136409 -0.671740
0 0.374119 0.753348 -0.523539 -0.690920
0 0.621642 0.652012 -1.106418 -0.731045
0 0.621121 0.649372 -1.107971 -0.736316
0 0.379435 0.747531 -0.528298 -0.701406
0 0.379404 0.744965 -0.528938 -0.706006
0 0.379501 0.748242 -0.528534 -0.699818
