0 0.715821 0.892561 -1.258002 -0.979457
0 0.716655 0.893353 -1.256035 -0.977748
0 0.715896 0.893525 -1.257728 -0.977795
0 0.718816 0.887729 -1.253147 -0.990126
0 0.718376 0.890360 -1.249932 -0.983613
0 0.716924 0.889909 -1.256432 -0.984337
0 0.716677 0.890208 -1.257398 -0.983382
0 0.716590 0.889445 -1.257246 -0.984859
0 0.941324 1.453944 0.488762 0.705744
0 0.718973 0.883795 -1.259416 -0.987909
0 0.716687 0.879660 -1.261747 -0.996074
0 0.716786 0.887154 -1.261951 -0.981929
0 0.716098 0.887179 -1.263576 -0.983596
0 0.716213 0.887474 -1.263582 -0.981660
