0 0.573753 0.494008 -0.651298 -0.144234
0 0.575524 0.493369 -0.649943 -0.143570
0 0.573259 0.492118 -0.647788 -0.143385
0 0.573345 0.491241 -0.646899 -0.144033
0 0.575845 0.493104 -0.649087 -0.143824
0 0.573959 0.491512 -0.646174 -0.144025
0 0.575414 0.489901 -0.650241 -0.166988
0 0.574757 0.489358 -0.651077 -0.164190
0 0.575208 0.486997 -0.643324 -0.169155
0 0.574450 0.486593 -0.644985 -0.171891
0 0.575304 0.460467 -0.647533 -0.177744
0 0.574599 0.464066 -0.648617 -0.176196
0 0.407355 1.228474 0.237116 0.415636
0 0.569936 0.458756 -0.648025 -0.173994
0 0.569430 0.462612 -0.649438 -0.174312
0 0.665730 0.368752 -1.132351 -0.245944
0 0.665651 0.369158 -1.132174 -0.243704
0 0.668016 0.366514 -1.125624 -0.244625
0 0.665994 0.370124 -1.131698 -0.243708
0 0.667426 0.364767 -1.127300 -0.248843
0 0.666082 0.370519 -1.131099 -0.240287
0 0.664560 0.368301 -1.133226 -0.246936
0 0.664309 0.367503 -1.133543 -0.248138
0 0.664562 0.368254 -1.133296 -0.246695
0 0.575024 0.499086 -0.652432 -0.138589
0 0.574972 0.498327 -0.652384 -0.140103
0 0.574754 0.497831 -0.653121 -0.141217
