0 0.692236 0.391420 -0.892441 0.262864
0 0.691876 0.394442 -0.892063 0.266089
0 0.694001 0.393825 -0.889247 0.266107
0 0.693595 0.374869 -0.890529 0.250768
0 0.693286 0.372973 -0.891213 0.249982
0 0.694101 0.374024 -0.892231 0.258430
0 0.693590 0.374183 -0.888650 0.252598
0 0.890449 1.240941 0.217476 0.558023
0 0.690064 0.396162 -0.899383 0.263077
0 0.746917 1.242059 0.146448 0.576815
0 0.695821 0.359948 -0.894924 0.241209
0 0.695182 0.419959 -0.888465 0.281395
0 0.696703 0.360499 -0.892364 0.245053
0 0.695783 0.420670 -0.886520 0.285869
0 0.674850 0.373795 -0.904295 0.259100
0 0.698128 0.359487 -0.890640 0.244107
0 0.695765 0.420403 -0.885488 0.287016
0 0.236256 0.822218 0.156476 -0.740690
0 0.235769 0.821267 0.154591 -0.742700
0 0.234416 0.822636 0.152292 -0.739291
0 0.575722 0.379333 -0.877844 0.004763
0 0.681268 0.366624 -0.911850 0.249638
