0 0.389703 0.600173 -0.188893 -0.158679
0 0.390382 0.601814 -0.188075 -0.157532
0 0.390358 0.595393 -0.190784 -0.170903
0 0.390194 0.599731 -0.188171 -0.160817
0 0.389298 0.593928 -0.192377 -0.171718
0 0.389614 0.594597 -0.190443 -0.169004
0 0.774104 0.777692 -0.286953 0.402135
0 0.773228 0.779396 -0.286671 0.403272
0 0.771016 0.792682 -0.300597 0.393324
0 0.770101 0.796022 -0.301032 0.398220
0 0.395703 0.587779 -0.170472 -0.174255
0 0.397018 0.602245 -0.167324 -0.166196
0 0.391778 0.577474 -0.191271 -0.175693
0 0.391082 0.576822 -0.193297 -0.175744
0 0.390391 0.576027 -0.193964 -0.176780
0 0.764287 0.773861 -0.306236 0.428356
0 0.764969 0.776154 -0.305829 0.428300
0 0.393926 0.588584 -0.184559 -0.167707
0 0.774943 0.744032 -0.285690 0.359020
0 0.393715 0.604801 -0.182495 -0.161695
0 0.394164 0.552851 -0.178690 -0.191967
0 0.394562 0.541365 -0.178537 -0.205974
0 0.392125 0.622288 -0.189204 -0.137149
0 0.392887 0.618021 -0.186421 -0.144762
0 0.391392 0.619094 -0.189671 -0.142463
