0 0.637623 0.559062 -0.806791 -0.759698
0 0.638878 0.559720 -0.803509 -0.759251
0 0.637947 0.558707 -0.806432 -0.760075
0 0.639297 0.559022 -0.802773 -0.759910
0 0.647919 0.562292 -0.799581 -0.747058
0 0.647860 0.562407 -0.800119 -0.748032
0 0.643687 0.559313 -0.806572 -0.756893
0 0.644972 0.557264 -0.804440 -0.761632
0 0.633272 0.557653 -0.813688 -0.761170
0 0.633952 0.558919 -0.811370 -0.760689
0 0.822033 1.213945 -0.104499 0.438325
0 0.828694 1.219340 -0.088512 0.449410
0 0.638541 0.561771 -0.801246 -0.750524
0 0.638060 0.559437 -0.802671 -0.754973
0 0.624644 0.555796 -0.818015 -0.763023
0 0.882125 1.219573 0.160556 0.486796
0 0.627203 0.559693 -0.811538 -0.759732
0 0.921750 1.220689 0.365899 0.498277
0 0.823572 1.190476 -0.118525 0.350372
0 0.651762 0.555716 -0.800568 -0.757928
0 0.651766 0.555794 -0.800654 -0.757323
0 0.828461 1.192467 -0.109920 0.353407
0 0.226822 1.261182 0.148193 0.819524
0 0.831620 1.183956 -0.125725 0.283637
0 0.828279 1.187024 -0.134131 0.293480
0 0.631104 0.556846 -0.823983 -0.760427
