0 0.494128 1.056291 -0.608112 -0.501764
0 0.494431 1.062661 -0.608105 -0.493697
0 0.756893 1.264061 -0.579188 0.541981
0 0.758471 1.280745 -0.576207 0.572384
0 0.497635 1.065827 -0.600971 -0.489653
0 0.511320 0.928294 0.099628 0.085465
0 0.488835 1.030779 -0.621823 -0.629189
0 0.489565 1.034468 -0.621125 -0.613695
0 0.769432 1.248400 -0.505136 0.516357
0 0.768980 1.258124 -0.506972 0.537356
0 0.493076 1.042954 -0.607680 -0.598234
0 0.494838 1.051426 -0.609340 -0.508578
0 0.493800 1.043188 -0.606362 -0.598965
0 0.492382 1.044198 -0.618786 -0.519892
0 0.494523 1.055192 -0.609792 -0.502079
0 0.492228 1.046777 -0.618954 -0.520227
0 0.749134 1.228671 -0.595599 0.442253
0 0.751343 1.228211 -0.591549 0.438434
0 0.513555 1.046455 0.103264 0.157680
0 0.495755 1.043238 -0.597439 -0.519417
0 0.495445 1.042914 -0.597620 -0.523835
0 0.489731 1.033945 -0.615222 -0.661722
0 0.512431 0.902623 0.100577 0.050251
0 0.490740 1.033511 -0.619358 -0.667299
0 0.495201 1.035924 -0.609089 -0.553322
0 0.498078 1.054203 -0.600163 -0.502195
0 0.497623 1.046426 -0.592408 -0.516875
0 0.494154 1.033722 -0.612147 -0.563358
