0 0.589046 1.001991 0.385918 -0.812817
0 0.589775 1.002043 0.386696 -0.812952
0 0.590934 1.001889 0.388681 -0.813757
0 0.311258 0.636509 -0.375315 -0.941077
0 0.311809 0.636136 -0.374200 -0.940369
0 0.313811 0.638155 -0.372708 -0.936059
0 0.313256 0.637618 -0.373531 -0.935882
0 0.313212 0.638452 -0.373700 -0.935019
0 0.311983 0.638521 -0.377235 -0.934921
0 0.311338 0.636955 -0.378342 -0.938140
0 0.315329 0.639717 -0.373283 -0.935420
0 0.314621 0.639476 -0.374375 -0.936583
0 0.314583 0.639862 -0.374428 -0.935626
0 0.585778 1.005195 0.389480 -0.807515
0 0.586213 1.005542 0.387467 -0.805586
0 0.317071 0.630667 -0.366448 -0.941444
0 0.586736 1.005370 0.390898 -0.805332
0 0.317284 0.643658 -0.365805 -0.932162
0 0.481136 0.979525 -0.476135 -0.920966
0 0.481011 0.977926 -0.475198 -0.922873
0 0.492146 0.984583 -0.403731 -0.917458
0 0.491473 0.983479 -0.406058 -0.918604
0 0.310626 0.629176 -0.379826 -0.944152
0 0.491716 0.984442 -0.404186 -0.916331
0 0.495065 0.976214 -0.376356 -0.971538
0 0.314574 0.634347 -0.369125 -0.935265
0 0.314447 0.634709 -0.369430 -0.935289
0 0.312329 0.634721 -0.377179 -0.934411
0 0.485767 0.978052 -0.458746 -0.923807
0 0.312469 0.633625 -0.376996 -0.935126
0 0.494627 0.975865 -0.378104 -0.971984
0 0.313789 0.634311 -0.374253 -0.934451
0 0.495548 0.975698 -0.377162 -0.972219
0 0.316963 0.611885 -0.371404 -0.958292
0 0.317958 0.646558 -0.358738 -0.930884
0 0.601803 1.004343 0.380164 -0.828686
0 0.482247 0.984137 -0.462377 -0.935346
0 0.604682 1.004685 0.386781 -0.827187
0 0.607862 1.004013 0.393587 -0.827964
0 0.481517 0.982792 -0.465237 -0.937588
0 0.483257 0.982659 -0.461335 -0.936617
0 0.318465 0.629899 -0.360821 -0.940521
0 0.310537 0.642988 -0.380021 -0.933615
0 0.479419 0.995576 -0.483153 -0.896293
