0 0.749630 1.165448 -0.616271 -0.067511
0 0.750732 1.164334 -0.616435 -0.067434
0 0.358957 0.883009 0.243758 -0.099367
0 0.361469 0.883054 0.248467 -0.095092
0 0.360779 0.885565 0.246247 -0.098481
0 0.350346 0.877162 0.235563 -0.201254
0 0.612186 1.015721 0.111055 0.025941
0 0.352663 0.877099 0.239398 -0.201251
0 0.351078 0.878303 0.236718 -0.195544
0 0.427400 0.899129 0.299869 -0.032937
0 0.428440 0.897058 0.299945 -0.034506
0 0.430994 0.895601 0.303947 -0.036355
0 0.597261 1.012707 -0.007989 0.021215
0 0.596814 1.012788 -0.007305 0.023737
0 0.612849 1.001065 0.114029 0.003675
0 0.753942 1.156217 -0.602932 -0.156096
0 0.753013 1.153915 -0.602048 -0.161379
0 0.598632 1.002479 -0.005278 0.009144
0 0.753551 1.104767 -0.609710 -0.104710
0 0.386645 0.892153 0.268662 -0.167839
0 0.754974 1.104366 -0.609063 -0.106453
0 0.738458 1.152252 -0.677239 -0.095106
0 0.389714 0.893408 0.268876 -0.167489
0 0.392028 0.896839 0.272644 -0.160755
0 0.738031 1.152974 -0.677412 -0.092880
0 0.750514 1.104775 -0.614593 -0.181515
0 0.618888 1.070886 0.135913 0.032828
0 0.754767 1.065570 -0.607407 -0.177110
0 0.601678 1.089751 -0.001829 0.070369
