0 0.978906 0.439766 -1.488008 -0.272395
0 0.978961 0.439679 -1.487484 -0.272553
0 0.976044 0.439674 -1.491814 -0.271820
0 0.975990 0.441009 -1.491954 -0.269520
0 0.974904 0.440377 -1.495439 -0.271296
0 0.979329 0.439431 -1.485477 -0.272637
0 0.979420 0.439024 -1.486079 -0.274593
0 0.977993 0.436159 -1.491797 -0.277526
0 0.304523 0.411636 -0.304253 -0.378697
0 0.978170 0.436687 -1.491636 -0.277673
0 0.977167 0.437307 -1.494385 -0.276151
0 0.305478 0.412231 -0.301263 -0.378783
0 0.983713 0.437735 -1.485625 -0.273617
0 0.980389 0.435614 -1.493333 -0.273951
0 0.980111 0.436045 -1.493361 -0.272664
0 0.983429 0.438028 -1.486482 -0.272981
0 0.306537 0.408714 -0.297172 -0.383435
0 0.979097 0.436088 -1.495628 -0.273379
0 0.306772 0.408567 -0.296694 -0.382925
0 0.306437 0.407914 -0.297578 -0.384481
0 0.981127 0.437331 -1.495687 -0.275197
0 0.371948 0.427497 0.111096 -0.459777
0 0.372200 0.428151 0.111727 -0.459117
0 0.309801 0.411465 -0.289271 -0.380978
0 0.981023 0.438188 -1.495517 -0.275039
0 0.979929 0.438825 -1.497705 -0.273201
0 0.311356 0.412948 -0.286160 -0.380635
0 0.305702 0.404156 -0.293417 -0.385640
0 0.306919 0.405134 -0.291776 -0.383137
0 0.372766 0.429214 0.117848 -0.457516
0 0.983779 0.440259 -1.492806 -0.271342
0 0.983496 0.439730 -1.492804 -0.273553
0 0.368688 0.427252 0.114103 -0.457748
0 0.367570 0.427342 0.111459 -0.455722
0 0.306603 0.417953 -0.297798 -0.376591
0 0.307624 0.417526 -0.296249 -0.376789
0 0.306404 0.417257 -0.298174 -0.376980
0 0.503426 0.359976 -0.851543 -0.474333
0 0.503443 0.360171 -0.851694 -0.474508
0 0.581899 0.357001 -1.013728 -0.478224
0 0.529558 0.355067 -0.933791 -0.484480
0 0.585422 0.357238 -1.011646 -0.472213
0 0.404982 0.368277 -0.546525 -0.483087
0 0.581990 0.357202 -1.013828 -0.478765
0 0.581774 0.357273 -1.013414 -0.478315
0 0.585182 0.357518 -1.011929 -0.472180
0 0.370920 0.431091 0.174055 -0.452236
0 0.529525 0.355498 -0.933535 -0.484232
0 0.371991 0.431023 0.176663 -0.452778
0 0.371198 0.430940 0.174547 -0.450279
0 0.581309 0.361722 -1.013737 -0.472186
0 0.581188 0.361669 -1.013860 -0.472332
0 0.501534 0.361419 -0.846858 -0.471566
0 0.580756 0.361169 -1.014584 -0.472490
0 0.361764 0.428596 0.164863 -0.458349
0 0.528747 0.360137 -0.933805 -0.478832
0 0.584097 0.356594 -1.012012 -0.476198
0 0.363259 0.429023 0.167366 -0.458192
0 0.349804 0.432370 0.030984 -0.441627
0 0.502964 0.360626 -0.845977 -0.478293
0 0.502319 0.361410 -0.846642 -0.474972
0 0.502931 0.360378 -0.846470 -0.478197
0 0.581389 0.358210 -1.014395 -0.477886
0 0.501562 0.361442 -0.847130 -0.471324
0 0.305180 0.398544 -0.286792 -0.393722
0 0.348307 0.432327 0.029938 -0.441370
0 0.583835 0.356664 -1.011982 -0.476200
0 0.408150 0.369204 -0.543540 -0.483921
0 0.503141 0.360550 -0.845722 -0.478368
0 0.502147 0.361306 -0.846658 -0.471525
0 0.305557 0.397950 -0.286421 -0.394081
0 0.359519 0.434408 0.042750 -0.437607
0 0.502516 0.360062 -0.846571 -0.478641
0 0.528863 0.358658 -0.934472 -0.482050
0 0.581525 0.356456 -1.014184 -0.482386
0 0.305082 0.396903 -0.286874 -0.396006
0 0.307471 0.406769 -0.314600 -0.380741
0 0.305396 0.407321 -0.318854 -0.380860
0 0.502354 0.360568 -0.847117 -0.476972
0 0.581008 0.357157 -1.015270 -0.480360
0 0.527085 0.355330 -0.933453 -0.488346
0 0.528941 0.358280 -0.933764 -0.483472
0 0.408136 0.370259 -0.540309 -0.479860
0 0.200834 0.438210 0.137907 -0.401868
0 0.305347 0.406005 -0.319170 -0.382198
0 0.204823 0.434136 0.138490 -0.422876
0 0.527635 0.355180 -0.932782 -0.488917
0 0.206234 0.434310 0.141249 -0.422344
0 0.202488 0.438989 0.140656 -0.402234
0 0.527687 0.355767 -0.932490 -0.488058
