0 0.494431 0.827448 -0.770354 -0.967170
0 0.494130 0.827269 -0.770217 -0.968811
0 0.492659 0.811517 -0.777382 -0.980575
0 0.493296 0.813153 -0.775970 -0.978602
0 0.495911 0.787856 -0.769094 -1.002773
0 0.491981 0.817821 -0.778920 -1.051865
0 0.492938 0.817686 -0.775325 -0.985195
0 0.495825 0.787944 -0.769448 -1.002857
0 0.492745 0.818690 -0.775280 -0.983306
0 0.495591 0.787391 -0.769929 -1.003098
0 0.492850 0.818278 -0.774994 -0.984081
0 0.492718 0.820549 -0.777052 -1.036947
0 0.490387 0.799333 -0.780737 -1.173279
0 0.490190 0.798540 -0.781278 -1.175818
0 0.491821 0.794441 -0.780948 -1.200166
0 0.491642 0.795115 -0.781545 -1.198704
0 0.490218 0.799402 -0.781133 -1.171661
0 0.491668 0.794495 -0.781288 -1.199607
0 0.493331 0.794553 -0.778238 -1.198368
0 0.490907 0.794489 -0.784344 -1.188934
0 0.491268 0.798366 -0.783688 -1.202756
0 0.493786 0.798623 -0.777598 -1.181917
0 0.494401 0.753816 -0.772507 -1.023303
0 0.494658 0.778875 -0.776517 -1.009193
0 0.490772 0.797270 -0.784043 -1.184037
0 0.490889 0.800190 -0.783714 -1.199305
0 0.495292 0.756861 -0.771006 -1.019438
