0 0.715660 1.167840 -0.300112 0.157226
0 0.714874 1.167638 -0.299708 0.157641
0 0.381104 1.210903 0.160542 0.423255
0 0.787311 1.161792 -0.274714 0.140382
0 0.784794 1.163018 -0.276582 0.144790
0 0.083483 1.019094 0.056380 -0.681154
0 0.085600 1.018859 0.057235 -0.681281
0 0.106595 1.025407 0.071264 -0.660012
0 0.107443 1.024959 0.071531 -0.661945
0 0.722396 1.176469 -0.193534 0.183223
0 0.720729 1.176733 -0.198832 0.181370
0 0.775387 1.155129 -0.195043 0.103612
0 0.778251 1.153158 -0.188014 0.101569
0 0.812875 1.150326 -0.242392 0.078225
0 0.812554 1.150926 -0.244067 0.082594
0 0.074134 1.024585 0.051068 -0.676857
0 0.111134 1.025566 0.073352 -0.672604
0 0.112642 1.024714 0.073856 -0.673947
0 0.077853 1.022773 0.053574 -0.680523
0 0.835965 1.158202 0.062562 0.125077
0 0.851454 1.177116 0.464115 0.226978
0 0.075357 1.009048 0.048375 -0.694453
