0 0.319057 0.653288 -0.039605 -0.459978
0 0.318968 0.652407 -0.039924 -0.460923
0 0.319376 0.653126 -0.039373 -0.458839
0 0.322416 0.665531 -0.034672 -0.435662
0 0.322830 0.658458 -0.033614 -0.447715
0 0.316801 0.650834 -0.041730 -0.463832
0 0.317420 0.651396 -0.039697 -0.462112
0 0.318316 0.650145 -0.038768 -0.465655
0 0.317402 0.655466 -0.047383 -0.454784
0 0.317347 0.654589 -0.046693 -0.456600
0 0.317433 0.655531 -0.046781 -0.454653
0 0.318709 0.658215 -0.067315 -0.439782
0 0.319081 0.653804 -0.066828 -0.447414
0 0.321535 0.672730 -0.037219 -0.440316
0 0.321852 0.662725 -0.036150 -0.461679
