0 0.577910 0.892136 -0.769005 -1.015428
0 0.578005 0.894955 -0.769243 -1.012758
0 0.577657 0.894434 -0.769546 -1.012650
0 0.574492 0.894488 -0.777708 -1.012864
0 0.575755 0.894186 -0.774014 -1.008206
0 0.574934 0.894282 -0.776810 -1.013155
0 0.576265 0.892725 -0.774917 -1.017188
0 0.576301 0.895807 -0.775326 -1.013731
0 0.574005 0.895270 -0.779072 -1.014342
0 0.576354 0.893894 -0.773315 -1.009895
0 0.182861 0.563199 -0.102505 -0.448490
0 0.182525 0.563285 -0.102760 -0.446527
0 0.182249 0.565972 -0.103189 -0.445327
0 0.182419 0.566363 -0.103002 -0.444513
0 0.182306 0.565242 -0.103871 -0.448134
0 0.181939 0.565335 -0.104706 -0.448858
0 0.182237 0.565394 -0.104081 -0.447566
0 0.181938 0.553235 -0.104331 -0.457522
0 0.181852 0.554600 -0.105088 -0.455801
0 0.182074 0.553201 -0.104450 -0.458147
0 0.339145 0.560277 -0.414416 -0.607612
0 0.339152 0.559476 -0.414674 -0.609715
0 0.575285 0.891286 -0.778504 -1.018795
0 0.337281 0.557499 -0.414162 -0.607606
0 0.338528 0.555396 -0.412614 -0.610819
0 0.337503 0.557213 -0.414080 -0.610185
0 0.337380 0.559365 -0.418437 -0.605091
0 0.576048 0.891638 -0.777727 -1.017863
0 0.337580 0.555558 -0.413416 -0.609733
0 0.337392 0.555046 -0.413974 -0.611604
0 0.337520 0.558805 -0.417930 -0.605203
0 0.337449 0.559529 -0.418540 -0.605547
0 0.578873 0.895351 -0.764330 -1.005667
0 0.388164 0.575190 -0.628875 -0.752456
0 0.387784 0.576755 -0.631066 -0.750057
0 0.388329 0.576624 -0.628914 -0.752342
0 0.387766 0.577704 -0.630780 -0.747065
0 0.387433 0.577595 -0.631649 -0.748150
0 0.338365 0.556739 -0.419652 -0.609703
0 0.182061 0.594023 -0.104733 -0.423198
0 0.338824 0.557422 -0.419042 -0.608329
0 0.578873 0.895679 -0.771747 -1.009642
0 0.181892 0.593265 -0.104973 -0.427213
0 0.388662 0.576462 -0.629893 -0.751880
0 0.388709 0.577259 -0.629884 -0.749569
0 0.388727 0.577277 -0.629362 -0.749865
0 0.181450 0.577795 -0.104114 -0.441533
0 0.180578 0.578307 -0.105818 -0.440322
0 0.180826 0.579264 -0.105391 -0.438372
0 0.576899 0.892891 -0.772687 -1.021267
0 0.577115 0.891763 -0.772054 -1.023478
0 0.388117 0.576489 -0.629523 -0.756956
0 0.387661 0.577081 -0.633309 -0.758459
0 0.387462 0.577605 -0.633399 -0.757849
0 0.577011 0.892352 -0.772547 -1.022808
0 0.389278 0.573738 -0.627465 -0.753865
0 0.387706 0.575920 -0.629521 -0.757542
0 0.389224 0.577059 -0.623254 -0.748015
0 0.579148 0.892726 -0.766986 -1.015663
0 0.337963 0.547746 -0.417155 -0.610581
0 0.388935 0.573671 -0.627576 -0.753996
0 0.081578 0.624899 0.055345 -0.391635
0 0.082192 0.624881 0.055619 -0.392114
0 0.338027 0.565279 -0.419829 -0.605212
0 0.387743 0.575045 -0.632901 -0.754269
0 0.337143 0.558612 -0.417552 -0.607097
0 0.387796 0.575505 -0.632530 -0.753300
0 0.337820 0.566104 -0.420184 -0.604240
0 0.337851 0.563933 -0.419624 -0.607085
0 0.180951 0.538731 -0.109944 -0.454276
0 0.180712 0.537469 -0.110631 -0.458556
0 0.182201 0.541883 -0.102390 -0.463895
0 0.084567 0.530673 0.055306 -0.458001
0 0.082465 0.628519 0.054694 -0.395820
0 0.181470 0.544741 -0.104056 -0.462544
0 0.081907 0.627234 0.053693 -0.399188
0 0.084678 0.534799 0.054792 -0.454720
0 0.181766 0.541624 -0.103579 -0.464045
0 0.391763 0.576205 -0.621903 -0.749152
