0 0.408057 1.021175 -0.103596 -0.474294
0 0.408585 1.020973 -0.102691 -0.476197
0 0.408019 1.022088 -0.104501 -0.474733
0 0.410280 1.011915 -0.098689 -0.484998
0 0.410294 1.012587 -0.099069 -0.483567
0 0.406840 1.016621 -0.106119 -0.479444
0 0.407033 1.016522 -0.107995 -0.479164
0 0.410412 1.012712 -0.097906 -0.485494
0 0.406900 1.015074 -0.106181 -0.482565
0 0.565558 1.217175 -0.124465 0.579449
0 0.566225 1.216500 -0.120341 0.577187
0 0.405959 1.001428 -0.109019 -0.509574
0 0.406475 1.009361 -0.103845 -0.532629
0 0.569390 1.187288 -0.112066 0.512625
0 0.568880 1.186765 -0.115715 0.509003
0 0.394328 0.996435 -0.102913 -0.518428
