0 0.721281 1.021187 0.434058 -0.239792
0 0.714952 1.020802 0.424463 -0.238210
0 0.721188 1.018046 0.410662 -0.239216
0 0.720769 1.019609 0.415350 -0.235066
0 0.681238 1.010388 -1.034759 0.135871
0 0.680383 1.007428 -1.043450 0.040401
0 0.679033 0.990999 -1.045315 0.008059
0 0.698545 1.018930 0.392409 -0.248532
0 0.714680 1.008358 0.435803 -0.273395
0 0.714938 1.005836 0.437954 -0.277923
0 0.702019 0.961097 -0.531557 -0.266438
0 0.698653 0.962179 -0.537132 -0.262772
0 0.699066 0.962252 -0.536279 -0.260647
0 0.700168 1.014972 0.368915 -0.250807
0 0.703055 0.940390 -0.567940 -0.274886
0 0.702141 0.937380 -0.568511 -0.281040
0 0.700774 0.940925 -0.573366 -0.271050
0 0.704551 0.937502 -0.573627 -0.282890
0 0.677202 0.998190 -1.059374 0.003062
0 0.702839 0.937684 -0.577507 -0.281387
0 0.703893 0.935596 -0.574621 -0.290988
0 0.736471 1.039317 0.424377 -0.220003
0 0.728055 1.038430 0.406111 -0.221550
0 0.676909 0.987692 -1.061282 -0.015051
