0 0.839801 0.835710 0.412475 0.006834
0 0.718522 0.724191 -0.233831 -0.641393
0 0.718797 0.723873 -0.233259 -0.640011
0 0.719782 0.723707 -0.232835 -0.638737
0 0.843059 0.838824 0.430433 0.035934
0 1.160199 0.833378 0.697193 0.044954
0 0.857636 0.829524 0.593963 -0.005670
0 0.864657 0.830497 0.606372 -0.003381
0 0.714273 0.724660 -0.232378 -0.637330
0 0.712374 0.722953 -0.235768 -0.639594
0 0.723288 0.719538 -0.238412 -0.647329
0 0.722692 0.719783 -0.239558 -0.645055
0 0.721913 0.719513 -0.241325 -0.644030
0 0.713591 0.723639 -0.232831 -0.637375
