0 0.601504 0.164461 -1.052367 -0.121683
0 0.602248 0.165466 -1.050484 -0.120080
0 0.731733 1.081079 -0.737312 -0.353052
0 0.423265 0.195280 -0.626426 -0.123716
0 0.730850 1.080148 -0.738483 -0.354865
0 0.599567 0.165638 -1.054479 -0.120403
0 0.269005 0.283285 -0.329210 -0.170218
0 0.425695 0.196155 -0.620733 -0.122009
0 0.731791 1.079290 -0.738240 -0.365917
0 0.600062 0.165906 -1.053558 -0.120678
0 0.269376 0.282584 -0.328544 -0.171706
0 0.268284 0.283105 -0.333347 -0.169196
0 0.268901 0.282763 -0.332834 -0.169594
0 0.599408 0.165928 -1.054452 -0.120001
0 0.268443 0.283336 -0.333066 -0.168382
0 0.269407 0.283775 -0.328770 -0.163949
0 0.600045 0.165564 -1.054087 -0.120418
0 0.600028 0.166372 -1.053987 -0.119308
0 0.599554 0.165587 -1.054101 -0.120081
0 0.269665 0.283472 -0.328725 -0.165413
0 0.599451 0.164241 -1.054368 -0.119394
0 0.533297 0.210848 -0.946457 -0.120434
0 0.599360 0.167116 -1.054494 -0.121717
0 0.424054 0.194010 -0.625044 -0.127656
0 0.423532 0.196303 -0.622128 -0.125133
0 0.533063 0.211133 -0.947200 -0.119671
0 0.599634 0.167273 -1.054301 -0.121020
0 0.423663 0.194292 -0.625781 -0.126572
0 0.423787 0.194131 -0.625257 -0.127650
0 0.533211 0.208802 -0.945216 -0.122490
0 0.533068 0.211175 -0.947012 -0.118980
0 0.268331 0.283649 -0.330968 -0.168065
0 0.268520 0.285005 -0.330620 -0.164512
0 0.533018 0.208724 -0.945576 -0.122644
0 0.600278 0.164655 -1.053092 -0.121317
0 0.422065 0.195077 -0.623057 -0.125815
0 0.599704 0.164620 -1.053696 -0.121265
0 0.422832 0.194614 -0.622211 -0.126217
0 0.423978 0.194622 -0.630965 -0.128592
0 0.421918 0.195190 -0.623294 -0.124708
0 0.533191 0.208502 -0.946442 -0.122098
0 0.600426 0.165417 -1.052957 -0.120812
0 0.599729 0.165852 -1.054850 -0.118776
0 0.727840 1.077148 -0.747437 -0.359822
0 0.670673 0.898756 -0.655240 0.225311
0 0.423453 0.194690 -0.631947 -0.128697
0 0.533421 0.208173 -0.945633 -0.122455
0 0.733791 1.079255 -0.740267 -0.342726
0 0.423444 0.193836 -0.627148 -0.124797
0 0.727581 1.077177 -0.746890 -0.357838
0 0.669825 0.889532 -0.655489 0.207653
0 0.423409 0.194841 -0.627230 -0.123894
0 0.423061 0.194837 -0.628304 -0.124083
0 0.532800 0.209440 -0.948032 -0.120904
0 0.423523 0.196029 -0.622148 -0.125815
0 0.286190 0.150594 -0.410162 -0.118795
0 0.532454 0.209968 -0.947864 -0.119888
0 0.728526 1.078378 -0.746108 -0.364662
0 0.532885 0.210045 -0.948000 -0.120299
0 0.637590 1.253834 0.389170 0.688882
0 0.425155 0.194121 -0.619834 -0.124498
0 0.423967 0.194238 -0.628833 -0.126815
0 0.285992 0.151676 -0.408390 -0.119497
0 0.286408 0.150372 -0.409005 -0.119562
0 0.285736 0.152148 -0.408158 -0.118721
0 0.423285 0.194251 -0.630727 -0.126690
0 0.270629 0.286456 -0.330497 -0.165529
0 0.424154 0.193344 -0.620228 -0.125676
0 0.269504 0.284063 -0.332146 -0.165730
0 0.286227 0.150273 -0.408137 -0.120619
0 0.423495 0.194599 -0.621368 -0.125143
0 0.270807 0.285727 -0.330723 -0.166397
0 0.286482 0.149837 -0.407457 -0.121043
0 0.270708 0.283148 -0.331540 -0.168235
0 0.271814 0.283044 -0.329250 -0.168729
0 0.270613 0.284229 -0.330821 -0.168699
0 0.536916 0.206928 -0.939544 -0.122746
0 0.268956 0.284192 -0.333100 -0.165899
0 0.423818 0.194514 -0.621069 -0.124578
0 0.270885 0.283428 -0.331367 -0.167634
0 0.287398 0.149453 -0.408841 -0.117657
0 0.285721 0.149735 -0.407915 -0.122320
0 0.731945 1.081876 -0.737192 -0.355010
0 0.285961 0.152402 -0.407964 -0.118347
0 0.424102 0.193622 -0.621448 -0.125339
0 0.730097 1.080615 -0.738783 -0.358376
0 0.731352 1.076983 -0.739922 -0.367368
0 0.663017 0.824080 -0.659952 0.127116
0 0.599408 0.169008 -1.054460 -0.117113
0 0.535100 0.209069 -0.942217 -0.118485
0 0.286557 0.150666 -0.407820 -0.120106
0 0.531983 0.210250 -0.945394 -0.119436
0 0.534703 0.209372 -0.943240 -0.120139
0 0.532094 0.210572 -0.944956 -0.120723
0 0.284108 0.151093 -0.410315 -0.121032
0 0.663044 0.822386 -0.658705 0.124458
0 0.599824 0.169255 -1.053587 -0.116914
0 0.531624 0.210214 -0.946250 -0.120595
0 0.670028 0.836861 -0.656097 0.121935
0 0.284500 0.151101 -0.409323 -0.120914
0 0.734809 1.052731 -0.738203 -0.359844
0 0.425888 0.198146 -0.618589 -0.118774
0 0.662501 0.812870 -0.661338 0.104077
0 0.265447 0.282993 -0.334011 -0.164285
0 0.265912 0.278995 -0.333331 -0.165041
0 0.600926 0.160947 -1.052867 -0.118935
0 0.598484 0.164477 -1.054495 -0.121814
0 0.263018 0.280383 -0.336468 -0.161588
0 0.601172 0.160991 -1.052501 -0.119003
0 0.265708 0.279334 -0.333875 -0.164794
0 0.598122 0.164362 -1.054976 -0.122235
0 0.533208 0.213345 -0.942982 -0.118880
0 0.282197 0.151189 -0.417249 -0.118664
0 0.265792 0.282854 -0.333868 -0.164885
0 0.533166 0.213165 -0.942921 -0.119083
0 0.537559 0.211167 -0.945558 -0.117484
0 0.288150 0.147542 -0.405997 -0.120292
0 0.423842 0.197278 -0.624632 -0.120267
0 0.263579 0.280636 -0.335870 -0.161657
0 0.424289 0.196244 -0.617886 -0.126057
0 0.287586 0.148993 -0.402293 -0.120704
0 0.537757 0.212609 -0.945327 -0.115140
0 0.537667 0.211860 -0.944893 -0.116789
0 0.536150 0.213309 -0.944903 -0.120181
0 0.536041 0.213095 -0.945259 -0.120828
0 0.287485 0.148747 -0.402681 -0.121167
0 0.729461 1.066831 -0.745228 -0.294278
0 0.730823 1.065462 -0.743742 -0.296298
0 0.422490 0.194424 -0.632382 -0.131408
0 0.265394 0.277250 -0.334859 -0.162273
0 0.288409 0.148915 -0.407052 -0.117269
0 0.265317 0.276042 -0.335282 -0.165042
0 0.287477 0.149668 -0.402323 -0.120872
0 0.601988 0.164685 -1.056769 -0.119464
0 0.734109 1.017513 -0.739792 -0.346756
0 0.280664 0.150680 -0.416392 -0.123429
