0 0.264215 0.910454 -0.314894 -1.450954
0 0.264549 0.912026 -0.313576 -1.448465
0 0.530090 0.981529 -0.688721 -1.564344
0 0.262734 0.913667 -0.314530 -1.452467
0 0.290910 0.894683 -0.438576 -1.593072
0 0.499064 0.984423 -0.711520 -1.573164
0 0.290761 0.895071 -0.439233 -1.592654
0 0.530460 0.982008 -0.688697 -1.562088
0 0.499361 0.984119 -0.711795 -1.573872
0 0.499554 0.985109 -0.711678 -1.572252
0 0.115963 0.898842 -0.033328 -1.597811
0 0.517249 0.983259 -0.696532 -1.569380
0 0.288740 0.894734 -0.446243 -1.593028
0 0.288467 0.893879 -0.448751 -1.595204
0 0.518545 0.983445 -0.695289 -1.571190
0 0.116480 0.898514 -0.033111 -1.596650
0 0.288278 0.893664 -0.449641 -1.595782
0 0.288811 0.894958 -0.445973 -1.592436
0 0.116631 0.898885 -0.033541 -1.595815
0 0.115652 0.898517 -0.037425 -1.596213
0 0.265770 0.915744 -0.309986 -1.449509
0 0.265935 0.915131 -0.310393 -1.449422
0 0.289194 0.893704 -0.444901 -1.593240
0 0.266037 0.915288 -0.310450 -1.449662
0 0.117443 0.899088 -0.032706 -1.594962
0 0.117231 0.898476 -0.035508 -1.594654
0 0.263219 0.913042 -0.313134 -1.453392
0 0.116896 0.899636 -0.033592 -1.594141
0 0.264977 0.911926 -0.314826 -1.451190
0 0.289339 0.894604 -0.444803 -1.591430
0 0.524363 0.980887 -0.696781 -1.570348
0 0.526213 0.980953 -0.693514 -1.570554
0 0.117062 0.898673 -0.034773 -1.594207
0 0.524601 0.981273 -0.696749 -1.570382
0 0.264635 0.911839 -0.316270 -1.451537
0 0.496835 0.978699 -0.721201 -1.583202
0 0.264587 0.911208 -0.315920 -1.452690
0 0.289333 0.895260 -0.444855 -1.586456
0 0.117165 0.896704 -0.034605 -1.595488
0 0.116540 0.899670 -0.037606 -1.595185
0 0.288822 0.894223 -0.449273 -1.595083
0 0.494000 0.984747 -0.716695 -1.575244
0 0.116951 0.900298 -0.037407 -1.594148
0 0.493692 0.984024 -0.717629 -1.576541
0 0.493832 0.984854 -0.717559 -1.574718
0 0.290465 0.894226 -0.438893 -1.594862
0 0.117317 0.900915 -0.032445 -1.592383
0 0.117295 0.900520 -0.032072 -1.592498
0 0.117163 0.900966 -0.036778 -1.592958
0 0.289836 0.895870 -0.443717 -1.588035
0 0.289454 0.896892 -0.444833 -1.587492
0 0.537525 0.977709 -0.684433 -1.558288
0 0.537649 0.977271 -0.685384 -1.557792
0 0.505073 0.977515 -0.712782 -1.582668
0 0.265658 0.911889 -0.314089 -1.458886
0 0.497086 0.987494 -0.713695 -1.569025
0 0.263352 0.917997 -0.312588 -1.447891
0 0.497407 0.985986 -0.713104 -1.571255
0 0.263349 0.918253 -0.312754 -1.449044
0 0.114049 0.899250 -0.032316 -1.595507
0 0.263826 0.918257 -0.311831 -1.448060
0 0.569157 0.940891 -1.060877 -1.616212
0 0.113470 0.899127 -0.033204 -1.596117
0 0.265300 0.911004 -0.314091 -1.460600
0 0.569076 0.941198 -1.060715 -1.615671
0 0.265415 0.901809 -0.315536 -1.456583
0 0.288950 0.894254 -0.444934 -1.595924
0 0.289586 0.894034 -0.444269 -1.596098
0 0.290919 0.895212 -0.444826 -1.590420
0 0.290391 0.895785 -0.446178 -1.590528
0 0.569260 0.938369 -1.058729 -1.616117
0 0.265752 0.902312 -0.314693 -1.454546
0 0.494313 0.981724 -0.726086 -1.583236
0 0.569562 0.939634 -1.057722 -1.613757
0 0.309508 0.899140 -0.313299 -1.554554
0 0.568900 0.937544 -1.058623 -1.616434
0 0.568652 0.938166 -1.058002 -1.612812
0 0.569684 0.938655 -1.057541 -1.615553
0 0.266678 0.904503 -0.308335 -1.452547
0 0.568621 0.939832 -1.061499 -1.617471
0 0.290757 0.896769 -0.445657 -1.588232
0 0.569415 0.938064 -1.057394 -1.614922
0 0.291033 0.892412 -0.445737 -1.592841
0 0.266631 0.905522 -0.308446 -1.452375
0 0.569097 0.939630 -1.056929 -1.610433
0 0.266704 0.904303 -0.308459 -1.453078
0 0.116047 0.898049 -0.049110 -1.594978
0 0.117566 0.896556 -0.031706 -1.607776
0 0.569583 0.938092 -1.057151 -1.615279
0 0.287028 0.891274 -0.448972 -1.594910
0 0.116070 0.898020 -0.049295 -1.595336
0 0.291196 0.892852 -0.445575 -1.592118
0 0.569226 0.938618 -1.056840 -1.611695
0 0.118113 0.896654 -0.030725 -1.607618
0 0.514592 0.983549 -0.706445 -1.569656
0 0.287038 0.891771 -0.448779 -1.593903
0 0.569707 0.939243 -1.060812 -1.616117
0 0.514940 0.984480 -0.706200 -1.568629
0 0.569642 0.939751 -1.060988 -1.614784
0 0.289452 0.896521 -0.443731 -1.591272
0 0.515907 0.984184 -0.704382 -1.568818
0 0.537370 0.970461 -0.707486 -1.566554
0 0.488483 0.975948 -0.735916 -1.588704
0 0.491609 0.982111 -0.718800 -1.578623
0 0.535456 0.969975 -0.713054 -1.568035
0 0.537480 0.969609 -0.707155 -1.567755
