0 0.351436 1.108717 -0.133601 -0.620832
0 0.351521 1.107117 -0.133299 -0.624522
0 0.351892 1.108648 -0.133402 -0.619189
0 0.350213 1.124677 -0.134007 -0.596803
0 0.350032 1.126823 -0.133785 -0.593519
0 0.350498 1.126962 -0.133505 -0.590602
0 0.893235 1.371345 0.237921 0.931549
0 0.357457 1.107909 -0.124331 -0.620317
0 0.367598 1.106048 -0.128317 -0.620902
0 0.369446 1.105956 -0.123891 -0.622464
0 0.367638 1.105537 -0.125611 -0.626797
0 0.361249 1.123880 -0.119786 -0.624680
0 0.353537 1.107721 -0.129628 -0.618454
