0 0.599358 0.045641 -0.574523 0.031830
0 0.377596 0.723238 0.251924 -0.572981
0 0.379093 0.723796 0.256187 -0.573462
0 0.379139 0.725771 0.255623 -0.570587
0 0.865484 0.723167 -0.231851 0.118975
0 0.876563 0.724120 -0.202687 0.120072
0 0.917748 0.742375 -0.237618 0.123762
0 0.564995 0.045067 -0.589854 0.031088
0 0.385398 0.723818 0.264088 -0.558489
0 0.912614 0.741949 -0.246055 0.121509
0 0.563478 0.045182 -0.602274 0.028819
0 0.385913 0.721775 0.265389 -0.566073
0 0.384045 0.722737 0.262953 -0.560075
0 0.561791 0.045700 -0.608007 0.029562
0 0.553388 0.044529 -0.620273 0.028091
0 0.561064 0.046513 -0.632568 0.031613
0 0.553825 0.045919 -0.622707 0.029573
0 0.554228 0.041739 -0.616289 0.027565
0 0.552374 0.044172 -0.606920 0.028961
0 0.555311 0.046187 -0.618740 0.032270
0 0.549112 0.043816 -0.612312 0.028771
0 1.058435 0.768135 -0.002979 0.074957
0 0.560636 0.043863 -0.630442 0.029396
0 1.044899 0.767640 -0.030469 0.067903
0 0.565072 0.045373 -0.599066 0.030371
0 0.383511 0.738724 0.269536 -0.533279
0 0.970612 0.758884 -0.077045 0.087388
0 0.562414 0.046974 -0.606854 0.031800
0 0.967588 0.759419 -0.082839 0.087228
0 0.641024 0.044956 -0.570462 0.031924
0 0.379225 0.720327 0.257447 -0.606651
0 0.380945 0.721458 0.260726 -0.604795
0 0.635328 0.047443 -0.548576 0.032971
0 0.381948 0.722862 0.262042 -0.602970
0 0.544704 0.044460 -0.608398 0.028751
0 0.548749 0.044538 -0.600330 0.029103
0 0.551081 0.040859 -0.600548 0.027353
0 0.637269 0.050116 -0.550803 0.035040
