0 0.647775 0.513007 -0.629702 0.036785
0 0.646392 0.514249 -0.632521 0.035988
0 0.659670 0.504412 -0.615280 0.012116
0 0.646743 0.512946 -0.631615 0.037933
0 0.646775 0.513211 -0.632886 0.038444
0 0.645674 0.514612 -0.633805 0.036816
0 0.644968 0.515362 -0.633971 0.037506
0 0.445297 0.483664 -0.320473 -0.000701
0 0.445606 0.484977 -0.320143 0.000792
0 0.444901 0.485185 -0.321088 0.002432
0 0.657146 0.502066 -0.613171 0.014879
0 0.323543 0.519824 -0.040296 0.045029
0 0.324041 0.519280 -0.040692 0.042886
0 0.324032 0.519653 -0.040705 0.043990
0 0.318841 0.517972 -0.043075 0.037856
0 0.318933 0.518011 -0.042912 0.039477
0 0.319626 0.518831 -0.041783 0.038157
0 0.442553 0.488903 -0.323253 0.000481
0 0.443877 0.490949 -0.322420 0.003930
0 0.645831 0.517964 -0.637183 0.038549
0 0.443330 0.495751 -0.323585 0.013617
0 0.645965 0.517722 -0.635412 0.037022
0 0.646100 0.517151 -0.635434 0.034808
0 0.234907 0.443546 -0.370547 -0.432022
0 0.234947 0.443403 -0.370115 -0.433933
0 0.235523 0.446729 -0.368918 -0.433196
0 0.234828 0.444766 -0.370755 -0.433335
0 0.446579 0.476272 -0.314938 0.027336
0 0.235654 0.446248 -0.368542 -0.434596
0 0.235527 0.446376 -0.368875 -0.435694
0 0.444075 0.496032 -0.319903 0.043029
0 0.656027 0.508177 -0.621174 0.008210
0 0.447847 0.490029 -0.306245 0.001501
0 0.446501 0.487232 -0.309206 -0.002197
0 0.444757 0.491195 -0.312303 0.004293
0 0.234894 0.446033 -0.371265 -0.435913
0 0.488241 1.041442 0.316649 -0.578641
0 0.489420 1.040252 0.319944 -0.578093
0 0.235218 0.442733 -0.370837 -0.443579
0 0.319061 0.505534 -0.037632 0.031038
0 0.318820 0.505364 -0.038215 0.030473
0 0.652051 0.515355 -0.610219 0.020657
0 0.490963 1.041081 0.321160 -0.581274
0 0.320105 0.504147 -0.035863 0.026445
0 0.658818 0.489243 -0.621217 0.019195
0 0.328268 0.506597 -0.040759 0.024626
0 0.492396 1.039161 0.331292 -0.586880
0 0.641489 0.523670 -0.634137 0.042437
0 0.491780 1.037344 0.331277 -0.586067
0 0.641701 0.522506 -0.634465 0.040400
0 0.642138 0.522368 -0.634339 0.038891
0 0.492290 1.039234 0.330569 -0.587225
0 0.316741 0.507373 -0.058827 0.026665
0 0.236656 0.448039 -0.368182 -0.439125
0 0.235526 0.442867 -0.371119 -0.433270
0 0.237104 0.449444 -0.367294 -0.437322
0 0.235574 0.440296 -0.371137 -0.439252
0 0.236897 0.450699 -0.368148 -0.435688
0 0.446669 0.458469 -0.314072 -0.006148
0 0.321292 0.524077 -0.059823 0.018182
