0 0.602975 0.585901 -0.228067 0.370261
0 0.616673 0.588405 -0.201236 0.375727
0 0.617945 0.587299 -0.199353 0.371907
0 0.155233 1.111537 0.102970 0.025783
0 0.619409 0.586279 -0.167245 0.368256
0 0.604030 0.582802 -0.198664 0.362665
0 0.617726 0.585455 -0.169676 0.365466
0 0.150770 1.120028 0.099382 -0.035420
0 0.141956 1.005577 0.074497 -0.741187
0 0.677642 1.018977 -0.968180 -0.677198
0 0.141551 1.007045 0.073186 -0.740047
0 0.703526 0.568758 -0.869674 -0.051871
0 0.685597 1.015634 -0.962110 -0.736568
