0 0.182916 0.384122 -0.051927 0.163373
0 0.182461 0.383918 -0.054654 0.164251
0 0.188157 0.385695 -0.016756 0.172804
0 0.604539 0.392261 -0.865020 0.153059
0 0.188301 0.387095 -0.039323 0.170368
0 0.604520 0.392308 -0.865058 0.155219
0 0.188693 0.385699 -0.014470 0.172043
0 0.188550 0.386572 -0.038316 0.170412
0 0.601223 0.396207 -0.872268 0.154783
0 0.601598 0.394455 -0.870842 0.152502
0 0.601302 0.395156 -0.872253 0.150110
0 0.600245 0.385449 -0.863625 0.122800
0 0.600144 0.384553 -0.862998 0.122420
0 0.572886 0.748104 -0.016650 0.242836
0 0.573213 0.746725 -0.015116 0.238372
0 0.573011 0.738025 -0.015698 0.231389
0 0.184896 0.384666 -0.054667 0.159804
0 0.184479 0.387667 -0.054367 0.164076
0 0.286644 0.314678 -0.288721 0.060066
0 0.185774 0.384631 -0.052755 0.161589
0 0.286965 0.315181 -0.288086 0.058688
0 0.604693 0.399433 -0.867584 0.135552
0 0.475586 0.392189 -0.672958 0.166349
0 0.605059 0.399360 -0.866900 0.136423
0 0.282503 0.314794 -0.292398 0.058973
0 0.475105 0.391656 -0.673357 0.166751
0 0.282090 0.315458 -0.292246 0.060165
0 0.605053 0.398648 -0.867017 0.133974
0 0.607653 0.407661 -0.863642 0.206652
0 0.607955 0.408827 -0.863358 0.208572
0 0.570083 0.734659 -0.015842 0.188509
0 0.570547 0.736024 -0.013421 0.192085
0 0.531055 0.370346 -0.737413 0.030743
0 0.544417 0.379381 -0.635268 0.083534
0 0.275836 0.306705 -0.297729 0.038158
0 0.572119 0.736803 -0.011695 0.193106
0 0.593672 0.389405 -0.864798 0.139699
0 0.531071 0.370430 -0.736718 0.031312
0 0.544249 0.377513 -0.634390 0.079711
0 0.275118 0.305893 -0.299556 0.036866
0 0.593595 0.391559 -0.865398 0.141985
0 0.275143 0.306086 -0.299511 0.035964
0 0.573137 0.755512 -0.012428 0.142974
0 0.593500 0.390615 -0.865541 0.137852
0 0.469281 0.386303 -0.684491 0.164110
0 0.468874 0.384334 -0.685686 0.161000
0 0.572218 0.745006 -0.012839 0.129753
0 0.199387 0.389878 0.030041 0.223197
0 0.468512 0.385955 -0.686281 0.165085
0 0.574516 0.757694 -0.008597 0.152175
0 0.474923 0.388870 -0.670091 0.161418
0 0.475553 0.388650 -0.669718 0.161404
0 0.572357 0.753227 -0.013338 0.138805
0 0.536071 0.371265 -0.733213 0.037813
0 0.536357 0.371593 -0.732330 0.037344
0 0.289513 0.305861 -0.288653 0.059690
0 0.289387 0.304902 -0.288539 0.057351
0 0.533056 0.370795 -0.738087 0.036387
0 0.289246 0.303350 -0.288941 0.055521
0 0.571322 0.751764 -0.016632 0.134568
0 0.193228 0.377169 -0.030156 0.167180
0 0.572325 0.745555 -0.014736 0.126873
