0 0.350896 1.145986 0.053457 0.007355
0 0.346985 1.144724 0.046145 0.000955
0 0.346342 1.145194 0.044919 0.002739
0 0.693859 1.231615 -0.951795 0.476023
0 0.696865 1.244313 -0.938919 0.495379
0 0.712718 1.246648 -0.855368 0.506820
0 0.711698 1.231880 -0.856045 0.485589
0 0.690846 1.202199 -0.973397 0.360496
0 0.360704 1.152603 0.058172 0.046685
0 0.695794 1.202525 -0.946965 0.357372
0 0.712873 1.194907 -0.852047 0.335161
0 0.711943 1.193982 -0.851994 0.338174
0 0.761357 1.247251 -0.087839 0.494516
0 0.759985 1.244617 -0.090858 0.489140
