0 0.508396 0.529934 -0.290274 -0.095522
0 0.507746 0.527598 -0.291282 -0.102203
0 0.506818 0.530386 -0.291493 -0.101327
0 0.506478 0.585573 -0.286943 -0.060892
0 0.505507 0.587120 -0.286549 -0.057884
0 0.507092 0.589551 -0.285946 -0.056810
0 0.514373 0.478060 -0.273096 -0.124310
0 0.516286 0.511685 -0.268651 -0.109993
0 0.515279 0.474931 -0.271487 -0.127610
0 0.519026 0.577075 -0.260431 -0.058301
0 0.509736 0.494285 -0.289481 -0.117411
0 0.507437 0.478277 -0.293475 -0.128354
0 0.509234 0.496666 -0.290695 -0.116940
0 0.509488 0.492863 -0.289932 -0.117648
0 0.508826 0.478185 -0.291813 -0.128050
0 0.508446 0.478588 -0.291868 -0.127179
0 0.508578 0.612653 -0.291963 -0.039638
0 0.509383 0.611492 -0.290615 -0.040691
0 0.509851 0.612982 -0.289958 -0.040014
0 0.517142 0.501350 -0.267638 -0.118689
0 0.507115 0.479101 -0.276653 -0.118735
0 0.516682 0.611829 -0.263388 -0.047714
0 0.507190 0.474075 -0.275395 -0.126011
0 0.507743 0.507510 -0.273472 -0.108929
