0 0.630421 0.827498 -0.819986 -0.965840
0 0.630830 0.828283 -0.819321 -0.964281
0 0.631905 0.818016 -0.815294 -0.981819
0 0.631853 0.818241 -0.815463 -0.981555
0 0.630463 0.827793 -0.819135 -0.964320
0 0.630417 0.828655 -0.818053 -0.962671
0 0.629868 0.828159 -0.818909 -0.962462
0 0.630196 0.828877 -0.818221 -0.961641
0 0.629056 0.824940 -0.823852 -0.968318
0 0.628946 0.825894 -0.825155 -0.966729
0 0.628487 0.817731 -0.821562 -0.982464
0 0.628444 0.824814 -0.823373 -0.968403
0 0.255429 0.760450 -0.360378 -1.294926
0 0.256938 0.758182 -0.361579 -1.303172
0 0.628574 0.819331 -0.808441 -0.975820
0 0.255924 0.759866 -0.362750 -1.298280
0 0.256308 0.759740 -0.362758 -1.298465
0 0.255779 0.760219 -0.362926 -1.297662
0 0.255160 0.760531 -0.363941 -1.293526
0 0.628497 0.819058 -0.808742 -0.976721
0 0.255273 0.760546 -0.363948 -1.293369
0 0.255275 0.761207 -0.363800 -1.293510
0 0.633204 0.827500 -0.816659 -0.966379
0 0.633442 0.825562 -0.816314 -0.970181
0 0.626044 0.818632 -0.813991 -0.977386
0 0.256124 0.757419 -0.362185 -1.301436
0 0.254150 0.757552 -0.364003 -1.291222
0 0.256499 0.757394 -0.361950 -1.301383
0 0.630003 0.827233 -0.822808 -0.967195
0 0.255606 0.759632 -0.364387 -1.295601
0 0.255922 0.759096 -0.363884 -1.296685
0 0.622834 0.816038 -0.863209 -0.987170
