0 0.614146 1.273863 -0.653753 -0.853093
0 0.614198 1.272027 -0.652289 -0.849329
0 0.614513 1.272112 -0.651678 -0.846263
0 0.617617 1.277985 -0.648326 -0.852934
0 0.617827 1.275783 -0.646882 -0.856956
0 0.614090 1.259218 -0.651716 -0.861393
0 0.613908 1.258422 -0.652420 -0.857390
0 0.612769 1.259082 -0.653958 -0.854520
0 0.618446 1.276179 -0.647173 -0.853293
0 0.611546 1.216704 -0.656681 -0.879290
0 0.611538 1.220266 -0.658317 -0.906673
0 0.773546 1.270559 -0.533224 -0.798067
0 0.105403 1.252051 0.072685 -1.083205
0 0.772635 1.273178 -0.533374 -0.793017
0 0.106149 1.249489 0.072949 -1.086287
0 0.103377 1.255260 0.067716 -1.074017
0 0.774579 1.271365 -0.529974 -0.793690
0 0.103597 1.252707 0.068368 -1.078680
0 0.106570 1.249296 0.071904 -1.100363
0 0.106699 1.252020 0.072375 -1.091029
0 0.611747 1.214247 -0.659248 -0.845483
0 0.613765 1.211095 -0.655694 -0.850573
0 0.761335 1.199608 -0.540837 -0.801608
0 0.763563 1.200863 -0.532903 -0.800125
0 0.106144 1.247016 0.069497 -1.094936
0 0.107180 1.247681 0.071594 -1.099008
0 0.764488 1.199718 -0.534310 -0.797821
0 0.612535 1.213523 -0.659557 -0.846527
0 0.795345 1.254580 -0.561198 -0.809860
0 0.795571 1.252279 -0.562014 -0.816272
0 0.797083 1.255581 -0.559557 -0.810478
0 0.100776 1.247418 0.067502 -1.060649
0 0.100313 1.259506 0.067180 -1.042270
