0 0.577526 0.786613 -0.651966 -0.904092
0 0.577533 0.785768 -0.651455 -0.905413
0 0.577515 0.786195 -0.651732 -0.903897
0 0.576644 0.792991 -0.659374 -0.897107
0 0.575733 0.789768 -0.660900 -0.902143
0 0.579384 0.789059 -0.650350 -0.900577
0 0.579055 0.788139 -0.650519 -0.901974
0 0.577642 0.788443 -0.651495 -0.900278
0 0.577614 0.788451 -0.651464 -0.900254
0 0.242082 0.948796 0.162897 -0.591571
0 0.243182 0.948255 0.164773 -0.592552
0 0.243593 0.954383 0.164640 -0.579860
0 0.243225 0.949677 0.164395 -0.590174
0 0.244047 0.956084 0.165111 -0.577621
0 0.242513 0.954530 0.164043 -0.579272
0 0.579826 0.788450 -0.648579 -0.899535
0 0.577204 0.789591 -0.651103 -0.897127
0 0.577182 0.789094 -0.659222 -0.897707
0 0.576813 0.791546 -0.655798 -0.895558
0 0.576572 0.789089 -0.660327 -0.897785
0 0.575578 0.788143 -0.658089 -0.901715
0 0.239588 0.935018 0.158204 -0.604318
0 0.239762 0.933274 0.158660 -0.606936
0 0.632267 0.818777 -0.332631 -0.178447
0 0.630317 0.820549 -0.333019 -0.174822
0 0.631974 0.818374 -0.331220 -0.180745
0 0.689464 0.828649 -0.287758 -0.158037
0 0.531461 0.811635 -0.396437 -0.197720
0 0.529978 0.813801 -0.399014 -0.194937
0 0.691404 0.827445 -0.284033 -0.162732
0 0.690588 0.831716 -0.286469 -0.150087
0 0.240345 0.980309 0.153504 -0.562571
0 0.531932 0.813684 -0.395588 -0.193179
0 0.239723 0.974187 0.156734 -0.572724
0 0.531436 0.817245 -0.392467 -0.192829
0 0.528566 0.815012 -0.397631 -0.201010
0 0.529806 0.814480 -0.395289 -0.200262
0 0.246458 0.937370 0.163302 -0.588636
0 0.246300 0.939354 0.163268 -0.588252
0 0.245867 0.936910 0.162203 -0.589027
0 0.239207 0.933770 0.166010 -0.588690
0 0.239191 0.934049 0.166364 -0.593671
0 0.238211 0.932961 0.164159 -0.591612
0 0.569356 0.789357 -0.668742 -0.898921
