0 0.407522 0.923315 -0.553084 -0.484108
0 0.406848 0.923130 -0.554632 -0.486236
0 0.715532 0.848808 -0.535441 -0.671579
0 0.717003 0.845560 -0.541239 -0.677668
0 0.366624 0.841673 0.062933 -0.567884
0 0.368355 0.840536 0.064820 -0.567395
0 0.718013 0.845600 -0.539961 -0.677346
0 0.716985 0.850085 -0.532370 -0.670029
0 0.368188 0.840571 0.063709 -0.565647
0 0.717907 0.846462 -0.540629 -0.676094
0 0.717107 0.849827 -0.534218 -0.669060
0 0.408124 0.926169 -0.552797 -0.483844
0 0.408675 0.928428 -0.552507 -0.478899
0 0.343673 0.898534 -0.459389 -0.496616
0 0.343478 0.897458 -0.460196 -0.499313
0 0.406910 0.926166 -0.552764 -0.488118
0 0.407258 0.926439 -0.552609 -0.487993
0 0.405237 0.925488 -0.552294 -0.490021
0 0.345696 0.907697 -0.459027 -0.491666
0 0.345675 0.907930 -0.459428 -0.490540
0 0.339305 0.900040 -0.469826 -0.487365
0 0.236359 0.485159 -0.381559 -0.650013
0 0.342617 0.897808 -0.466274 -0.492204
0 0.234821 0.484351 -0.379759 -0.649186
0 0.235377 0.484396 -0.380141 -0.650895
0 0.234655 0.484651 -0.379814 -0.649426
0 0.235245 0.484148 -0.380091 -0.651296
0 0.236454 0.485091 -0.381155 -0.650358
0 0.365092 0.836926 0.059755 -0.569836
0 0.278672 0.488125 -0.470632 -0.641104
0 0.234990 0.484161 -0.379591 -0.649915
0 0.364944 0.835760 0.059344 -0.573813
0 0.235409 0.484394 -0.380204 -0.650764
0 0.364268 0.836039 0.058093 -0.574487
0 0.278708 0.488016 -0.470730 -0.641505
0 0.131356 0.562506 -0.156011 -0.598363
0 0.363300 0.850247 0.055763 -0.563993
0 0.131314 0.562101 -0.155874 -0.598244
0 0.131370 0.562597 -0.155825 -0.598462
0 0.362260 0.851261 0.054996 -0.561970
0 0.363732 0.851955 0.054604 -0.559242
0 0.404623 0.910231 -0.555848 -0.492415
0 0.235087 0.483575 -0.380655 -0.648310
0 0.718630 0.845841 -0.555085 -0.686086
0 0.279559 0.487437 -0.466560 -0.640941
0 0.235086 0.483894 -0.380361 -0.647772
0 0.132031 0.558371 -0.156552 -0.603175
0 0.276894 0.485811 -0.473370 -0.639021
0 0.131934 0.558358 -0.156618 -0.603108
0 0.279605 0.487546 -0.466551 -0.640183
0 0.131843 0.557848 -0.156883 -0.603848
0 0.369235 0.832253 0.073272 -0.597299
0 0.279652 0.488112 -0.466495 -0.639336
0 0.279224 0.489963 -0.469858 -0.642331
0 0.374405 0.841677 0.077010 -0.631417
0 0.276972 0.485451 -0.472830 -0.639848
0 0.278407 0.487877 -0.471782 -0.642636
0 0.279510 0.489723 -0.469473 -0.642733
0 0.339939 0.904230 -0.465211 -0.481281
0 0.718800 0.842642 -0.536010 -0.713204
0 0.279389 0.489271 -0.469636 -0.643300
0 0.278208 0.488170 -0.472258 -0.642357
0 0.721204 0.842035 -0.543676 -0.685498
0 0.279561 0.489352 -0.465995 -0.634667
0 0.279395 0.489405 -0.466361 -0.635071
0 0.278602 0.490601 -0.468906 -0.640215
0 0.403420 0.926989 -0.551875 -0.479581
0 0.278852 0.489295 -0.468051 -0.642052
0 0.342583 0.907760 -0.467062 -0.483055
0 0.716446 0.849831 -0.546943 -0.707539
0 0.279472 0.490157 -0.466123 -0.633519
0 0.235536 0.482644 -0.382301 -0.647180
0 0.235663 0.482990 -0.381414 -0.646889
0 0.276130 0.486265 -0.473033 -0.646133
0 0.109152 0.552178 -0.111286 -0.613016
0 0.278543 0.489208 -0.468648 -0.641787
0 0.235747 0.483318 -0.381591 -0.645951
0 0.107052 0.544150 -0.117690 -0.617062
0 0.714745 0.839076 -0.537060 -0.676641
0 0.717153 0.838431 -0.533846 -0.677875
0 0.339897 0.881423 -0.469342 -0.514677
0 0.275998 0.486086 -0.472475 -0.646482
0 0.715984 0.838368 -0.536619 -0.677729
0 0.132801 0.555031 -0.150775 -0.616402
0 0.129869 0.552080 -0.155696 -0.618449
0 0.342372 0.879447 -0.466178 -0.522782
0 0.237514 0.482791 -0.378059 -0.647098
0 0.108712 0.551914 -0.098281 -0.606926
0 0.108424 0.552425 -0.098729 -0.606134
0 0.108450 0.551324 -0.098996 -0.608090
0 0.112361 0.562758 -0.087627 -0.599198
0 0.111782 0.559763 -0.105556 -0.606885
0 0.111661 0.563583 -0.088792 -0.597812
0 0.112992 0.561271 -0.087208 -0.599883
0 0.106486 0.550414 -0.115569 -0.608963
0 0.106002 0.550525 -0.117528 -0.608674
0 0.237345 0.482523 -0.378284 -0.647691
0 0.110641 0.558264 -0.109401 -0.610324
0 0.151443 0.563507 -0.140103 -0.595553
0 0.111581 0.561477 -0.089284 -0.601039
0 0.151522 0.563892 -0.139706 -0.594312
0 0.111542 0.558454 -0.106650 -0.610263
0 0.131288 0.540902 -0.156257 -0.620310
0 0.106606 0.550587 -0.115668 -0.609511
0 0.342282 0.891666 -0.459231 -0.504520
0 0.715925 0.844108 -0.529339 -0.770444
0 0.342312 0.890752 -0.458694 -0.506634
0 0.236035 0.487216 -0.378308 -0.650948
0 0.151849 0.563657 -0.139358 -0.595981
0 0.236394 0.486100 -0.377934 -0.652672
0 0.716582 0.849265 -0.563428 -0.645716
0 0.719918 0.848398 -0.556952 -0.647101
0 0.236088 0.485856 -0.378320 -0.652584
0 0.106120 0.540263 -0.119914 -0.623656
0 0.719654 0.848866 -0.557975 -0.648263
0 0.724940 0.826547 -0.523481 -0.744236
