0 0.702021 0.456728 -1.221127 -0.735015
0 0.701875 0.457294 -1.221079 -0.733860
0 0.701479 0.459086 -1.222910 -0.732416
0 0.498157 0.444568 -0.845592 -0.703738
0 0.702431 0.458825 -1.221389 -0.733291
0 0.702181 0.459269 -1.221841 -0.731936
0 0.498653 0.443136 -0.847483 -0.706186
0 0.499047 0.442925 -0.846072 -0.706847
0 0.701681 0.456962 -1.222081 -0.734615
0 0.499020 0.443359 -0.846337 -0.706090
0 0.497847 0.445241 -0.845888 -0.702568
0 0.702795 0.458562 -1.220334 -0.733752
0 0.702663 0.458040 -1.219447 -0.734792
0 0.701949 0.458989 -1.220983 -0.733474
0 0.701819 0.458817 -1.221518 -0.733416
0 0.497540 0.443680 -0.848868 -0.704570
0 0.499158 0.441561 -0.846887 -0.706259
0 0.701867 0.458856 -1.221145 -0.733409
0 0.498865 0.441843 -0.848081 -0.705715
0 0.497018 0.442999 -0.850292 -0.705738
0 0.497851 0.442900 -0.848377 -0.706181
0 0.499150 0.442478 -0.846718 -0.704330
0 0.444568 0.432252 -0.742176 -0.702776
0 0.445038 0.432107 -0.740930 -0.703587
0 0.444376 0.433362 -0.738288 -0.700581
0 0.444815 0.432729 -0.741347 -0.701854
0 0.705140 0.459642 -1.213180 -0.736042
0 0.444973 0.433429 -0.738104 -0.700758
0 0.444857 0.433740 -0.738427 -0.699848
0 0.497463 0.443340 -0.847068 -0.704855
0 0.625985 0.458110 -1.071672 -0.719168
0 0.625863 0.458614 -1.071737 -0.717539
0 0.625807 0.458410 -1.072120 -0.718588
0 0.283564 0.419011 -0.441787 -0.687986
0 0.445908 0.433738 -0.737577 -0.697650
0 0.284567 0.419530 -0.440776 -0.686551
0 0.445628 0.434198 -0.732624 -0.698094
0 0.284058 0.420998 -0.441776 -0.686108
0 0.500162 0.445259 -0.845468 -0.705145
0 0.445468 0.435000 -0.733332 -0.696265
0 0.444962 0.433658 -0.738966 -0.697386
0 0.625984 0.461036 -1.074006 -0.714011
0 0.500191 0.445596 -0.845015 -0.704301
0 0.626207 0.461712 -1.074126 -0.712581
0 0.285303 0.421979 -0.440106 -0.685090
0 0.444840 0.434538 -0.739455 -0.695888
0 0.284964 0.419267 -0.440707 -0.687887
0 0.702564 0.457100 -1.221501 -0.735533
0 0.443647 0.433988 -0.736965 -0.699714
