0 0.554427 0.731660 -0.082736 0.111180
0 0.276389 0.678081 0.183135 -0.072101
0 0.275351 0.678377 0.181960 -0.074616
0 0.552919 0.735698 -0.084207 0.118597
0 0.553474 0.736427 -0.084521 0.122312
0 0.276076 0.677709 0.182634 -0.074931
0 0.753161 0.757226 -0.596158 0.141452
0 0.752717 0.756818 -0.597572 0.140201
0 0.753554 0.754621 -0.596275 0.134513
0 0.275863 0.676349 0.185738 -0.079310
0 0.274750 0.675797 0.183137 -0.079232
0 0.275260 0.674949 0.184761 -0.080142
0 0.752036 0.748751 -0.604401 0.121718
0 0.751584 0.748943 -0.605626 0.121772
0 0.752276 0.746130 -0.604292 0.115847
0 0.551401 0.734044 -0.088590 0.126834
0 0.551294 0.734575 -0.088792 0.128031
0 0.551903 0.735907 -0.086996 0.129204
0 0.549788 0.722770 -0.099403 0.122952
0 0.549124 0.723682 -0.100586 0.126517
0 0.551575 0.724675 -0.095992 0.126258
0 0.289900 0.728447 0.220738 -0.013838
0 0.292441 0.678681 0.210297 -0.060278
0 0.753668 0.775278 -0.591056 0.142569
0 0.273672 0.668741 0.182678 -0.074091
0 0.753717 0.775100 -0.590775 0.143748
0 0.273458 0.668849 0.181383 -0.073768
0 0.273142 0.669563 0.181342 -0.072234
0 0.754270 0.773921 -0.589714 0.142247
0 0.277054 0.712642 0.184640 -0.064108
0 0.276216 0.708919 0.183903 -0.074003
0 0.276369 0.709371 0.182834 -0.072277
0 0.283397 0.680854 0.180702 -0.051965
0 0.749060 0.719875 -0.601048 0.112732
0 0.750031 0.721124 -0.598906 0.110941
