0 0.876779 0.521978 -1.021013 -0.467964
0 0.876321 0.520744 -1.022600 -0.470194
0 0.876278 0.521378 -1.025495 -0.469015
0 0.871532 0.523721 -1.041827 -0.469278
0 0.871727 0.523658 -1.042157 -0.469071
0 0.876659 0.525927 -1.008959 -0.467100
0 0.877506 0.526804 -1.005708 -0.465283
0 0.874341 0.520329 -1.039859 -0.466251
0 0.873937 0.519052 -1.040549 -0.466863
0 0.876551 0.526628 -1.010502 -0.466848
0 0.869930 0.523629 -1.047206 -0.468712
0 0.871768 0.705177 0.279714 0.435877
0 0.852957 0.525216 -1.017015 -0.464573
0 0.852812 0.525976 -1.017720 -0.464381
0 1.077344 0.713978 0.216352 0.450090
0 0.866309 0.518425 -1.072407 -0.464364
0 0.997455 0.705078 0.198670 0.437367
0 0.866964 0.518860 -1.071262 -0.463041
