0 0.601871 0.799914 -0.711875 -1.082076
0 0.601541 0.800512 -0.712557 -1.079988
0 0.600685 0.802127 -0.713892 -1.079695
0 0.600182 0.801340 -0.715120 -1.079869
0 0.602391 0.800275 -0.715176 -1.082518
0 0.601490 0.800527 -0.716965 -1.082283
0 0.602137 0.802588 -0.712340 -1.077505
0 0.600832 0.802338 -0.715385 -1.076797
0 0.599317 0.802541 -0.717696 -1.077232
0 0.598564 0.801956 -0.718847 -1.078472
0 0.485273 0.660085 -0.749753 -0.877149
0 0.487460 0.660421 -0.747407 -0.870163
0 0.485103 0.659707 -0.749687 -0.876721
0 0.486813 0.661288 -0.748306 -0.868096
0 0.598763 0.798933 -0.714320 -1.083466
0 0.598235 0.799192 -0.714367 -1.081447
0 0.486366 0.659302 -0.749650 -0.874530
0 0.486567 0.658123 -0.749130 -0.877053
0 0.486749 0.658019 -0.748785 -0.876726
0 0.598649 0.799698 -0.714602 -1.078500
0 0.487301 0.658171 -0.747657 -0.872084
0 0.487375 0.659652 -0.747810 -0.869867
0 0.414640 0.565669 -0.593505 -0.917655
0 0.480234 0.650127 -0.754537 -0.929383
0 0.490172 0.661009 -0.745485 -0.859852
0 0.480743 0.653225 -0.754673 -0.902057
0 0.490862 0.659790 -0.743529 -0.862259
0 0.481723 0.651257 -0.751672 -0.905203
0 0.481052 0.648380 -0.751912 -0.932985
0 0.490246 0.659934 -0.745198 -0.861913
0 0.482691 0.651146 -0.753366 -0.910778
0 0.482499 0.651056 -0.753905 -0.911748
0 0.482847 0.650860 -0.752816 -0.911504
0 0.414003 0.562088 -0.595518 -0.920527
0 0.413702 0.561981 -0.595618 -0.916017
0 0.617435 0.696184 -1.027438 -0.885566
0 0.413992 0.562252 -0.595465 -0.915764
0 0.413773 0.563307 -0.595861 -0.914168
0 0.299645 0.565926 -0.464871 -0.963819
0 0.599684 0.801770 -0.712273 -1.063989
0 0.414817 0.566250 -0.592109 -0.909140
0 0.413555 0.562336 -0.596784 -0.920241
0 0.673303 0.668265 -0.993197 -0.913754
0 0.300228 0.566526 -0.464420 -0.962799
0 0.599365 0.801463 -0.713671 -1.064444
0 0.413302 0.562627 -0.597236 -0.918827
0 0.621426 0.698661 -1.023749 -0.876435
0 0.414944 0.564301 -0.593423 -0.914456
0 0.596409 0.799396 -0.724994 -1.084680
0 0.673450 0.668438 -0.993497 -0.913754
0 0.297906 0.568243 -0.474481 -0.960565
0 0.414238 0.561529 -0.594298 -0.922745
0 0.297972 0.568454 -0.474513 -0.960841
0 0.595489 0.801536 -0.724863 -1.079447
0 0.687234 0.659143 -0.983794 -0.916684
0 0.414259 0.565206 -0.591975 -0.903863
0 0.298062 0.564069 -0.473868 -0.977951
0 0.297658 0.564362 -0.474196 -0.977440
0 0.296760 0.563595 -0.477020 -0.979313
