0 0.420123 1.067488 -0.127714 -0.287224
0 0.420489 1.068328 -0.126927 -0.284750
0 0.420922 1.062748 -0.125385 -0.297274
0 0.739949 1.199886 -0.526487 -0.253246
0 0.741190 1.200092 -0.525989 -0.249350
0 0.733112 1.198188 -0.542735 -0.267363
0 0.732913 1.197345 -0.543849 -0.267844
0 0.419698 1.066969 -0.149674 -0.271993
0 0.419388 1.068824 -0.149391 -0.266943
0 0.420356 1.068861 -0.147425 -0.267256
0 0.734088 1.185934 -0.540607 -0.298273
0 0.420969 1.066753 -0.123728 -0.326558
0 0.421839 1.066887 -0.121595 -0.326609
0 0.421952 1.063676 -0.121306 -0.331576
0 0.416239 1.055106 -0.155685 -0.331227
0 0.746615 1.198659 -0.526314 -0.244690
0 0.745568 1.200386 -0.528174 -0.239665
0 0.740231 1.186438 -0.525386 -0.300754
0 0.420651 1.053870 -0.143216 -0.288877
0 0.420439 1.063773 -0.138419 -0.236827
0 0.420969 1.065680 -0.136225 -0.232766
0 0.420917 1.052178 -0.137014 -0.265185
0 0.416218 1.044879 -0.116847 -0.351537
0 0.422761 1.083884 -0.139486 -0.333727
