0 0.414537 0.902557 0.112889 -0.573851
0 0.413556 0.904434 0.110908 -0.570626
0 0.413205 0.903865 0.109597 -0.572576
0 0.418903 0.904240 0.116263 -0.571035
0 0.418789 0.906513 0.115774 -0.565064
0 0.418627 0.907915 0.113424 -0.561759
0 0.415539 0.902373 0.114391 -0.573730
0 0.415668 0.902017 0.113923 -0.573844
0 0.415874 0.903395 0.113637 -0.570836
0 0.408185 0.884815 0.102354 -0.643060
0 0.404094 0.906055 0.112982 -0.576691
0 0.406106 0.907379 0.116818 -0.573637
0 0.403992 0.904626 0.112807 -0.579895
