0 0.501068 0.495668 -0.355858 0.268098
0 0.500760 0.496256 -0.355393 0.269159
0 0.498662 0.495348 -0.358451 0.266773
0 0.374660 0.501678 -0.610202 -0.346220
0 0.374499 0.501401 -0.610637 -0.345662
0 0.377514 0.506799 -0.608534 -0.337579
0 0.377465 0.502286 -0.607413 -0.346584
0 0.374861 0.501455 -0.609918 -0.345033
0 0.375383 0.496080 -0.609961 -0.358068
0 0.375180 0.494711 -0.609868 -0.361276
0 0.388756 1.225832 0.245527 0.470328
0 0.375362 0.496288 -0.609491 -0.357599
0 0.437440 0.871013 -0.692753 -0.693208
0 0.190363 0.879479 -0.200490 -1.160432
0 0.188887 0.870010 -0.205144 -1.173189
0 0.189170 0.871065 -0.204944 -1.171065
0 0.188986 0.870671 -0.205270 -1.172133
0 0.190583 0.877817 -0.199650 -1.163750
0 0.378495 0.500813 -0.608020 -0.341765
0 0.496659 0.486808 -0.360662 0.243458
0 0.187706 0.874057 -0.204649 -1.171040
0 0.496680 0.488885 -0.360626 0.246857
0 0.495929 0.488480 -0.361845 0.247053
0 0.438288 0.871597 -0.690138 -0.691836
0 0.374540 0.494285 -0.613489 -0.348031
0 0.190773 0.869372 -0.201613 -1.168173
0 0.374639 0.495573 -0.613736 -0.348083
0 0.477109 0.485363 -0.375545 0.232955
0 0.191225 0.871335 -0.201420 -1.166581
0 0.191416 0.870443 -0.201086 -1.167060
0 0.374654 0.496442 -0.613728 -0.345113
0 0.437533 0.857321 -0.694936 -0.759641
0 0.437967 0.858711 -0.694204 -0.756097
0 0.510223 0.490350 -0.345442 0.250631
0 0.188534 0.869098 -0.202717 -1.179450
0 0.189653 0.871031 -0.200430 -1.176505
0 0.188983 0.869673 -0.201519 -1.177699
0 0.509425 0.488048 -0.347810 0.246389
0 0.439115 0.854140 -0.692774 -0.741417
0 0.440162 0.853751 -0.690761 -0.739966
0 0.188909 0.870413 -0.201748 -1.176820
0 0.509435 0.489095 -0.348996 0.249560
0 0.436791 0.855247 -0.695035 -0.748226
0 0.436665 0.848200 -0.694058 -0.765076
0 0.436343 0.879188 -0.691647 -0.662551
0 0.190694 0.868501 -0.196846 -1.166426
0 0.473991 0.499013 -0.372367 0.271580
0 0.474411 0.500360 -0.370874 0.276114
0 0.474728 0.499039 -0.370755 0.271051
0 0.479048 0.498279 -0.377507 0.222880
0 0.191005 0.871394 -0.195955 -1.164389
0 0.191297 0.869803 -0.195409 -1.165155
0 0.722555 1.026305 -0.767348 0.379838
0 0.723183 1.028921 -0.763893 0.385216
0 0.193523 0.869442 -0.198003 -1.163673
0 0.437845 0.840972 -0.694654 -0.790570
0 0.190970 0.872182 -0.201798 -1.166494
0 0.436046 0.877158 -0.690740 -0.665361
0 0.374945 0.490355 -0.611511 -0.373064
0 0.355538 0.658306 -0.545367 -0.644748
0 0.373966 0.494067 -0.613315 -0.390698
0 0.494183 0.430770 -0.886437 -0.424460
0 0.725829 1.203856 -0.765827 0.491902
0 0.357616 0.664734 -0.544334 -0.641645
0 0.454659 0.485404 -0.385528 0.234272
0 0.725262 1.213203 -0.769132 0.506144
0 0.189657 0.880151 -0.207677 -1.160686
0 0.494244 0.431175 -0.886407 -0.424782
0 0.494156 0.430620 -0.886392 -0.424536
0 0.474289 0.460124 -0.371496 0.232103
0 0.494970 0.427728 -0.888696 -0.413088
0 0.494992 0.429726 -0.886132 -0.416149
0 0.382895 0.503648 -0.599550 -0.338285
0 0.721832 1.111250 -0.774905 0.404857
0 0.494970 0.429899 -0.885744 -0.415721
0 0.510696 0.777953 -0.854089 -0.978670
0 0.439798 0.837872 -0.691355 -0.773224
0 0.494994 0.432210 -0.886202 -0.411702
0 0.376657 0.483301 -0.608210 -0.357807
0 0.495478 0.424042 -0.885421 -0.442857
0 0.721288 1.113336 -0.777287 0.407941
0 0.727162 0.994713 -0.753692 0.342785
0 0.494863 0.426137 -0.889184 -0.417968
0 0.375670 0.489514 -0.611576 -0.423089
0 0.512435 0.784668 -0.858133 -0.932792
0 0.518194 0.491312 -0.317962 0.251006
