0 0.626640 0.622685 -1.046838 -0.903242
0 0.627075 0.623114 -1.047332 -0.907411
0 0.627404 0.623133 -1.046327 -0.907323
0 0.628461 0.621996 -1.044652 -0.905585
0 0.627011 0.622355 -1.046944 -0.908815
0 0.625510 0.622507 -1.046741 -0.905885
0 0.625356 0.622383 -1.046843 -0.907256
0 0.625882 0.622891 -1.045201 -0.905832
0 0.627661 0.624292 -1.048355 -0.900046
0 0.627356 0.617606 -1.053347 -0.913990
0 0.626794 0.623375 -1.047756 -0.904215
0 0.626727 0.624499 -1.047864 -0.902740
0 0.628344 0.621557 -1.046596 -0.906583
0 0.626134 0.624394 -1.049121 -0.902671
0 0.631192 0.622507 -1.037667 -0.904313
0 0.630129 0.623165 -1.038399 -0.901311
0 0.629573 0.617618 -1.046982 -0.914554
0 0.625288 0.623771 -1.046114 -0.901610
0 0.627300 0.625802 -1.047041 -0.898450
0 1.202534 0.868227 0.743287 0.522100
