0 0.525164 0.817413 -0.843440 -0.589197
0 0.524928 0.821295 -0.843810 -0.581571
0 0.662129 0.737788 -1.148207 -0.691475
0 0.605654 0.794541 -0.937803 -0.593321
0 0.606001 0.793883 -0.936817 -0.593305
0 0.524575 0.836407 -0.836244 -0.576635
0 0.524852 0.836908 -0.835092 -0.578026
0 0.608752 0.782789 -0.933826 -0.599706
0 0.608094 0.783138 -0.934179 -0.600837
0 0.662629 0.738553 -1.145114 -0.692078
0 0.662562 0.738016 -1.148110 -0.706052
0 0.662006 0.740576 -1.148747 -0.686094
0 0.661826 0.737515 -1.148803 -0.686676
0 0.661461 0.738277 -1.149952 -0.686485
0 0.661718 0.731849 -1.149366 -0.697277
0 0.615017 0.820857 -0.910048 -0.635632
0 0.615388 0.820474 -0.908466 -0.637727
0 0.522867 0.827021 -0.841698 -0.598565
0 0.524112 0.833013 -0.839576 -0.588167
0 0.662595 0.737788 -1.146353 -0.707283
0 0.855424 1.000654 0.593089 0.327258
0 0.663012 0.741274 -1.145633 -0.686578
0 0.609028 0.799250 -0.932461 -0.579635
0 0.609624 0.800568 -0.931397 -0.577265
0 0.521913 0.799096 -0.848608 -0.605826
0 0.521039 0.801047 -0.849609 -0.605255
0 0.601200 0.754383 -0.940566 -0.620067
0 0.601654 0.752763 -0.939656 -0.618429
0 0.617752 0.812430 -0.917205 -0.669636
0 0.616916 0.811297 -0.916409 -0.669832
0 0.523756 0.754839 -0.852952 -0.631578
0 0.661764 0.736742 -1.149780 -0.691119
0 0.525464 0.759188 -0.850363 -0.628321
0 0.661505 0.737938 -1.149239 -0.689745
0 0.661513 0.732451 -1.149229 -0.700791
0 0.601074 0.746666 -0.941118 -0.623194
0 0.618678 0.823686 -0.922478 -0.602749
0 0.541776 0.829912 -0.826632 -0.625621
0 0.620091 0.817641 -0.919863 -0.609048
0 0.546537 0.829981 -0.821953 -0.622267
0 0.662050 0.748005 -1.147750 -0.705275
0 0.661733 0.749689 -1.148560 -0.702873
0 0.617635 0.801200 -0.888074 -0.747183
0 0.617830 0.802369 -0.887493 -0.744733
0 0.662812 0.746161 -1.145786 -0.639470
0 0.662568 0.745822 -1.146042 -0.642652
0 0.661937 0.740502 -1.147882 -0.720109
0 0.618363 0.803827 -0.902812 -0.721555
