0 0.368665 0.822027 0.023576 -0.182729
0 0.369909 0.821822 0.025873 -0.184525
0 0.369371 0.822612 0.024179 -0.184064
0 0.475100 0.894606 -0.378439 -0.128374
0 0.475865 0.890790 -0.378139 -0.136706
0 0.474463 0.893128 -0.379637 -0.132369
0 0.471001 0.868935 -0.381137 -0.137770
0 0.369619 0.832114 0.025093 -0.183733
0 0.370286 0.831333 0.026569 -0.185224
0 0.472171 0.869485 -0.378302 -0.138559
0 0.370299 0.832100 0.026239 -0.183454
0 0.471615 0.865266 -0.381270 -0.147190
0 0.697411 1.147475 -0.580563 0.121961
0 0.696900 1.150074 -0.581828 0.125915
0 0.472783 0.818789 -0.374230 -0.214173
0 0.929769 0.954317 0.615750 -1.093927
0 0.472713 0.905673 -0.378757 -0.116147
0 0.367432 0.791185 0.013915 -0.221008
0 0.474049 0.904996 -0.376023 -0.117430
0 0.365296 0.811727 0.008423 -0.190459
0 0.365700 0.811744 0.009294 -0.190607
0 0.472585 0.905066 -0.378515 -0.118046
0 0.365790 0.812892 0.007969 -0.191570
0 0.892813 0.962318 0.654746 -1.042209
0 0.473036 0.848864 -0.379860 -0.184162
0 0.363608 0.772626 0.014101 -0.222283
0 0.363542 0.774446 0.013527 -0.218542
0 0.363373 0.772271 0.013096 -0.223739
0 0.382671 0.800622 0.070401 -0.207310
0 0.366674 0.810200 0.048153 -0.202419
0 0.368227 0.810510 0.050265 -0.202219
0 0.881039 0.986429 0.631800 -0.889322
0 0.365550 0.813001 0.046753 -0.198733
0 0.685317 1.125680 -0.578921 0.090717
0 0.474694 0.848632 -0.365511 -0.145483
0 0.474231 0.850379 -0.367102 -0.137785
0 0.685360 1.125859 -0.579059 0.088656
0 0.474489 0.850358 -0.366718 -0.137422
0 0.919496 0.988127 0.588729 -0.885505
0 0.710272 1.151637 -0.581679 0.112242
