0 1.229721 0.764714 0.072291 -0.459042
0 1.230812 0.764039 0.075255 -0.460446
0 0.779259 0.646238 -0.397372 -0.149518
0 0.780585 0.646339 -0.395558 -0.148236
0 0.779914 0.646920 -0.397178 -0.148904
0 1.227108 0.762416 0.064632 -0.463075
0 0.781875 0.654100 -0.372489 -0.143521
0 0.780839 0.651380 -0.374905 -0.148964
0 0.786162 0.650974 -0.363620 -0.147754
0 0.768173 0.596222 -0.428157 -0.187054
0 0.768897 0.595911 -0.427333 -0.186876
0 0.768676 0.598730 -0.428230 -0.186400
0 1.292394 0.768369 0.314576 -0.433836
0 1.285145 0.767044 0.289111 -0.436164
0 0.786996 0.753969 -0.387705 -0.070784
0 0.784895 0.751323 -0.390316 -0.076128
0 0.775466 0.598919 -0.391627 -0.180974
0 0.771955 0.599305 -0.398376 -0.181441
0 0.771846 0.602217 -0.397151 -0.179499
0 1.327666 0.772315 0.375334 -0.395791
