0 0.759163 0.893144 -0.464840 0.135011
0 0.759936 0.891172 -0.463825 0.129439
0 0.430275 1.152042 0.279879 0.139112
0 0.758412 0.869845 -0.466504 0.094367
0 0.778762 0.903342 -0.354512 0.168697
0 0.758934 0.880340 -0.460007 0.091889
0 0.750047 0.884362 -0.523909 0.131964
0 0.780147 0.901225 -0.352389 0.162065
0 0.758728 0.879500 -0.458468 0.091364
0 0.750129 0.882001 -0.524032 0.129443
0 0.751722 0.853168 -0.508851 0.143212
0 0.753503 0.852971 -0.505029 0.142463
0 0.431372 1.134596 0.280152 0.036885
0 0.452083 0.922392 -0.350524 -1.298568
0 0.452358 0.921470 -0.350746 -1.298387
0 0.749632 0.861697 -0.523177 0.087494
