0 0.738228 0.535360 -0.674740 0.374941
0 0.736830 0.534826 -0.677199 0.374176
0 0.738179 0.534578 -0.673440 0.373069
0 0.412716 0.928957 -0.530326 -0.344728
0 0.413747 0.936488 -0.525474 -0.343205
0 0.733298 0.522709 -0.682678 0.354057
0 0.732671 0.522143 -0.684515 0.355862
0 0.731440 0.521768 -0.686255 0.354770
0 0.412657 0.927138 -0.530332 -0.347919
0 0.413848 0.936175 -0.525226 -0.337988
0 0.656674 0.271895 -1.186074 0.078970
0 0.656156 0.270873 -1.186281 0.077870
0 0.656283 0.272140 -1.187908 0.083421
0 0.655705 0.270933 -1.188347 0.081356
0 0.656858 0.269911 -1.186046 0.076508
0 0.656324 0.269231 -1.187347 0.077907
0 0.656261 0.275828 -1.183920 0.093278
0 0.656767 0.282705 -1.180554 0.093324
0 0.740178 0.544575 -0.672256 0.374396
0 0.738010 0.542750 -0.674233 0.373261
0 0.738966 0.542943 -0.674280 0.371698
0 0.725175 0.538921 -0.691848 0.350433
0 0.491456 0.710335 -0.796770 -0.844947
0 0.698497 0.541750 -0.701196 0.362678
0 0.329622 0.957828 -0.394825 -1.047566
0 0.491385 0.705071 -0.797447 -0.856595
0 0.328892 0.956546 -0.396492 -1.049168
0 0.492783 0.708540 -0.794340 -0.849389
0 0.657254 0.255570 -1.184760 0.072448
0 0.328420 0.956289 -0.391007 -1.056348
0 0.325545 0.959419 -0.398640 -1.054540
0 0.328972 0.958764 -0.396398 -1.049418
0 0.328878 0.955819 -0.390583 -1.058094
0 0.326817 0.960461 -0.396867 -1.052667
0 0.414475 0.980518 -0.520552 -0.301314
0 0.490122 0.703340 -0.795416 -0.862587
0 0.492795 0.705958 -0.794763 -0.856994
0 0.656355 0.263892 -1.187661 0.082670
0 0.656035 0.263096 -1.187592 0.081060
0 0.342049 0.345152 -0.254794 -0.107047
0 0.656455 0.262832 -1.187737 0.080245
0 0.490007 0.705582 -0.795605 -0.861174
0 0.490776 0.703652 -0.794485 -0.862562
0 0.342545 0.345407 -0.254867 -0.107524
0 0.416981 0.987996 -0.518538 -0.289996
0 0.413900 0.907523 -0.527125 -0.343151
0 0.490836 0.704754 -0.796773 -0.860808
0 0.345008 0.344385 -0.253219 -0.110042
0 0.413735 0.956057 -0.526541 -0.278339
0 0.490730 0.706972 -0.796891 -0.859361
0 0.344420 0.345104 -0.254530 -0.110552
0 0.342384 0.345957 -0.253054 -0.107576
0 0.345487 0.343632 -0.251974 -0.111624
0 0.492123 0.706523 -0.794211 -0.861762
0 0.335347 0.944123 -0.389952 -1.077956
0 0.490811 0.704896 -0.796820 -0.861704
0 0.656551 0.254266 -1.188232 0.067983
0 0.415067 0.897958 -0.525148 -0.362296
0 0.738094 0.516778 -0.689914 0.347282
0 0.657274 0.246805 -1.186915 0.070121
0 0.491683 0.697632 -0.794982 -0.872423
0 0.335861 0.946989 -0.387682 -1.070128
0 0.737165 0.515693 -0.691337 0.346594
0 0.736133 0.515801 -0.693133 0.346253
0 0.681779 0.526831 -0.703556 0.360620
0 0.681731 0.526607 -0.704492 0.359692
