0 0.627341 0.775914 -1.004213 -0.343670
0 0.627003 0.777363 -1.004380 -0.341039
0 0.625863 0.783315 -1.006660 -0.327017
0 0.624316 0.758833 -1.009498 -0.373119
0 0.625602 0.784635 -1.006769 -0.323668
0 0.624830 0.758841 -1.008702 -0.373472
0 0.628311 0.776781 -1.009522 -0.369664
0 0.628956 0.782437 -1.008155 -0.359875
0 0.370208 0.661573 -0.608101 -0.968447
0 0.369420 0.662799 -0.605305 -0.962286
0 0.369421 0.662832 -0.605125 -0.962409
0 0.369437 0.661990 -0.605126 -0.962803
0 0.370800 0.661847 -0.606970 -0.968065
0 0.418547 0.688118 -0.682440 -0.944217
0 0.372034 0.661985 -0.599899 -0.965289
0 0.418607 0.688909 -0.682523 -0.942014
0 0.371178 0.660577 -0.607487 -0.966506
0 0.417517 0.696031 -0.681464 -0.936572
0 0.446143 0.698650 -0.752948 -0.926503
0 0.370809 0.660635 -0.608388 -0.966401
0 0.370869 0.659962 -0.608444 -0.967421
0 0.371208 0.662111 -0.600683 -0.964813
0 0.418748 0.688587 -0.682369 -0.942836
0 0.446425 0.697654 -0.752824 -0.927700
0 0.446147 0.696274 -0.753158 -0.929825
0 0.621137 0.757963 -1.013167 -0.364025
0 0.373118 0.661090 -0.605386 -0.968871
0 0.373269 0.661449 -0.605298 -0.967739
0 0.373090 0.661679 -0.605688 -0.966493
0 0.621442 0.755826 -1.012572 -0.368185
0 0.418960 0.686739 -0.675669 -0.955866
0 0.417510 0.693591 -0.680826 -0.942332
0 0.624865 0.762453 -1.006009 -0.367340
0 0.415267 0.688965 -0.686972 -0.942352
0 0.375320 0.666039 -0.597463 -0.961321
0 0.439028 0.686843 -0.677628 -0.951328
0 0.417319 0.681603 -0.677186 -0.960152
0 0.415495 0.688854 -0.686839 -0.942610
0 0.415503 0.688126 -0.686730 -0.944323
0 0.625294 0.762155 -1.005452 -0.368288
0 0.445565 0.698445 -0.753578 -0.932286
0 0.447558 0.688348 -0.748490 -0.950114
0 0.301923 0.641570 -0.471551 -0.818710
0 0.301888 0.641202 -0.471746 -0.820419
0 0.301813 0.641037 -0.471544 -0.820071
0 0.372408 0.657175 -0.598633 -0.970739
0 0.415787 0.691467 -0.684609 -0.942621
0 0.372015 0.662998 -0.596871 -0.964767
0 0.444940 0.697029 -0.753978 -0.928359
0 0.445054 0.697153 -0.753956 -0.928440
0 0.445601 0.700388 -0.754033 -0.930883
0 0.416178 0.692556 -0.683997 -0.939564
0 0.416792 0.691452 -0.683425 -0.942352
0 0.371986 0.662716 -0.597114 -0.965133
0 0.372009 0.662980 -0.597110 -0.963827
0 0.300530 0.640795 -0.472291 -0.821807
0 0.444924 0.697323 -0.754132 -0.927973
0 0.300516 0.641098 -0.472260 -0.821481
0 0.445857 0.698370 -0.753635 -0.933763
0 0.445550 0.694506 -0.753433 -0.938989
0 0.445822 0.696084 -0.753962 -0.937265
0 0.300617 0.640629 -0.472441 -0.821724
0 0.303710 0.637160 -0.466390 -0.830706
0 0.374312 0.663369 -0.604103 -0.968429
0 0.449329 0.702675 -0.737764 -0.944994
0 0.373943 0.662564 -0.604356 -0.969900
0 0.301177 0.636015 -0.470988 -0.837607
0 0.301292 0.637704 -0.470836 -0.836238
0 0.303186 0.635080 -0.466976 -0.835627
0 0.419991 0.683196 -0.670593 -0.956712
0 0.441605 0.686985 -0.670558 -0.951079
0 0.301354 0.636617 -0.470721 -0.837423
