0 1.190166 0.471494 -0.567823 0.287973
0 1.190298 0.472094 -0.567881 0.287812
0 1.189486 0.471719 -0.568864 0.289843
0 1.108097 0.717785 0.569054 -0.033479
0 1.107717 0.709009 0.560176 -0.053897
0 1.192135 0.450752 -0.554013 0.275259
0 1.190558 0.449968 -0.555888 0.272853
0 1.191300 0.450935 -0.556226 0.276500
0 1.214554 0.435717 -0.475117 0.267583
0 1.205188 0.486258 -0.473145 0.296023
0 1.217183 0.435413 -0.472515 0.263387
0 1.207841 0.484641 -0.466995 0.293199
0 1.210394 0.480451 -0.467269 0.297369
0 1.215162 0.435399 -0.474638 0.268669
