0 0.281685 0.607101 -0.374871 -0.865494
0 0.281681 0.605640 -0.375000 -0.868437
0 0.282058 0.605925 -0.373944 -0.867175
0 0.281105 0.606829 -0.379088 -0.864692
0 0.282908 0.607120 -0.376421 -0.869982
0 0.281886 0.605882 -0.374497 -0.873363
0 0.280428 0.608236 -0.378252 -0.865847
0 0.282113 0.606057 -0.373966 -0.872659
0 0.281674 0.606248 -0.374789 -0.871142
0 0.280563 0.605801 -0.378049 -0.867291
0 0.280913 0.607616 -0.376112 -0.866642
0 0.280479 0.605101 -0.378188 -0.868599
0 0.280689 0.604892 -0.377640 -0.868274
0 0.284542 0.606410 -0.372633 -0.862678
0 0.102170 0.730947 0.066815 -0.716751
0 0.102027 0.730490 0.066785 -0.716689
0 0.102155 0.731080 0.066793 -0.717003
0 0.283758 0.606937 -0.372702 -0.867673
0 0.281864 0.610302 -0.375677 -0.859984
0 0.100136 0.727867 0.064110 -0.717100
0 0.284475 0.605330 -0.371460 -0.863220
0 0.099954 0.727296 0.064353 -0.718702
0 0.279441 0.610959 -0.379981 -0.873045
0 0.099303 0.724816 0.065024 -0.724296
0 0.100318 0.724523 0.066373 -0.725291
0 0.279864 0.610713 -0.378253 -0.872640
0 0.097365 0.725930 0.063883 -0.724399
0 0.097411 0.726245 0.063860 -0.724665
0 0.097336 0.726749 0.063936 -0.723374
