0 0.763296 1.413051 -0.453575 0.933815
0 0.762266 1.403737 -0.455541 0.913157
0 0.335767 0.525957 -0.171588 0.336770
0 0.769517 1.420146 -0.440898 0.846799
0 0.767740 1.436470 -0.444250 0.876444
0 0.335571 0.525531 -0.172285 0.335766
0 0.337802 0.525814 -0.168314 0.338277
0 0.337827 0.522991 -0.165389 0.341262
0 0.337729 0.521750 -0.165277 0.341426
0 0.338133 0.521487 -0.163944 0.339497
0 0.792960 1.410252 -0.476612 0.833146
0 0.790190 1.441879 -0.483115 0.884822
0 0.340955 0.511807 -0.162561 0.313409
0 0.574149 1.396800 0.375358 0.599760
