0 0.193224 0.494904 0.122779 0.116004
0 0.273994 0.450083 -0.255443 0.059727
0 0.274162 0.449109 -0.255118 0.058725
0 0.273587 0.449168 -0.256888 0.056378
0 0.273750 0.449215 -0.255700 0.056427
0 0.273549 0.448374 -0.257082 0.054249
0 0.581181 0.456553 -0.816714 0.302220
0 0.580992 0.457276 -0.816691 0.303929
0 0.272326 0.452433 -0.254339 0.066333
0 0.272781 0.452284 -0.253885 0.066069
0 0.274011 0.443401 -0.257373 0.053567
0 0.274801 0.443485 -0.255982 0.053207
0 0.583231 0.453847 -0.818466 0.303765
0 0.583737 0.454057 -0.817515 0.303942
0 0.575355 0.447285 -0.836320 0.283515
0 0.696094 0.422070 -0.942404 0.249978
0 0.695648 0.422359 -0.943603 0.249807
0 0.575340 0.447904 -0.837369 0.282268
0 0.578233 0.453202 -0.823776 0.285100
0 0.578658 0.452212 -0.822925 0.285945
0 0.696513 0.423757 -0.945020 0.232214
0 0.696017 0.423152 -0.942777 0.252208
0 0.694407 0.423448 -0.948836 0.230323
0 0.694855 0.425696 -0.949085 0.271064
0 0.694882 0.425654 -0.949199 0.271121
0 0.696581 0.422903 -0.935481 0.223843
0 0.696847 0.424195 -0.936020 0.228290
0 0.696896 0.424514 -0.936221 0.232851
0 0.695467 0.424952 -0.947365 0.268883
0 0.353787 0.490216 -0.384571 0.327726
0 0.354699 0.488665 -0.384095 0.324069
0 0.579029 0.460176 -0.783136 0.300873
0 0.579467 0.460559 -0.783847 0.299825
0 0.274646 0.441435 -0.253867 0.036604
0 0.274609 0.436962 -0.254578 0.028524
0 0.274605 0.440079 -0.254365 0.034344
0 0.582323 0.452561 -0.839819 0.299166
0 0.582126 0.451831 -0.840007 0.296603
0 0.585721 0.438869 -0.826931 0.290063
0 0.586394 0.440498 -0.825273 0.290310
0 0.693830 0.413047 -0.954982 0.257819
0 0.692907 0.413052 -0.956322 0.259788
0 0.651865 1.213917 0.113337 0.203871
0 0.555241 0.456166 -0.790707 0.288213
0 0.285335 0.447208 -0.245594 0.059492
0 0.284326 0.445686 -0.248241 0.057352
0 0.585071 0.442670 -0.809368 0.296541
0 0.284525 0.444072 -0.247572 0.053479
0 0.196169 0.519312 0.123668 0.275763
0 0.585342 0.443132 -0.809191 0.294922
0 0.696369 0.411202 -0.945630 0.204269
0 0.697263 0.409096 -0.941748 0.155683
0 0.552269 0.453881 -0.795230 0.282095
0 0.686609 0.420901 -0.993606 0.233460
0 0.265132 0.449631 -0.257407 0.061709
0 0.609866 1.143983 -0.136928 0.673419
0 0.609026 1.142738 -0.139324 0.675067
0 0.368394 0.507872 -0.386428 0.338888
0 0.687285 0.423199 -0.990729 0.239366
0 0.697467 0.401621 -0.941792 0.140492
0 0.264250 0.448492 -0.259510 0.058768
0 0.264337 0.446100 -0.259270 0.055289
0 0.369234 0.509941 -0.385644 0.343186
0 0.694667 0.407540 -0.946709 0.153426
0 0.350942 0.476772 -0.387010 0.316994
0 0.351112 0.477588 -0.385913 0.318892
0 0.635368 1.128875 0.034312 0.612669
0 0.596940 0.456695 -0.785509 0.307488
0 0.648809 1.254086 0.097438 0.476515
0 0.269569 0.420872 -0.260556 0.044232
