0 0.658326 1.061303 -0.779210 -0.257455
0 0.657711 1.063428 -0.779327 -0.251706
0 0.658365 1.060625 -0.779000 -0.258384
0 0.656853 1.057232 -0.782320 -0.245398
0 0.656973 1.060322 -0.782651 -0.243524
0 0.656283 1.058685 -0.781932 -0.242279
0 0.653908 1.041491 -0.785926 -0.259114
0 0.433074 1.452335 0.275319 -0.878347
0 0.434354 1.451025 0.277201 -0.881019
0 0.655896 1.039157 -0.782533 -0.262155
0 0.654833 1.039783 -0.784720 -0.260632
0 0.431154 1.452116 0.271840 -0.879942
0 0.436962 1.458174 0.287659 -0.865893
0 0.437898 1.458548 0.289418 -0.865153
0 0.435617 1.457163 0.285992 -0.868280
0 0.657450 1.057628 -0.782983 -0.243083
0 0.445768 1.452870 0.272901 -0.868923
0 0.446336 1.453217 0.273827 -0.869551
0 0.445371 1.451494 0.272136 -0.874949
