0 0.265958 0.378222 -0.102060 -0.154023
0 0.265239 0.379267 -0.104256 -0.153003
0 0.262667 0.369497 -0.120167 -0.188367
0 0.262588 0.367905 -0.120615 -0.191700
0 0.261797 0.369047 -0.122191 -0.189310
0 0.270079 0.383482 -0.067695 -0.126527
0 0.270359 0.382536 -0.067228 -0.128319
0 0.261110 0.373110 -0.129246 -0.194316
0 0.260870 0.373763 -0.128536 -0.193916
0 0.264127 0.370571 -0.097381 -0.144452
0 0.263801 0.370706 -0.098014 -0.143995
0 0.258211 0.368929 -0.152932 -0.199211
0 0.262324 0.370598 -0.100312 -0.144652
0 0.258143 0.367894 -0.152366 -0.201874
0 0.258173 0.369846 -0.151943 -0.198035
0 0.261044 0.366705 -0.136860 -0.220298
0 0.261644 0.368159 -0.135450 -0.216245
0 0.260892 0.367675 -0.138287 -0.218297
0 0.269774 0.361048 -0.033637 -0.143965
0 0.269509 0.360753 -0.034026 -0.144270
0 0.265880 0.368967 -0.069106 -0.172235
0 0.265612 0.368097 -0.069612 -0.174283
0 0.269203 0.361370 -0.034013 -0.143552
0 0.265659 0.368722 -0.068985 -0.173089
