0 0.194487 1.115606 0.081503 -0.659715
0 0.194445 1.152146 0.084524 -0.636809
0 0.194368 1.116564 0.081443 -0.657440
0 0.194427 1.152948 0.084594 -0.634826
0 0.195064 1.115941 0.082549 -0.657385
0 0.195218 1.152771 0.085753 -0.635426
0 0.166328 1.092622 0.058862 -1.141041
0 0.166334 1.091501 0.058255 -1.141502
0 0.178829 1.113830 0.071058 -1.049156
0 0.178702 1.107418 0.071963 -1.060102
0 0.180438 1.108302 0.076151 -1.057002
0 0.190743 1.125946 0.056334 -0.657866
0 0.191736 1.121277 0.074008 -0.666323
0 0.161347 1.084740 0.055830 -1.161813
0 0.170713 1.091853 0.066082 -1.141912
0 0.170690 1.089256 0.066408 -1.149254
0 0.161986 1.085515 0.056856 -1.162025
0 0.191456 1.169007 0.090839 -0.627137
0 0.192812 1.169578 0.093850 -0.626957
0 0.168407 1.088171 0.062041 -1.154216
0 0.192380 1.170381 0.092475 -0.622323
0 0.189215 1.074500 0.050166 -0.706216
0 0.170552 1.083313 0.066141 -1.172011
0 0.189401 1.080932 0.065761 -0.698637
0 0.152939 1.089469 0.051805 -1.152833
