0 0.475088 0.856373 -0.087298 -0.503653
0 0.646823 1.086009 -0.733532 0.402752
0 0.471565 0.867778 -0.075257 -0.456060
0 0.647892 1.083029 -0.733213 0.397437
0 0.474430 0.856671 -0.087482 -0.503857
0 0.471665 0.868785 -0.074162 -0.451078
0 0.472968 0.855865 -0.089821 -0.506415
0 0.470892 0.867939 -0.077542 -0.457758
0 0.351994 0.496864 -0.347607 -0.364590
0 0.352019 0.495835 -0.347511 -0.365662
0 0.352620 0.235699 -0.437638 -0.222087
0 0.351516 0.236038 -0.439580 -0.221715
0 0.351706 0.236582 -0.439322 -0.220683
0 0.235427 0.618981 0.068942 -0.483262
0 0.354920 0.495365 -0.343208 -0.365535
0 0.651779 1.050738 -0.732202 0.360783
0 0.651634 1.047047 -0.733070 0.353258
0 0.354292 0.495690 -0.346086 -0.364074
0 0.354587 0.236856 -0.432452 -0.218664
0 0.353853 0.496175 -0.346270 -0.362171
0 0.354997 0.495829 -0.343486 -0.365298
0 0.354151 0.496927 -0.342075 -0.362018
0 0.235185 0.618389 0.069897 -0.484586
0 0.236160 0.618693 0.071705 -0.482753
0 0.354039 0.497964 -0.342483 -0.359973
0 0.353954 0.496404 -0.342353 -0.362583
0 0.350739 0.236195 -0.444591 -0.221250
0 0.168279 0.294667 -0.055341 -0.336327
0 0.654174 1.099744 -0.738929 0.412323
0 0.166156 0.295224 -0.056697 -0.338440
0 0.654428 1.095810 -0.740037 0.404917
0 0.167272 0.295417 -0.057022 -0.337666
0 0.167760 0.294589 -0.056012 -0.337136
0 0.167427 0.296321 -0.056951 -0.337018
0 0.167252 0.295581 -0.058608 -0.334760
0 0.353145 0.237357 -0.441000 -0.216662
0 0.353261 0.238091 -0.441018 -0.215654
0 0.167795 0.295495 -0.056123 -0.337127
0 0.167920 0.294741 -0.056032 -0.336994
0 0.353052 0.237563 -0.441524 -0.216528
0 0.351477 0.236490 -0.446571 -0.218772
0 0.356183 0.234278 -0.435162 -0.216499
0 0.236288 0.621631 0.071441 -0.481772
0 0.350664 0.237706 -0.439784 -0.220800
0 0.235095 0.621564 0.069446 -0.482862
0 0.234969 0.621862 0.069324 -0.480923
0 0.350050 0.237906 -0.440722 -0.220732
0 0.349836 0.237998 -0.440909 -0.219683
0 0.234938 0.613087 0.066369 -0.492021
0 0.237260 0.614498 0.070239 -0.490396
0 0.234985 0.612399 0.067501 -0.494398
0 0.352954 0.238854 -0.435256 -0.221049
0 0.235568 0.614514 0.068589 -0.491500
0 0.236963 0.615440 0.069811 -0.488576
0 0.351510 0.496076 -0.347266 -0.355601
0 0.653137 1.065901 -0.740002 0.378068
0 0.653112 1.069982 -0.738048 0.386909
0 0.349137 0.235747 -0.446266 -0.225910
0 0.351185 0.496116 -0.348082 -0.355745
0 0.351234 0.496629 -0.347568 -0.354980
0 0.466182 0.853538 -0.122301 -0.529607
0 0.346630 0.236041 -0.456557 -0.219404
0 0.642235 1.060998 -0.748798 0.346547
0 0.474829 0.857527 -0.091962 -0.516816
0 0.345709 0.235115 -0.454594 -0.223185
0 0.474814 0.858723 -0.091803 -0.514063
0 0.474164 0.857951 -0.094778 -0.515914
0 0.162602 0.295082 -0.059093 -0.339394
0 0.169940 0.293163 -0.053230 -0.336828
0 0.351195 0.497699 -0.341461 -0.360457
0 0.169964 0.297500 -0.050922 -0.329038
0 0.350670 0.497719 -0.342822 -0.360304
0 0.353461 0.237456 -0.445152 -0.223187
0 0.466281 0.857561 -0.097198 -0.525522
0 0.648829 1.064418 -0.753706 0.350616
0 0.353333 0.237446 -0.442647 -0.222637
0 0.353122 0.237455 -0.442732 -0.221898
0 0.350515 0.497738 -0.343160 -0.359916
0 0.353198 0.237729 -0.442344 -0.222488
0 0.171405 0.297822 -0.049089 -0.328405
0 0.344968 0.235024 -0.454145 -0.227319
0 0.645990 1.052253 -0.738478 0.376015
0 0.362210 0.498014 -0.332718 -0.361395
0 0.231685 0.619105 0.065460 -0.488131
0 0.232083 0.620608 0.065616 -0.484059
0 0.162876 0.295989 -0.058806 -0.339728
0 0.238247 0.621198 0.069609 -0.488935
0 0.657961 1.053374 -0.739942 0.381211
0 0.237765 0.624309 0.068968 -0.483635
0 0.360692 0.496402 -0.332841 -0.360402
