0 0.651499 0.940471 -0.780416 0.131388
0 0.652082 0.942487 -0.777694 0.133378
0 0.201973 0.905715 0.132471 -1.390478
0 0.201841 0.907132 0.132138 -1.388434
0 0.660763 0.947617 -0.730978 0.123383
0 0.204012 0.908929 0.132707 -1.377218
0 0.660749 0.950246 -0.730675 0.127427
0 0.203064 0.907991 0.132076 -1.377870
0 0.202606 0.906878 0.132063 -1.383700
0 0.204311 0.907901 0.135481 -1.381932
0 0.421506 0.958628 -0.200905 -1.015791
0 0.421842 0.958596 -0.201073 -1.015664
0 0.421339 0.959409 -0.201325 -1.014859
0 0.498425 0.437263 -0.732231 -0.528716
0 0.645366 0.942807 -0.812711 0.143713
0 0.498452 0.437303 -0.732163 -0.528079
0 0.498599 0.435496 -0.732764 -0.532903
0 0.497658 0.437237 -0.732749 -0.528441
0 0.498647 0.436182 -0.732143 -0.531603
0 0.421742 0.964633 -0.184138 -1.017339
0 0.645986 0.943310 -0.810821 0.143006
0 0.420483 0.957682 -0.214293 -1.004120
0 0.421545 0.963775 -0.184205 -1.018089
0 0.419511 0.956712 -0.214676 -1.005369
0 0.496367 0.436904 -0.734979 -0.532722
0 0.496342 0.436250 -0.735122 -0.533677
0 0.497171 0.436499 -0.733936 -0.533437
0 0.419641 0.958365 -0.215417 -1.003281
0 0.420673 0.964033 -0.184882 -1.016959
0 0.208768 0.909039 0.136571 -1.379603
0 0.208195 0.909128 0.135708 -1.378328
0 0.497885 0.433639 -0.733315 -0.527936
0 0.354666 0.516698 -0.555138 -0.504521
0 0.115324 0.453414 -0.091357 -0.584553
0 0.115393 0.453425 -0.091347 -0.583765
0 0.497978 0.434490 -0.732599 -0.527339
0 0.355966 0.502194 -0.553533 -0.516327
0 0.118091 0.468958 -0.087839 -0.583232
0 0.115093 0.453759 -0.091730 -0.583742
0 0.158777 0.479974 -0.161183 -0.569475
0 0.115725 0.454610 -0.088496 -0.585077
0 0.498311 0.432131 -0.731848 -0.532651
0 0.115667 0.454908 -0.088560 -0.584522
0 0.115751 0.454438 -0.088410 -0.583861
0 0.116907 0.461663 -0.088885 -0.583567
0 0.357055 0.520203 -0.550529 -0.508149
0 0.357039 0.521906 -0.550417 -0.504482
0 0.420956 0.963625 -0.199844 -0.988483
0 0.357032 0.518239 -0.550378 -0.512042
0 0.201744 0.907210 0.132839 -1.385018
0 0.531117 0.906492 -0.548053 -0.998666
0 0.420526 0.937400 -0.210186 -1.016814
0 0.531175 0.905505 -0.548896 -0.999662
0 0.201858 0.907959 0.132564 -1.383604
0 0.160913 0.455631 -0.159302 -0.585813
0 0.160900 0.459916 -0.157864 -0.578638
0 0.160916 0.454764 -0.159335 -0.586631
0 0.160846 0.455213 -0.159581 -0.586167
0 0.530547 0.909953 -0.550461 -0.997856
0 0.415917 0.949003 -0.199862 -1.009219
0 0.084123 0.479207 0.003825 -0.593334
0 0.417130 0.951295 -0.198158 -1.005966
0 0.162770 0.449664 -0.156278 -0.590230
0 0.416310 0.946380 -0.198696 -1.012694
0 0.109766 0.688101 0.073400 -0.462638
0 0.162138 0.445514 -0.159109 -0.591445
0 0.109974 0.686778 0.073639 -0.464494
0 0.159738 0.446084 -0.162541 -0.589984
0 0.161893 0.445702 -0.159360 -0.591601
0 0.355500 0.495017 -0.552289 -0.523419
0 0.355089 0.475618 -0.556163 -0.536696
0 0.159253 0.464381 -0.163495 -0.586485
0 0.160568 0.463320 -0.158909 -0.584947
0 0.357223 0.519583 -0.550559 -0.502137
0 0.160358 0.462686 -0.159070 -0.586417
0 0.115306 0.457739 -0.090435 -0.584376
0 0.159409 0.445882 -0.162535 -0.590004
0 0.356188 0.498537 -0.553528 -0.519018
0 0.356229 0.497326 -0.553533 -0.520477
0 0.650743 0.958087 -0.815934 0.162273
0 0.355976 0.498055 -0.554400 -0.519307
0 0.355444 0.489508 -0.556194 -0.526236
0 0.660427 0.958603 -0.777466 0.151077
0 0.115003 0.457976 -0.090372 -0.583902
0 0.497877 0.429299 -0.732265 -0.535803
0 0.202690 0.909847 0.129566 -1.370454
0 0.161194 0.492786 -0.159069 -0.555403
0 0.202531 0.906246 0.125240 -1.395585
0 0.159094 0.464764 -0.163144 -0.585700
0 0.202233 0.904252 0.124583 -1.399097
0 0.096329 0.466622 -0.003805 -0.594363
0 0.355648 0.474981 -0.554535 -0.538174
0 0.161232 0.490758 -0.159548 -0.558882
0 0.497308 0.445161 -0.743330 -0.530536
0 0.497884 0.443370 -0.741783 -0.532984
0 0.202666 0.908587 0.129434 -1.373146
0 0.359225 0.503552 -0.547944 -0.513526
0 0.412823 0.961483 -0.196947 -0.995042
0 0.161369 0.490906 -0.158879 -0.560074
0 0.080896 0.475899 -0.014861 -0.595440
0 0.114534 0.450138 -0.094259 -0.586166
0 0.421095 0.932805 -0.209261 -1.024395
0 0.113597 0.449819 -0.092468 -0.586250
0 0.355740 0.529915 -0.549620 -0.488575
0 0.081350 0.475912 -0.014456 -0.595299
0 0.079108 0.466504 -0.022604 -0.599192
0 0.081411 0.475974 -0.013953 -0.595135
0 0.079461 0.466262 -0.022115 -0.600123
0 0.113886 0.449970 -0.092404 -0.586378
0 0.498284 0.440911 -0.729556 -0.535808
0 0.109881 0.695428 0.072081 -0.491462
0 0.110197 0.694315 0.072401 -0.492813
0 0.079555 0.466136 -0.021743 -0.599381
0 0.423212 0.708891 -0.597992 -0.780414
0 0.420923 0.712655 -0.599625 -0.778728
0 0.422629 0.709359 -0.598602 -0.780958
0 0.114313 0.450454 -0.094115 -0.585991
0 0.421343 0.712367 -0.599284 -0.778910
0 0.097846 0.676217 0.065629 -0.467273
