0 0.419992 1.088142 -0.117329 -0.342106
0 0.419375 1.086541 -0.119019 -0.347511
0 0.600002 1.091548 -0.479751 -0.280781
0 0.600551 1.090798 -0.477504 -0.284084
0 0.420376 1.087391 -0.116792 -0.350984
0 0.420295 1.079923 -0.116120 -0.355254
0 0.596208 1.093096 -0.483119 -0.292851
0 0.418551 1.077551 -0.119839 -0.360726
0 0.420355 1.078538 -0.116462 -0.361980
0 0.597840 1.092329 -0.481634 -0.294310
0 0.419772 1.076283 -0.109970 -0.364665
0 0.420675 1.077119 -0.119580 -0.363743
0 0.603352 1.098014 -0.474628 -0.278949
0 0.595866 1.088420 -0.483999 -0.314912
0 0.601206 1.090966 -0.471883 -0.288704
0 0.421310 1.081409 -0.100666 -0.355827
0 0.599566 1.088787 -0.480950 -0.305420
0 0.422219 1.083479 -0.099471 -0.350991
0 0.421600 1.080415 -0.099872 -0.362625
0 0.590630 1.091979 -0.481624 -0.299192
0 0.049273 0.750689 0.033592 -1.158725
0 0.049611 0.750960 0.034787 -1.158128
0 0.049226 0.752682 0.033689 -1.159407
0 0.048874 0.751860 0.032779 -1.158978
0 0.049253 0.752516 0.033209 -1.158962
0 0.048895 0.752639 0.032645 -1.157326
0 0.049271 0.752414 0.033300 -1.158363
0 0.048914 0.750956 0.035057 -1.155508
0 0.049371 0.752699 0.033163 -1.159616
0 0.048569 0.750505 0.034979 -1.156077
0 0.602661 1.095055 -0.471819 -0.263854
0 0.602388 1.090868 -0.471900 -0.272497
0 0.600250 1.090729 -0.479425 -0.308449
0 0.599617 1.090197 -0.479998 -0.309595
0 0.415038 0.512169 -0.695368 -0.903779
0 0.050902 0.754677 0.032597 -1.153607
0 0.424141 1.085662 -0.123281 -0.344076
0 0.047975 0.749050 0.032242 -1.161851
0 0.422937 1.083457 -0.125389 -0.348391
0 0.050899 0.758295 0.032228 -1.151141
0 0.599887 1.081591 -0.480106 -0.330158
0 0.415840 0.513501 -0.693453 -0.901296
0 0.050352 0.748348 0.033302 -1.159896
0 0.049890 0.749020 0.032479 -1.158486
0 0.048437 0.749388 0.032891 -1.162181
0 0.048450 0.750004 0.032768 -1.160431
0 0.049931 0.749081 0.032308 -1.159350
0 0.596040 1.099176 -0.475438 -0.288363
0 0.423283 1.081689 -0.125261 -0.352756
0 0.415525 0.509866 -0.696172 -0.906208
0 0.411398 0.510556 -0.712796 -0.904644
0 0.415410 0.512092 -0.691926 -0.901139
0 0.415695 0.511938 -0.691442 -0.901151
0 0.049499 0.748030 0.033334 -1.155469
0 0.049930 0.747908 0.033624 -1.155739
