0 0.425385 0.466728 -0.505165 -0.543264
0 0.421837 0.461870 -0.525311 -0.562596
0 0.425309 0.467190 -0.505236 -0.542840
0 0.424969 0.464301 -0.506743 -0.552614
0 0.431011 0.463502 -0.500528 -0.561946
0 0.393829 0.438844 -0.668169 -0.621112
0 0.394228 0.439564 -0.667854 -0.620127
0 0.425664 0.466971 -0.505135 -0.544314
0 0.395670 0.441716 -0.662365 -0.620422
0 0.395690 0.440877 -0.661937 -0.620579
0 0.395902 0.441989 -0.662301 -0.619776
0 0.655233 0.490829 -1.193188 -0.509798
0 0.421283 0.461288 -0.521149 -0.558462
0 0.655222 0.491085 -1.193849 -0.508849
0 0.419967 0.461190 -0.523554 -0.559131
0 0.655181 0.489382 -1.194028 -0.511362
0 0.421135 0.459764 -0.521993 -0.561541
0 0.425057 0.471394 -0.504917 -0.535620
0 0.424919 0.470191 -0.504887 -0.537686
0 0.423789 0.470736 -0.506378 -0.536981
