0 0.540948 1.023189 -0.700225 -1.515694
0 0.540022 1.023569 -0.700668 -1.516029
0 0.539755 1.023395 -0.701276 -1.515374
0 0.089469 1.051361 0.059807 -1.527002
0 0.089901 1.052233 0.060471 -1.524743
0 0.088814 1.051633 0.059971 -1.523891
0 0.540219 1.028138 -0.701738 -1.512988
0 0.088915 1.051211 0.060026 -1.524018
0 0.539859 1.027340 -0.702172 -1.514336
0 0.539934 1.027418 -0.703848 -1.514839
0 0.539086 1.030238 -0.700476 -1.512737
0 0.090488 1.053213 0.060265 -1.525702
0 0.541101 1.026148 -0.699080 -1.512839
0 0.539491 1.029661 -0.699558 -1.511410
0 0.090145 1.052219 0.060162 -1.527341
0 0.090086 1.053038 0.059921 -1.526655
0 0.541995 1.026552 -0.697351 -1.511945
0 0.090087 1.053492 0.062226 -1.519770
0 0.089554 1.053236 0.061609 -1.520587
0 0.089999 1.053094 0.061898 -1.521268
0 0.088596 1.054399 0.061833 -1.513120
0 0.088356 1.054824 0.060684 -1.510094
0 0.542161 1.020306 -0.697872 -1.511539
0 0.540553 1.021607 -0.701787 -1.511411
0 0.540846 1.021007 -0.701211 -1.510986
0 0.539947 1.026016 -0.702482 -1.513945
0 0.540512 1.026129 -0.701051 -1.514706
0 0.540108 1.026799 -0.702350 -1.513581
0 0.089637 1.053344 0.060724 -1.534238
0 0.089399 1.052545 0.060578 -1.535524
0 0.542080 1.024133 -0.702136 -1.509692
0 0.089397 1.051802 0.060349 -1.537710
0 0.542579 1.024147 -0.701151 -1.509221
0 0.263900 0.889298 -0.341175 -1.319259
0 0.087012 1.052245 0.057981 -1.543980
0 0.262474 0.893264 -0.341148 -1.309678
0 0.540601 1.030375 -0.706750 -1.510394
0 0.264569 0.890259 -0.339684 -1.318634
0 0.541411 1.030522 -0.705351 -1.507361
0 0.089291 1.046149 0.060128 -1.575604
0 0.087093 1.050347 0.057823 -1.565318
0 0.263135 0.894652 -0.339016 -1.310990
0 0.264097 0.893445 -0.338805 -1.309287
0 0.262674 0.893133 -0.342051 -1.307610
0 0.262773 0.894082 -0.341887 -1.305480
0 0.089362 1.045606 0.060514 -1.557886
0 0.263051 0.893004 -0.342133 -1.306947
0 0.263901 0.894745 -0.338166 -1.310669
0 0.262509 0.898643 -0.338247 -1.307339
0 0.543370 1.021146 -0.691398 -1.522933
0 0.262770 0.898648 -0.337517 -1.307188
0 0.263237 0.898319 -0.340715 -1.301681
0 0.541997 1.021028 -0.698218 -1.525628
0 0.263335 0.898042 -0.340556 -1.302205
0 0.262714 0.897739 -0.341991 -1.302824
0 0.543220 1.028901 -0.695569 -1.510195
0 0.546095 1.020105 -0.701414 -1.520955
0 0.542145 1.032165 -0.693550 -1.506328
0 0.262722 0.897860 -0.340756 -1.306891
0 0.543095 1.019325 -0.706189 -1.527978
0 0.261927 0.898071 -0.342272 -1.307242
0 0.264112 0.897348 -0.341363 -1.306274
0 0.264185 0.896022 -0.341101 -1.309200
0 0.264666 0.896676 -0.339902 -1.308540
