0 0.899849 0.898929 -0.082058 0.201962
0 0.895444 0.899726 -0.089450 0.204887
0 0.900722 0.892317 -0.121575 0.202162
0 0.899776 0.893763 -0.122406 0.205681
0 0.759338 0.895244 -0.162336 0.188520
0 0.756770 0.891893 -0.170720 0.184893
0 1.102511 0.561672 -1.093824 -0.561890
0 0.910064 0.903584 -0.044697 0.247945
0 1.102825 0.561709 -1.089403 -0.562240
0 1.103397 0.561226 -1.086788 -0.562210
0 0.906531 0.904647 -0.046380 0.249223
0 0.342466 0.601027 0.226875 -0.539540
0 0.205391 0.474756 0.135105 -0.621061
0 0.342374 0.600126 0.226575 -0.539810
0 0.342363 0.601615 0.226049 -0.538152
0 0.207915 0.474058 0.135016 -0.621858
0 0.678232 0.886504 -0.212803 0.174617
0 1.103101 0.522170 -1.089473 -0.589308
0 0.976222 0.568533 -1.026727 -0.770163
0 1.104333 0.565268 -1.059339 -0.581183
0 1.102380 0.524366 -1.091293 -0.589608
0 0.679384 0.883127 -0.214206 0.171382
0 0.257226 0.474389 0.171942 -0.616740
0 1.105079 0.565867 -1.057915 -0.581354
0 0.977031 0.568962 -1.027631 -0.769718
0 1.105393 0.568575 -1.058694 -0.576803
0 0.217374 0.473074 0.145476 -0.615958
0 0.216261 0.473155 0.145627 -0.616155
0 0.335586 0.599168 0.224780 -0.535255
0 0.964115 0.570149 -0.999064 -0.762998
0 0.257687 0.473388 0.171282 -0.617963
0 0.329027 0.598533 0.219841 -0.537291
0 1.102861 0.533252 -1.090330 -0.582608
0 0.965869 0.569839 -0.997182 -0.764591
0 0.332872 0.598799 0.223134 -0.536517
0 0.329815 0.487720 0.222876 -0.596157
0 0.346763 0.602201 0.228190 -0.567446
0 0.185015 0.475835 0.122230 -0.620203
0 0.347237 0.602689 0.230105 -0.566870
0 0.347553 0.602445 0.230057 -0.565602
0 0.183745 0.475650 0.119719 -0.620604
