0 0.734847 1.143635 -0.697427 0.135748
0 0.735616 1.141623 -0.696075 0.131145
0 0.094463 0.669199 0.059954 -0.815881
0 0.094772 0.667874 0.061570 -0.825407
0 0.094735 0.668992 0.060746 -0.814872
0 0.095091 0.668285 0.062951 -0.823253
0 0.097179 0.666455 0.058801 -0.818819
0 0.097008 0.666118 0.058521 -0.820241
0 0.097153 0.665958 0.058851 -0.820676
0 0.733749 1.160713 -0.699383 0.153968
0 0.733338 1.159551 -0.700646 0.154204
0 0.097703 0.663359 0.060990 -0.825585
0 0.097048 0.663167 0.060308 -0.825653
0 0.096949 0.663641 0.059940 -0.824958
0 0.097553 0.667640 0.060943 -0.807904
0 0.097862 0.667441 0.061513 -0.806155
0 0.098553 0.658909 0.060265 -0.814210
0 0.098646 0.659778 0.060725 -0.813459
0 0.098638 0.659908 0.060628 -0.812927
0 0.735521 1.147053 -0.700673 0.176726
0 0.735349 1.156503 -0.697281 0.192906
0 0.735199 1.156363 -0.697642 0.191997
0 0.736051 1.147620 -0.700172 0.176591
