0 0.571383 0.951092 -0.627838 -0.277890
0 0.571813 0.951975 -0.626841 -0.277396
0 0.572014 0.950220 -0.626488 -0.278210
0 0.677921 1.032688 -0.801436 -0.034608
0 0.679566 1.035936 -0.798641 -0.030991
0 0.743434 0.923118 -0.405333 -0.740034
0 0.744439 0.922274 -0.404086 -0.740894
0 0.430831 0.898036 -0.381222 -0.138715
0 0.742590 0.923245 -0.406768 -0.737115
0 0.431854 0.897860 -0.378782 -0.138965
0 0.430874 0.898494 -0.380633 -0.137390
0 0.571290 0.964210 -0.633756 -0.258593
0 0.571772 0.964272 -0.632064 -0.258019
0 0.684117 1.039947 -0.801361 -0.025732
0 0.683827 1.042687 -0.801143 -0.021647
0 0.571819 0.965924 -0.633107 -0.259152
0 0.573701 0.953900 -0.625113 -0.266736
0 0.569634 0.965041 -0.618942 -0.255121
0 0.570457 0.965981 -0.616512 -0.257650
0 0.750505 0.931604 -0.398223 -0.719398
0 0.570037 0.970976 -0.616637 -0.240157
0 0.750444 0.929161 -0.398324 -0.722841
0 0.348524 0.806070 -0.298222 -0.136365
0 0.342102 0.771200 -0.289334 -0.137447
0 0.342201 0.766639 -0.287848 -0.141605
0 0.349122 0.804731 -0.298902 -0.140973
0 0.751046 0.929343 -0.394012 -0.721109
0 0.659599 1.031882 -0.819370 -0.016234
0 0.661239 1.029983 -0.816513 -0.021930
0 0.431901 0.910561 -0.377967 -0.129697
0 0.431815 0.910531 -0.378832 -0.130784
0 0.431918 0.911190 -0.378456 -0.129811
0 0.427712 0.877728 -0.381645 -0.154013
0 0.347665 0.833702 -0.322198 -0.134682
0 0.427670 0.876540 -0.381434 -0.157162
0 0.428839 0.877220 -0.379189 -0.154864
0 0.347906 0.837532 -0.322756 -0.130362
0 0.433317 0.874667 -0.375283 -0.120805
0 0.573717 0.932517 -0.627608 -0.278313
0 0.436485 0.901149 -0.373556 -0.113678
0 0.662700 1.029833 -0.812264 -0.044481
0 0.755645 0.925722 -0.412318 -0.729008
0 0.648090 0.981280 -0.831480 -0.072060
0 0.078883 0.277251 0.054731 0.034104
0 0.753814 0.926463 -0.416259 -0.726845
0 0.754907 0.927731 -0.413702 -0.725982
0 0.765503 0.941345 -0.397242 -0.680033
0 0.344134 0.786975 -0.315781 -0.121288
0 0.763138 0.939664 -0.402462 -0.680745
0 0.357253 0.805969 -0.277327 -0.138608
0 0.345150 0.780390 -0.315637 -0.131338
0 0.077820 0.258958 0.050585 0.020268
0 0.679923 1.036199 -0.789307 -0.098220
0 0.766048 0.940805 -0.398776 -0.677465
0 0.361530 0.742128 -0.138939 -0.580347
0 0.470915 0.845848 -0.210470 -0.583571
0 0.442071 0.844751 -0.171914 -0.530212
0 0.347617 0.775509 -0.277536 -0.131021
0 0.472366 0.843682 -0.210954 -0.587242
0 0.470285 0.842332 -0.214606 -0.586981
0 0.362884 0.742429 -0.137545 -0.579690
0 0.442284 0.833462 -0.224600 -0.582836
0 0.438778 0.835024 -0.230120 -0.578930
0 0.447237 0.844451 -0.162615 -0.528769
0 0.433110 0.935023 -0.376510 -0.098267
0 0.447227 0.844688 -0.163265 -0.529340
0 0.441595 0.832517 -0.225078 -0.581109
0 0.576955 0.959689 -0.631774 -0.266378
0 0.427133 0.807559 -0.088148 -0.521131
0 0.363931 0.745547 -0.135019 -0.572699
0 0.428357 0.809130 -0.087306 -0.518715
0 0.427501 0.810452 -0.087957 -0.517259
0 0.076691 0.473589 0.049989 0.166035
0 0.378099 0.840281 -0.291126 -0.126244
0 0.665800 1.029007 -0.826038 -0.006253
0 0.579370 0.986795 -0.614466 -0.249199
0 0.680116 1.037544 -0.825903 -0.100845
0 0.665142 1.030222 -0.826180 -0.006354
0 0.587997 0.986016 -0.615901 -0.257730
0 0.563623 0.949610 -0.619150 -0.272318
