0 0.870067 1.287871 -0.336965 0.610246
0 0.872712 1.283336 -0.333157 0.606642
0 0.872944 1.279989 -0.333614 0.590273
0 0.889760 2.213344 -0.178689 1.169659
0 0.887797 2.196728 -0.184836 1.130961
0 0.886860 2.210354 -0.232017 1.131351
0 0.887663 2.211608 -0.230404 1.130318
0 0.880645 2.065446 -0.170967 0.749383
0 0.879977 2.077404 -0.174584 0.763348
0 0.847323 1.298570 -0.342105 0.607178
0 0.853450 1.296047 -0.329295 0.607233
0 0.848304 1.289137 -0.338583 0.583430
0 0.887128 2.078622 -0.154584 0.506979
0 0.884849 2.079937 -0.161049 0.509355
0 0.889911 2.131655 -0.217161 0.851615
0 0.892234 2.152552 -0.215334 0.886433
0 0.840107 1.230424 -0.418227 0.577168
0 0.828609 1.234704 -0.436579 0.563606
0 0.843354 1.220647 -0.413307 0.553813
0 0.843788 1.230583 -0.409953 0.579263
0 0.831857 1.234254 -0.465052 0.538798
0 0.854558 1.246459 -0.428462 0.553949
0 0.856032 1.253872 -0.420735 0.564363
0 0.853943 1.254428 -0.425822 0.563194
