0 0.484157 0.782610 -0.623345 -0.234947
0 0.484383 0.784014 -0.623658 -0.232769
0 0.485921 0.789632 -0.616350 -0.227320
0 0.483229 0.775495 -0.627589 -0.241427
0 0.486028 0.787950 -0.615731 -0.231038
0 0.483277 0.774722 -0.627437 -0.243270
0 0.484634 0.760165 -0.618048 -0.258358
0 0.484005 0.758853 -0.619812 -0.260730
0 0.486565 0.756542 -0.620050 -0.276355
0 0.486820 0.759107 -0.619710 -0.273372
0 0.480817 0.724581 -0.627046 -0.274485
0 0.481369 0.727026 -0.625931 -0.271772
0 0.484473 0.786604 -0.619521 -0.243342
0 0.483598 0.786690 -0.621411 -0.247079
0 0.484136 0.718781 -0.625530 -0.283190
0 0.484611 0.722447 -0.624567 -0.278591
