0 0.877386 1.008199 -0.404483 -0.713865
0 0.879564 1.008204 -0.399964 -0.713966
0 0.878062 1.008770 -0.404125 -0.713825
0 0.446480 0.956401 0.222899 -0.531273
0 0.447312 0.954482 0.225480 -0.536701
0 0.447986 0.956102 0.224342 -0.530854
0 0.451032 0.958306 0.229184 -0.534018
0 0.453239 0.958089 0.233306 -0.535400
0 0.452938 0.960305 0.231870 -0.529568
0 0.463388 0.965762 0.221798 -0.527726
0 0.462762 0.964960 0.220625 -0.529832
0 0.461553 0.965525 0.219811 -0.525074
0 0.879316 1.013425 -0.396368 -0.685782
0 0.878972 1.013267 -0.398315 -0.687230
0 0.880855 1.014241 -0.392707 -0.684060
0 0.882106 1.012765 -0.403594 -0.709469
0 0.883177 1.012561 -0.401496 -0.709429
0 0.883298 1.010143 -0.400727 -0.714644
0 0.583362 0.950486 -0.593692 -0.940795
0 0.579345 0.953426 -0.594843 -0.941157
0 0.585086 0.949758 -0.591650 -0.942840
0 0.580238 0.955997 -0.595301 -0.938503
0 0.583219 0.950390 -0.593690 -0.938779
0 0.587020 0.959120 -0.599344 -0.926921
0 0.581580 0.955654 -0.589708 -0.936704
0 0.586406 0.954423 -0.600460 -0.940859
