0 0.759186 1.275665 -0.330905 0.647054
0 0.759030 1.278393 -0.326887 0.652733
0 0.711012 1.271878 -0.337028 0.644141
0 0.711880 1.266894 -0.336660 0.636449
0 0.808643 2.068020 -0.183122 1.102490
0 0.806680 2.021878 -0.187181 1.012013
0 0.821994 2.073660 -0.143889 0.828000
0 0.821789 2.091682 -0.141938 0.868691
0 0.725093 1.406872 -0.292307 0.729373
0 0.791099 1.406644 -0.272151 0.719616
0 0.831904 2.027328 -0.194106 0.765112
0 0.833477 2.030537 -0.192789 0.770326
0 0.828425 2.034162 -0.185163 1.016402
0 0.791397 1.410330 -0.275758 0.726267
0 0.827095 2.017563 -0.186926 0.976837
0 0.724206 1.415164 -0.295877 0.742086
0 0.756936 1.248345 -0.330739 0.602926
0 0.711278 1.240170 -0.337607 0.597615
