0 0.378122 0.450434 -0.440164 -0.353292
0 0.376880 0.449385 -0.441377 -0.355793
0 0.378422 0.450055 -0.440365 -0.351327
0 0.378940 0.450267 -0.439929 -0.350030
0 0.376830 0.450744 -0.441900 -0.352854
0 0.378899 0.452925 -0.438737 -0.347330
0 0.378672 0.452116 -0.440064 -0.348671
0 0.377520 0.445676 -0.440091 -0.356130
0 0.377605 0.445795 -0.440277 -0.355520
0 0.376939 0.450006 -0.442617 -0.356007
0 0.375432 0.449955 -0.444687 -0.356030
0 0.375744 0.450284 -0.444138 -0.355653
0 0.380476 0.451587 -0.432562 -0.348103
0 0.378858 0.450283 -0.435215 -0.350369
0 0.380316 0.449755 -0.432927 -0.351747
