0 0.451194 0.641782 -0.306966 -0.409191
0 0.451659 0.642161 -0.307386 -0.411837
0 0.452529 0.642009 -0.307247 -0.413791
0 0.452045 0.641445 -0.307746 -0.413525
0 0.452139 0.640898 -0.306325 -0.412004
0 0.451829 0.641131 -0.306647 -0.412014
0 0.630215 0.381747 -0.792286 0.034478
0 0.630205 0.383434 -0.792553 0.036319
0 0.629689 0.383172 -0.792914 0.036280
0 0.629656 0.391434 -0.792716 0.044622
0 0.629650 0.391187 -0.793000 0.045002
0 0.629890 0.390396 -0.793193 0.043713
0 0.627042 0.374386 -0.800061 0.035250
0 0.626929 0.376233 -0.800169 0.039356
0 0.627837 0.379349 -0.796251 0.042618
0 0.627543 0.380763 -0.796971 0.045890
0 0.449671 0.621466 -0.312586 -0.432944
0 0.448603 0.623572 -0.313350 -0.432807
0 0.450588 0.637113 -0.313686 -0.436500
0 0.449866 0.640584 -0.313756 -0.427423
0 0.624717 0.372084 -0.804204 0.031802
0 0.456477 0.624425 -0.307746 -0.423101
0 0.628724 0.378827 -0.799467 0.042668
0 0.456396 0.621562 -0.307320 -0.426848
0 0.628454 0.379424 -0.799114 0.043288
0 0.629043 0.379201 -0.799357 0.043388
0 0.625463 0.375198 -0.799532 0.036159
0 0.456529 0.639478 -0.304562 -0.426894
0 0.627801 0.359654 -0.802020 0.029786
0 0.456142 0.634736 -0.304350 -0.437342
0 0.627849 0.357716 -0.802214 0.026048
0 0.626384 0.361446 -0.795853 0.032096
0 0.446587 0.624224 -0.310609 -0.420513
0 0.446239 0.625123 -0.310763 -0.418086
0 0.626144 0.362312 -0.796664 0.034496
0 0.627319 0.383534 -0.795185 0.049571
0 0.448311 0.624482 -0.307107 -0.422679
0 0.627597 0.383668 -0.794626 0.050200
0 0.627653 0.384206 -0.794253 0.049966
0 0.625321 0.354234 -0.806140 0.020825
