0 0.298645 0.636271 -0.077714 -0.826242
0 0.299183 0.635280 -0.077114 -0.827862
0 0.285765 0.631091 -0.091074 -0.830642
0 0.285322 0.630860 -0.089292 -0.831029
0 0.300444 0.636466 -0.079294 -0.823878
0 0.620969 0.662746 -0.624873 -0.981401
0 0.300877 0.638069 -0.079057 -0.821285
0 0.622179 0.662458 -0.623556 -0.982140
0 0.307070 0.638273 -0.066857 -0.825217
0 0.242543 0.628419 -0.115102 -0.830335
0 0.243444 0.627809 -0.114616 -0.830636
0 0.243847 0.628140 -0.114426 -0.829793
0 0.307569 0.638864 -0.066064 -0.824901
0 0.886815 0.986849 0.169621 -0.909307
0 0.879478 0.986521 0.153868 -0.910173
0 0.389397 0.885319 -0.330098 0.482450
0 0.233036 0.624743 -0.126090 -0.835933
0 0.233859 0.624118 -0.123942 -0.836184
0 0.233862 0.624617 -0.124033 -0.835265
0 0.392004 0.886973 -0.327809 0.486224
0 0.462275 0.688022 -0.438567 -0.705655
0 0.298948 0.638944 -0.076075 -0.821343
0 0.465753 0.689823 -0.418555 -0.693062
0 0.879010 0.984028 0.150692 -0.929378
0 0.884269 0.984216 0.166391 -0.929491
0 0.464659 0.690536 -0.421215 -0.692839
0 0.353780 0.999166 0.110620 -0.815406
0 0.900018 0.985169 0.291431 -0.907097
0 0.900695 0.985679 0.288779 -0.905595
0 0.462571 0.685842 -0.438792 -0.708313
0 0.354443 1.001669 0.112788 -0.811463
0 0.353872 0.997830 0.109821 -0.816348
0 0.633394 0.669922 -0.618246 -0.975330
0 0.633165 0.670293 -0.618951 -0.975118
0 0.307727 0.641171 -0.066389 -0.819199
0 0.239703 0.625469 -0.118913 -0.829680
0 0.231602 0.620944 -0.124964 -0.832790
0 0.617527 0.666964 -0.633916 -0.981473
0 0.616488 0.668647 -0.627599 -0.977475
0 0.237557 0.619178 -0.122581 -0.839009
0 0.470807 0.689620 -0.404824 -0.688057
0 0.615864 0.667958 -0.628476 -0.977993
0 0.239666 0.626623 -0.118580 -0.827747
0 0.300348 0.641661 -0.102158 -0.825687
0 0.620087 0.667356 -0.629270 -0.980057
0 0.237381 0.618123 -0.122880 -0.840856
0 0.237355 0.618518 -0.122703 -0.840481
0 0.290664 0.634966 -0.083380 -0.825951
0 0.390746 0.999336 0.135217 -0.820528
0 0.300578 0.640770 -0.102392 -0.828332
0 0.614184 0.663363 -0.636814 -0.976990
