0 0.728650 1.242619 0.205199 0.566645
0 0.554803 0.749315 -0.390415 0.396243
0 0.555165 0.706180 -0.386685 0.379377
0 0.553959 0.750015 -0.389852 0.395390
0 0.554660 0.708628 -0.389463 0.379627
0 0.556745 0.704745 -0.384788 0.377836
0 0.551358 0.741585 -0.354568 0.385848
0 0.552318 0.739296 -0.352593 0.384002
0 0.553036 0.744059 -0.393340 0.385267
0 0.551678 0.736370 -0.354937 0.377730
0 0.555299 0.711516 -0.330130 0.387225
0 0.554815 0.710957 -0.331685 0.382851
0 0.556571 0.708555 -0.327113 0.382418
