0 0.677991 0.613893 -0.014542 -0.408917
0 0.678377 0.613681 -0.013302 -0.408157
0 0.683240 0.614630 -0.003710 -0.408800
0 0.691885 0.615824 -0.007770 -0.407304
0 0.691763 0.615721 -0.007005 -0.405800
0 0.688394 0.615218 -0.014686 -0.407506
0 0.464148 0.606790 -0.138460 -0.445127
0 0.465442 0.607364 -0.136577 -0.443268
0 0.465583 0.607821 -0.134819 -0.444102
0 0.669008 0.616228 -0.022207 -0.419318
0 0.667666 0.616015 -0.029836 -0.419982
0 0.666459 0.617051 -0.034336 -0.417655
0 0.463788 0.608315 -0.145288 -0.442675
0 0.465299 0.609152 -0.143422 -0.441341
0 0.465689 0.608278 -0.142866 -0.443027
0 0.473623 0.598978 -0.170491 -0.449014
0 0.473551 0.596969 -0.170105 -0.456190
0 0.517321 0.609161 -0.108637 -0.433847
0 0.513831 0.610113 -0.123433 -0.431209
0 0.517957 0.610324 -0.117573 -0.432775
