0 1.033293 0.543428 -1.484698 -0.637844
0 1.033224 0.543241 -1.484482 -0.637854
0 1.184246 0.696333 0.528672 0.115258
0 1.029152 0.540616 -1.486794 -0.642128
0 1.028970 0.541531 -1.486684 -0.641877
0 1.029250 0.541180 -1.486281 -0.641671
0 1.029701 0.544308 -1.486882 -0.642022
0 1.029766 0.543778 -1.487925 -0.643509
0 1.030189 0.544612 -1.486419 -0.641984
0 1.029315 0.540268 -1.494295 -0.641875
0 1.029587 0.540686 -1.493900 -0.641376
0 1.029603 0.541615 -1.494049 -0.640655
0 0.173174 0.508959 -0.033638 -0.625172
0 0.173088 0.508681 -0.034422 -0.625585
0 1.033895 0.544436 -1.481966 -0.635602
0 0.169660 0.507897 -0.039927 -0.626551
0 0.173364 0.508635 -0.032707 -0.625544
0 0.173013 0.506708 -0.032537 -0.626821
0 0.171893 0.509465 -0.039534 -0.624879
0 0.171784 0.509425 -0.039589 -0.624846
0 0.172151 0.509370 -0.038552 -0.624918
0 1.032029 0.545501 -1.478808 -0.638496
0 1.031503 0.545155 -1.479451 -0.639017
0 0.174089 0.507143 -0.030156 -0.626197
0 0.171334 0.509113 -0.035896 -0.624831
0 0.172913 0.508461 -0.057191 -0.628560
0 1.031615 0.544532 -1.488762 -0.637872
0 1.032389 0.544355 -1.487464 -0.638857
0 1.031918 0.545213 -1.488006 -0.637531
0 1.033020 0.542764 -1.485078 -0.631944
0 1.033426 0.544266 -1.483965 -0.628927
0 0.174324 0.508896 -0.028312 -0.626591
0 1.033743 0.546089 -1.475750 -0.636801
0 0.181384 0.508534 -0.000066 -0.622499
0 0.181850 0.507873 0.001008 -0.623912
0 1.034298 0.542384 -1.480109 -0.632667
0 1.033204 0.553200 -1.483432 -0.629402
0 1.033497 0.552790 -1.482847 -0.630350
0 0.175952 0.509491 -0.045155 -0.627047
0 0.176865 0.509404 -0.043923 -0.627045
0 0.176202 0.509653 -0.044354 -0.626298
0 0.940265 0.388396 -1.553557 -0.677494
0 0.941545 0.388467 -1.566447 -0.675025
0 0.942877 0.388544 -1.564863 -0.675115
