0 0.696551 1.073491 -0.501624 -0.147851
0 0.697396 1.073988 -0.501557 -0.148354
0 0.709384 1.084623 -0.528612 -0.137472
0 0.917562 0.980599 0.623621 -0.897176
0 0.706877 1.085340 -0.532112 -0.136261
0 0.543839 0.938816 -0.155960 0.140136
0 0.545019 0.940521 -0.153162 0.139818
0 0.930130 0.969702 0.655273 -0.979689
0 0.310222 0.754223 0.184398 -0.084670
0 0.678747 1.050478 -0.511803 -0.143799
0 0.309530 0.750614 0.183489 -0.090977
0 0.677696 1.049928 -0.512893 -0.145458
0 0.543581 0.953791 -0.195317 0.155848
0 0.310386 0.750758 0.185446 -0.088746
0 0.544011 0.954696 -0.195283 0.155064
0 0.542776 0.905609 -0.168659 0.156762
0 0.544568 1.081668 -0.160556 0.253744
0 0.543907 0.905056 -0.165333 0.152825
0 0.864802 0.980422 0.600423 -0.892096
