0 0.581330 1.295139 -0.571416 0.118002
0 0.579954 1.291599 -0.573990 0.111236
0 0.347343 1.291754 -0.092896 0.391791
0 0.347418 1.298119 -0.093277 0.401546
0 0.349678 1.329794 -0.093254 0.361424
0 0.350017 1.331642 -0.093211 0.359782
0 0.341971 1.295594 -0.086405 0.396829
0 0.583331 1.297924 -0.567048 0.127179
0 0.342958 1.301838 -0.085204 0.408327
0 0.583695 1.293699 -0.568662 0.117972
0 0.439212 1.307191 -0.386083 0.238589
0 0.343158 1.275236 -0.099899 0.467637
0 0.343758 1.282311 -0.099718 0.477942
0 0.439763 1.312922 -0.385759 0.245986
0 0.336871 1.334252 -0.092326 0.360198
0 0.338521 1.337071 -0.091534 0.363398
0 0.441014 1.189624 -0.393911 0.161614
0 0.440329 1.197292 -0.395153 0.170028
0 0.593487 1.303511 -0.497974 0.145057
0 0.593845 1.303983 -0.497686 0.146098
0 0.438735 1.299507 -0.402029 0.213076
0 0.438876 1.305379 -0.398738 0.218917
