0 0.636700 1.215962 -0.167986 0.433597
0 0.632839 1.216700 -0.173278 0.434161
0 0.215314 0.775360 -0.273566 -1.142312
0 0.213583 0.774538 -0.276919 -1.140661
0 0.650474 1.214059 -0.153737 0.412132
0 0.215768 0.776826 -0.274587 -1.134545
0 0.651468 1.217078 -0.150592 0.417931
0 0.215925 0.776327 -0.274731 -1.137010
0 0.215420 0.776838 -0.275702 -1.135818
0 0.213551 0.774801 -0.276963 -1.139736
0 0.213658 0.774457 -0.277077 -1.142984
0 0.215870 0.779469 -0.273316 -1.129599
0 0.213641 0.774683 -0.276190 -1.141684
0 0.619397 1.219887 -0.193188 0.457236
0 0.618526 1.223368 -0.196742 0.465018
0 0.215007 0.777163 -0.274589 -1.134572
0 0.216325 0.777832 -0.278474 -1.131493
0 0.216326 0.775635 -0.278916 -1.136118
