0 0.531396 0.537782 -0.477103 -0.406993
0 0.531821 0.538347 -0.476236 -0.404029
0 0.532844 0.539927 -0.473688 -0.403150
0 0.532676 0.538229 -0.476175 -0.406792
0 0.532910 0.540192 -0.474073 -0.405050
0 0.533226 0.540780 -0.473505 -0.404266
0 0.535146 0.535903 -0.475494 -0.400431
0 0.537212 0.530148 -0.455744 -0.410565
0 0.536469 0.532059 -0.456325 -0.408571
0 0.535360 0.536331 -0.475470 -0.399691
0 0.535638 0.536976 -0.475226 -0.399037
0 0.539404 0.537597 -0.462149 -0.395888
0 0.539485 0.538713 -0.462859 -0.394466
0 0.538504 0.526712 -0.458581 -0.388508
0 0.538596 0.523387 -0.458871 -0.396187
0 0.534806 0.533911 -0.467997 -0.395570
0 0.535163 0.533029 -0.466832 -0.396955
0 0.535667 0.535314 -0.466006 -0.394293
