0 0.535033 0.819359 0.288672 -0.314797
0 0.533766 0.815067 0.287112 -0.321891
0 0.533755 0.819385 0.285867 -0.314765
0 0.561446 0.529221 -0.793566 -0.638913
0 0.560822 0.530002 -0.794588 -0.637775
0 0.560826 0.529269 -0.792616 -0.636366
0 0.561192 0.528131 -0.791730 -0.638475
0 0.559037 0.528516 -0.796687 -0.640493
0 0.559977 0.528974 -0.794216 -0.639183
0 0.559683 0.527972 -0.794694 -0.641137
0 0.528459 0.813108 0.277775 -0.323155
0 0.528251 0.815636 0.277167 -0.319421
0 0.528237 0.814514 0.277125 -0.320970
0 0.561780 0.528900 -0.794186 -0.640735
0 0.561671 0.528072 -0.794438 -0.641707
0 0.561784 0.529508 -0.793962 -0.639761
0 0.534663 0.816450 0.287673 -0.319420
0 0.532644 0.815282 0.285158 -0.321702
0 0.532940 0.815140 0.285360 -0.323882
0 0.561466 0.527258 -0.797367 -0.640438
0 0.557742 0.527743 -0.801479 -0.642913
0 0.558898 0.528312 -0.795787 -0.634905
0 0.559788 0.528794 -0.793773 -0.635023
0 0.559221 0.529522 -0.794674 -0.634795
0 0.434440 0.544969 -0.667623 -0.601481
0 0.558721 0.527814 -0.799551 -0.636118
0 0.434935 0.545548 -0.665427 -0.602085
0 0.433578 0.544650 -0.676904 -0.606540
0 0.433209 0.544412 -0.677623 -0.608116
0 0.433239 0.544307 -0.678065 -0.606681
0 0.561740 0.528127 -0.795127 -0.635538
0 0.436699 0.546805 -0.657690 -0.598381
0 0.561937 0.529244 -0.794717 -0.634390
0 0.436224 0.547254 -0.658860 -0.597393
0 0.561425 0.529839 -0.795823 -0.635679
0 0.434815 0.546596 -0.663195 -0.603169
0 0.434949 0.546815 -0.662459 -0.603096
0 0.434870 0.546983 -0.663015 -0.601682
0 0.434206 0.543621 -0.675497 -0.602620
0 0.433876 0.544048 -0.675978 -0.602498
0 0.433503 0.552950 -0.680576 -0.597829
0 0.433850 0.543884 -0.676416 -0.602346
0 0.558963 0.527375 -0.796299 -0.642272
0 0.558818 0.527276 -0.795831 -0.642743
0 0.557435 0.528044 -0.802952 -0.636938
0 0.436053 0.545625 -0.654431 -0.586822
0 0.436606 0.545403 -0.653623 -0.587616
0 0.436314 0.545907 -0.654888 -0.586790
0 0.530748 0.812488 0.284586 -0.314228
0 0.530468 0.812377 0.285056 -0.318970
0 0.527588 0.810715 0.282601 -0.316750
0 0.433534 0.541631 -0.679314 -0.604040
0 0.433503 0.518323 -0.568824 -0.568097
0 0.433093 0.531875 -0.570595 -0.564031
0 0.392415 0.434656 -0.590199 -0.615019
0 0.434358 0.542294 -0.681134 -0.618418
