0 0.534672 1.144888 -0.448188 -0.300956
0 0.535566 1.143586 -0.446848 -0.303511
0 0.536976 1.144531 -0.454372 -0.302898
0 0.538166 1.142537 -0.452441 -0.305604
0 0.534247 1.138844 -0.449008 -0.312431
0 0.536843 1.137085 -0.455027 -0.318685
0 0.259690 0.965386 0.168307 -0.630768
0 0.261310 0.965862 0.170923 -0.630154
0 0.260672 0.968480 0.170577 -0.626417
0 0.536526 1.130815 -0.448238 -0.341334
0 0.672643 1.101778 -0.348713 -1.012073
0 0.673563 1.101454 -0.348023 -1.012389
0 0.672653 1.100683 -0.348414 -1.016192
0 0.263730 0.969783 0.173759 -0.621736
0 0.537710 1.131505 -0.462020 -0.347428
0 0.264539 0.968786 0.174902 -0.622550
0 0.264485 0.968775 0.174061 -0.622634
0 0.533731 1.090164 -0.453916 -0.377305
0 0.538098 1.172598 -0.443749 -0.335540
0 0.671249 1.095419 -0.361574 -1.033824
0 0.672320 1.096083 -0.361065 -1.032214
0 0.670994 1.094854 -0.362684 -1.036111
0 0.668526 1.102587 -0.345894 -0.991615
0 0.667512 1.105464 -0.349280 -0.983349
0 0.667606 1.104077 -0.349701 -0.985301
0 0.556170 1.194654 -0.435347 -0.298765
0 0.557070 1.194102 -0.435143 -0.299904
