0 0.962755 1.222737 0.531528 0.790734
0 0.147150 0.502583 0.097076 0.330876
0 0.372721 0.210992 -0.359269 0.139766
0 0.372657 0.211551 -0.359897 0.140601
0 0.371398 0.209903 -0.363596 0.142163
0 0.372756 0.210098 -0.361201 0.142569
0 0.442776 0.173607 -0.552317 0.115210
0 0.442154 0.173339 -0.553274 0.114510
0 0.372749 0.209644 -0.360876 0.141905
0 0.442636 0.173186 -0.552842 0.114273
0 0.443939 0.174123 -0.551110 0.115785
0 0.373286 0.210180 -0.363381 0.139320
0 0.444280 0.172351 -0.550923 0.113244
0 0.373406 0.210561 -0.363667 0.140663
0 0.443521 0.171401 -0.550546 0.110847
0 0.443220 0.173099 -0.550085 0.112635
0 0.373033 0.211295 -0.354573 0.140975
0 0.369112 0.211872 -0.357038 0.141298
0 0.368054 0.212534 -0.359306 0.142864
0 0.373831 0.211880 -0.353511 0.142415
0 0.368288 0.212370 -0.358854 0.142809
0 0.443472 0.173082 -0.553222 0.113781
0 0.370603 0.202673 -0.368851 0.135812
0 0.370983 0.203118 -0.368024 0.136218
0 0.371281 0.203187 -0.367283 0.136650
0 0.443361 0.170766 -0.554056 0.109796
0 0.443716 0.173605 -0.553887 0.114362
0 0.377883 0.213947 -0.349999 0.142551
0 0.442781 0.172990 -0.552155 0.114425
