0 0.511632 0.618910 -0.434133 -0.042642
0 0.511752 0.619342 -0.433467 -0.044738
0 0.513261 0.617929 -0.432765 -0.041455
0 0.515280 0.706159 -0.420946 0.020141
0 0.515377 0.706233 -0.420251 0.022364
0 0.516410 0.705628 -0.419786 0.021323
0 0.354895 0.674034 -0.313474 -0.641544
0 0.512737 0.635745 -0.427244 -0.028273
0 0.512299 0.635959 -0.427969 -0.025251
0 0.355248 0.674528 -0.313015 -0.641037
0 0.345044 0.638547 -0.314278 -0.658337
0 0.512767 0.640552 -0.427856 -0.026507
0 0.345933 0.639092 -0.312800 -0.657528
0 0.530250 0.839445 -0.401288 0.108272
0 0.512450 0.581754 -0.435490 -0.061196
0 0.512760 0.578274 -0.434405 -0.068428
0 0.522207 0.499524 -0.423698 -0.126881
