0 0.909050 1.422931 0.586083 0.604693
0 0.169777 0.403648 -0.107555 -0.229830
0 0.169690 0.406471 -0.107222 -0.226902
0 0.167380 0.617804 0.008070 -0.047860
0 0.167389 0.381293 -0.112377 -0.258486
0 0.167225 0.618628 0.008094 -0.045423
0 0.167996 0.382243 -0.111191 -0.256137
0 0.164168 0.668181 0.008152 -0.005741
0 0.164481 0.667008 0.007889 -0.008921
0 0.169690 0.393915 -0.112847 -0.242607
0 0.169692 0.393906 -0.112929 -0.242905
0 0.166254 0.391206 -0.113572 -0.243472
0 0.171347 0.516870 -0.104157 -0.152505
0 0.172697 0.521411 -0.098415 -0.149171
0 0.169237 0.393577 -0.113546 -0.242145
0 0.167007 0.392748 -0.112159 -0.239161
0 0.166490 0.392659 -0.113309 -0.240928
