0 0.869557 0.749834 -0.768356 -0.607769
0 0.869419 0.751327 -0.768646 -0.606563
0 0.868001 0.750467 -0.770566 -0.607730
0 0.862428 0.746947 -0.776017 -0.605748
0 0.862850 0.748122 -0.775318 -0.604056
0 0.874218 0.751132 -0.774156 -0.604304
0 0.863500 0.748571 -0.773150 -0.602396
0 0.851307 0.751671 -0.794268 -0.593509
0 0.873925 0.750449 -0.774882 -0.606776
0 0.874364 0.750803 -0.775402 -0.606669
0 0.858540 0.748430 -0.783223 -0.614635
0 0.852047 0.751544 -0.770440 -0.596697
0 0.856735 0.746216 -0.771847 -0.624156
0 0.852353 0.749950 -0.762528 -0.610367
0 0.854467 0.749949 -0.758289 -0.609475
0 0.895279 0.751350 -0.768149 -0.582213
0 0.853577 0.750296 -0.760428 -0.609188
