0 0.294155 1.099585 -0.124475 -0.996177
0 0.294201 1.099291 -0.124179 -0.995798
0 0.609935 1.103605 -0.722684 -1.009786
0 0.609355 1.102457 -0.723267 -1.011158
0 0.294517 1.099211 -0.122091 -0.995342
0 0.610833 1.102742 -0.722093 -1.010045
0 0.607477 1.101926 -0.721741 -0.995686
0 0.607502 1.102165 -0.722919 -0.994816
0 0.606575 1.102232 -0.722895 -0.996391
0 0.523611 0.878479 -0.716925 -1.019364
0 0.608373 1.100411 -0.727642 -1.016874
0 0.608228 1.101008 -0.727609 -1.016451
0 0.523340 0.877868 -0.716879 -1.019350
0 0.608994 1.101708 -0.728521 -1.014171
0 0.526308 0.870906 -0.711672 -1.021345
0 0.287035 1.100146 -0.131953 -1.001652
0 0.525881 0.868995 -0.711667 -1.024564
0 0.525863 0.871358 -0.711993 -1.020607
0 0.287365 1.099761 -0.131110 -1.002860
0 0.527701 0.871407 -0.711383 -1.022585
0 0.527979 0.870337 -0.710687 -1.024119
0 0.287465 1.101030 -0.130633 -1.000115
0 0.305917 1.106063 -0.112913 -0.944580
0 0.305927 1.104051 -0.112616 -0.950194
0 0.305689 1.103884 -0.113212 -0.951731
0 0.297295 1.066333 -0.115934 -1.014927
0 0.608828 1.111619 -0.725785 -0.973164
0 0.293238 1.089796 -0.121123 -1.014892
0 0.292999 1.094197 -0.125070 -0.996022
0 0.526155 0.889364 -0.711621 -1.011981
0 0.525849 0.886375 -0.712449 -1.014060
0 0.526411 0.888440 -0.711837 -1.013386
0 0.293867 1.056628 -0.120506 -1.044147
0 0.611157 1.074331 -0.719444 -1.013622
0 0.288789 1.091889 -0.133666 -1.002248
0 0.523148 0.857687 -0.720379 -1.039584
0 0.523618 0.857622 -0.720179 -1.040204
0 0.290044 1.088168 -0.126344 -1.019691
0 0.429087 1.011578 -0.480571 -1.133555
0 0.428768 1.010560 -0.481757 -1.134610
0 0.304613 0.902327 -0.304052 -1.007125
0 0.526865 0.862965 -0.714347 -1.024474
0 0.290617 1.061440 -0.127578 -1.024519
0 0.304843 0.903443 -0.303761 -1.005556
0 0.525710 0.860730 -0.716000 -1.028101
0 0.528102 0.928910 -0.710948 -0.986216
0 0.527751 0.929660 -0.711570 -0.983572
0 0.290219 1.054118 -0.125847 -1.048531
0 0.526611 0.859232 -0.714945 -1.029554
0 0.286443 1.092757 -0.125613 -1.008216
0 0.288943 1.092375 -0.120294 -1.012905
0 0.305656 0.970840 -0.299754 -0.966560
0 0.305672 0.973232 -0.299954 -0.961384
0 0.287980 1.093166 -0.122499 -1.007861
0 0.599680 1.106712 -0.743252 -0.983539
0 0.601374 1.114203 -0.725754 -0.957245
0 0.293623 1.046253 -0.120740 -1.064971
0 0.605095 1.069099 -0.712598 -0.999236
