0 0.524690 1.022864 -0.176107 0.210954
0 0.524677 1.019043 -0.176226 0.201195
0 0.625059 1.048838 -0.085818 -0.153008
0 0.623912 1.048168 -0.086521 -0.158999
0 0.623541 1.051318 -0.088600 -0.211859
0 0.624064 1.053703 -0.087652 -0.205417
0 0.624678 1.036100 -0.085882 -0.247831
0 0.625117 1.031624 -0.084204 -0.203850
0 0.521903 0.962442 -0.187322 0.189646
0 0.524815 0.964478 -0.180078 0.192583
0 0.638199 1.101044 0.002537 -0.007443
0 0.636642 1.103101 -0.000028 -0.006536
0 0.557530 1.100080 -0.129989 0.243806
0 0.522755 0.958487 -0.178865 0.093564
0 0.562310 1.112123 -0.125053 0.256506
0 0.534654 1.018432 -0.175294 0.198038
0 0.531068 1.019056 -0.183966 0.192335
