0 0.511590 0.813238 -0.174435 0.342146
0 0.510502 0.810004 -0.179701 0.335596
0 0.514684 0.914730 -0.171812 0.457159
0 0.514337 0.910568 -0.174888 0.457829
0 0.506525 0.763035 -0.184098 0.330586
0 0.505353 0.764231 -0.188486 0.331951
0 0.617971 1.138644 -0.114365 0.281329
0 0.618191 1.133063 -0.114042 0.269795
0 0.495795 0.811959 -0.206011 0.383460
0 0.609186 1.028192 -0.121098 0.235389
0 0.609156 1.040422 -0.122455 0.260377
0 0.506750 0.823263 -0.181937 0.363434
0 0.508577 0.825517 -0.178014 0.367364
