0 0.317197 0.895545 0.184245 -1.238905
0 0.315768 0.893476 0.180840 -1.240611
0 0.317702 0.894758 0.184252 -1.238052
0 0.308592 0.890417 0.135205 -1.246758
0 0.307470 0.890883 0.133114 -1.244803
0 0.320666 0.897700 0.195857 -1.227523
0 0.308272 0.893035 0.135500 -1.242026
0 0.319803 0.897355 0.193743 -1.227610
0 0.309202 0.884841 0.140516 -1.250441
0 0.309929 0.886482 0.141352 -1.250346
0 0.320081 0.900317 0.191310 -1.222954
0 0.693015 0.417340 -0.961874 -0.459966
0 0.693404 0.435338 -0.960687 -0.424240
0 0.720514 0.948405 -0.797335 -1.131677
0 0.720156 0.948304 -0.797451 -1.131522
0 0.692210 0.404059 -0.960195 -0.483573
0 0.720685 0.947458 -0.798070 -1.131660
0 0.691706 0.407809 -0.961092 -0.483275
0 0.692033 0.407788 -0.961812 -0.481825
