0 0.520488 0.534313 -0.386468 0.017146
0 0.520265 0.532820 -0.387094 0.013814
0 0.521583 0.532631 -0.383247 0.013892
0 0.505492 0.515498 -0.405191 -0.013687
0 0.495768 0.520285 -0.412664 -0.008127
0 0.527886 0.534250 -0.379844 0.010301
0 0.517110 0.532794 -0.380887 0.016526
0 0.528155 0.534246 -0.377376 0.011422
0 0.516744 0.531341 -0.381650 0.013927
0 0.529059 0.534326 -0.376243 0.010028
0 0.517665 0.531102 -0.379167 0.013299
0 0.906020 0.977082 0.193571 0.186973
0 0.515665 0.533061 -0.387618 0.004827
0 0.508252 0.532048 -0.368117 0.008060
0 0.505704 0.530779 -0.373085 0.007883
0 0.507853 0.530145 -0.369277 0.005690
0 0.506363 0.539768 -0.386728 0.011581
0 0.500996 0.496668 -0.414390 -0.019476
0 0.537914 0.507674 -0.392828 -0.031074
