0 0.272311 1.166928 -0.134766 -0.308134
0 0.272746 1.154253 -0.133779 -0.324926
0 0.315121 1.126632 -0.113839 -0.722053
0 0.315292 1.127247 -0.113229 -0.719113
0 0.306223 1.179652 -0.104076 -0.386221
0 0.316345 1.127782 -0.111166 -0.721149
0 0.310385 1.130145 -0.154303 -0.710898
0 0.282793 1.169463 -0.127815 -0.305391
0 0.305511 1.179116 -0.105328 -0.389690
0 0.306111 1.172138 -0.103658 -0.420236
0 0.310805 1.129220 -0.155393 -0.710615
0 0.312287 1.131789 -0.141006 -0.709551
0 0.252614 1.134097 -0.145744 -0.334105
0 0.251142 1.134380 -0.146939 -0.323357
0 0.246820 1.070300 -0.157967 -0.330822
0 0.247003 1.058497 -0.157478 -0.340213
0 0.313807 1.111223 -0.125524 -0.854967
0 0.313881 1.111814 -0.125583 -0.853588
0 0.310049 1.105325 -0.163631 -0.882689
0 0.310463 1.106473 -0.163791 -0.882428
0 0.312851 1.132154 -0.115559 -0.643510
0 0.315132 1.113455 -0.122713 -0.851000
0 0.315100 1.114326 -0.119398 -0.758270
