0 0.346060 0.573686 -0.308655 -0.416834
0 0.346459 0.573676 -0.307690 -0.416874
0 0.346060 0.579053 -0.311473 -0.412905
0 0.346156 0.578642 -0.311729 -0.416285
0 0.345021 0.578915 -0.313174 -0.415307
0 0.436984 0.576647 -0.542324 -0.340827
0 0.436608 0.576585 -0.542767 -0.340584
0 0.368505 0.572841 -0.629308 -0.675751
0 0.368377 0.572899 -0.628979 -0.675977
0 0.368596 0.573264 -0.629264 -0.676649
0 0.346388 0.575890 -0.311382 -0.418841
0 0.346470 0.575657 -0.310726 -0.418377
0 0.436810 0.571556 -0.537856 -0.340139
0 0.437209 0.571085 -0.537549 -0.339957
0 0.343627 0.572709 -0.311788 -0.421683
0 0.343689 0.573465 -0.311882 -0.420947
0 0.369060 0.574307 -0.627329 -0.674541
0 0.369210 0.573392 -0.626828 -0.675222
0 0.369612 0.573221 -0.626370 -0.675241
0 0.436865 0.574099 -0.547049 -0.340160
0 0.514741 0.594662 -0.647906 -0.362487
0 0.436973 0.573060 -0.546915 -0.344148
0 0.369733 0.569486 -0.628478 -0.679723
0 0.436194 0.572614 -0.547910 -0.344035
0 0.367223 0.565710 -0.634327 -0.681987
0 0.514834 0.594758 -0.647782 -0.363038
0 0.369260 0.569653 -0.628512 -0.679677
0 0.369779 0.570402 -0.628552 -0.678265
0 0.185681 0.712238 0.033252 -0.233857
0 0.367269 0.564274 -0.634608 -0.686243
0 0.185054 0.710459 0.033461 -0.234867
0 0.433342 0.570190 -0.541738 -0.342360
0 0.433008 0.569921 -0.541406 -0.343938
0 0.514257 0.595942 -0.651606 -0.357095
0 0.514576 0.598213 -0.634306 -0.359687
0 0.433340 0.569237 -0.541584 -0.345647
0 0.515302 0.598315 -0.634364 -0.360180
0 0.512876 0.595883 -0.654498 -0.358923
0 0.513964 0.586408 -0.648541 -0.364022
0 0.723138 0.841225 -0.746871 -0.135790
0 0.514028 0.587103 -0.648058 -0.363398
0 0.514069 0.595086 -0.652694 -0.360441
0 0.351525 0.576757 -0.296489 -0.413437
0 0.250078 0.570379 -0.193236 -0.393548
0 0.724177 0.843536 -0.744190 -0.135006
0 0.248511 0.566565 -0.194516 -0.388537
0 0.250414 0.571045 -0.193156 -0.393820
0 0.249395 0.567185 -0.193175 -0.387983
0 0.345092 0.563585 -0.313899 -0.422650
0 0.724043 0.830958 -0.746025 -0.153977
0 0.345094 0.561074 -0.313994 -0.427745
0 0.344338 0.562947 -0.314747 -0.423961
0 0.452849 0.740150 -0.707307 -0.716712
0 0.452946 0.740773 -0.706472 -0.713663
0 0.511506 0.579470 -0.637647 -0.363792
0 0.512277 0.580861 -0.651353 -0.373518
0 0.513671 0.598512 -0.633000 -0.358012
0 0.345809 0.575164 -0.316879 -0.420829
0 0.511372 0.578738 -0.637091 -0.365391
0 0.512275 0.576624 -0.651917 -0.380364
0 0.345666 0.576102 -0.316920 -0.417957
0 0.511386 0.579235 -0.653040 -0.375860
0 0.197476 0.715221 0.060185 -0.230775
0 0.195641 0.698071 0.027173 -0.250401
0 0.513705 0.599476 -0.632111 -0.358227
0 0.344651 0.575506 -0.318454 -0.419819
0 0.513387 0.599191 -0.633468 -0.359655
0 0.195121 0.698758 0.026600 -0.249067
0 0.450873 0.741303 -0.709997 -0.754096
0 0.450253 0.743391 -0.711212 -0.749757
0 0.451452 0.746616 -0.708282 -0.729368
0 0.450096 0.739164 -0.711684 -0.758161
0 0.510244 0.577308 -0.638819 -0.374367
0 0.510190 0.574496 -0.638766 -0.378090
0 0.367796 0.566510 -0.631657 -0.685177
0 0.178805 0.699744 0.029156 -0.257714
0 0.439069 0.588723 -0.548167 -0.335758
0 0.236966 0.560974 -0.206085 -0.397848
0 0.350974 0.577916 -0.303096 -0.416349
0 0.439507 0.589197 -0.547681 -0.334958
0 0.519608 0.602064 -0.624272 -0.355967
0 0.236955 0.559536 -0.205595 -0.400586
0 0.509459 0.576318 -0.639290 -0.375058
0 0.183181 0.722030 0.050728 -0.244823
0 0.183460 0.725120 0.051579 -0.238469
0 0.236320 0.560813 -0.206082 -0.397778
0 0.367986 0.565123 -0.631379 -0.689846
0 0.451810 0.748481 -0.707006 -0.726250
0 0.238125 0.577254 -0.202559 -0.395800
0 0.712301 0.786448 -0.754691 -0.207915
0 0.237574 0.576691 -0.203531 -0.398371
0 0.910436 1.030362 0.493063 -0.598830
0 0.711425 0.786827 -0.754603 -0.210928
0 0.236996 0.576733 -0.204046 -0.398153
0 0.367346 0.575281 -0.632608 -0.683000
0 0.127174 0.782921 0.083741 -0.192109
0 0.201688 0.699863 0.035730 -0.248984
0 0.125911 0.782730 0.083222 -0.192508
0 0.349184 0.575019 -0.294612 -0.418188
0 0.712649 0.788509 -0.754350 -0.204250
0 0.376343 0.569461 -0.618964 -0.675881
0 0.520358 0.599700 -0.631267 -0.358290
0 0.729709 0.951954 -0.743180 -0.025370
0 0.729719 0.954831 -0.742731 -0.025166
0 0.712063 0.731521 -0.751857 -0.233118
0 0.174938 0.697145 0.021718 -0.259901
0 0.255859 0.559865 -0.201208 -0.399886
0 0.711665 0.728245 -0.754287 -0.238262
0 0.255684 0.557681 -0.201334 -0.403095
0 0.255720 0.558504 -0.200618 -0.402171
0 0.711207 0.735214 -0.751504 -0.231046
0 0.170589 0.711125 0.033571 -0.245580
0 0.092310 0.795752 0.063041 -0.183630
0 0.450319 0.743153 -0.710559 -0.752522
0 0.428734 0.580297 -0.540018 -0.336919
0 0.430150 0.581104 -0.539094 -0.335734
0 0.450715 0.741180 -0.710460 -0.755011
0 0.095856 0.794802 0.065470 -0.186202
0 0.450129 0.738235 -0.711480 -0.759506
0 0.171357 0.734149 0.111181 -0.210698
0 0.367148 0.571504 -0.633560 -0.691223
0 0.185274 0.676271 0.028472 -0.261250
0 0.692879 0.727405 -0.763499 -0.256551
0 0.694263 0.728649 -0.762995 -0.254710
0 0.452125 0.745533 -0.710610 -0.729120
0 0.516648 0.582844 -0.622005 -0.359723
0 0.451338 0.747977 -0.711973 -0.724857
0 0.445671 0.618531 -0.538378 -0.288560
0 0.725246 0.933505 -0.746577 -0.064160
0 0.169467 0.731940 0.110950 -0.212750
0 0.374366 0.572887 -0.618049 -0.673983
0 0.375520 0.572778 -0.615104 -0.677383
0 0.730263 1.121627 -0.736052 0.169411
0 0.444592 0.613300 -0.539468 -0.300048
0 0.729786 1.122906 -0.737492 0.170676
0 0.694737 0.730995 -0.761604 -0.250127
0 0.942268 1.039491 0.650652 -0.601990
0 0.451099 0.741979 -0.712401 -0.734622
0 0.190752 0.726264 0.072339 -0.238265
0 0.519507 0.590301 -0.634321 -0.360179
0 0.725364 0.933557 -0.746269 -0.066920
0 0.437857 0.561884 -0.548462 -0.345863
0 0.437747 0.558601 -0.548373 -0.350929
0 0.168532 0.707574 0.029077 -0.248254
0 0.260046 0.580596 -0.196120 -0.388533
0 0.259253 0.579944 -0.197507 -0.391353
0 0.436658 0.559994 -0.550876 -0.348578
0 0.448772 0.698938 -0.716472 -0.745300
0 0.258317 0.579136 -0.197543 -0.392675
0 0.730086 0.911229 -0.742637 -0.078080
0 0.232377 0.561264 -0.200426 -0.390633
0 0.180750 0.672823 0.020989 -0.263564
0 0.889170 1.043027 0.660250 -0.591505
0 0.724716 0.903994 -0.746630 -0.103792
0 0.447708 0.735029 -0.716594 -0.772849
0 0.232041 0.560508 -0.200513 -0.390437
0 0.944725 1.038729 0.444046 -0.590457
0 0.237557 0.581970 -0.192868 -0.386125
0 0.887026 1.028662 0.444888 -0.601353
0 0.937904 1.020377 0.402859 -0.684538
