0 0.642690 0.886378 -0.040128 -0.393110
0 0.643093 0.886404 -0.038924 -0.392698
0 0.644386 0.886618 -0.035298 -0.394717
0 0.642643 0.885916 -0.042073 -0.414877
0 0.641156 0.884893 -0.045045 -0.417170
0 0.642463 0.884167 -0.043143 -0.417474
0 0.688019 1.010774 -0.992760 -0.763417
0 0.687895 1.012944 -0.991901 -0.759242
0 0.643506 0.887625 -0.031738 -0.379163
0 0.643004 0.890308 -0.033392 -0.371772
0 0.644485 0.888938 -0.031206 -0.377952
0 0.692139 1.011009 -0.977312 -0.760675
0 0.686788 1.020736 -0.998498 -0.681821
0 0.687235 1.016805 -0.998454 -0.690878
0 0.685488 1.027247 -1.012815 -0.644410
0 0.645565 1.010464 -0.872498 -0.691807
