0 0.511633 0.574507 -0.784868 -0.655148
0 0.510592 0.574604 -0.786741 -0.654608
0 0.511959 0.574699 -0.784111 -0.653894
0 0.512852 0.574007 -0.786910 -0.652170
0 0.512635 0.577608 -0.784366 -0.646737
0 0.512784 0.573981 -0.786541 -0.651863
0 0.512811 0.577110 -0.783552 -0.646755
0 0.513066 0.571312 -0.782972 -0.655875
0 0.512273 0.571494 -0.783817 -0.654767
0 0.513276 0.571915 -0.782416 -0.653546
0 0.516412 0.573782 -0.778221 -0.652641
0 0.620981 0.634240 0.097526 -0.049322
0 0.623930 0.631706 0.102305 -0.054299
0 0.514068 0.574287 -0.781748 -0.660214
0 0.623355 0.634369 0.101750 -0.048956
0 0.514316 0.576569 -0.781872 -0.656208
0 0.512960 0.575921 -0.784426 -0.657504
0 0.854424 0.550824 -0.406267 -0.400801
0 0.855724 0.551711 -0.406120 -0.400296
0 0.488278 0.822361 0.332986 -0.166462
0 0.856976 0.550258 -0.401705 -0.401451
0 0.530880 0.827703 0.359911 -0.154067
0 0.527084 0.829334 0.355805 -0.149162
0 0.489345 0.823860 0.335686 -0.164261
0 0.516916 0.575165 -0.776883 -0.649243
0 0.626294 0.607019 0.095213 -0.066744
0 0.623554 0.606417 0.090880 -0.063649
0 0.624438 0.606232 0.092712 -0.064479
0 0.512848 0.567345 -0.783372 -0.691017
0 0.486283 0.833557 0.324508 -0.146109
0 0.513349 0.565288 -0.780096 -0.668775
0 0.486031 0.833819 0.328201 -0.146394
0 0.562913 0.848183 0.374476 -0.103923
0 0.560498 0.849000 0.376456 -0.103227
0 0.850440 0.551583 -0.415136 -0.405854
0 0.850546 0.551328 -0.411967 -0.405830
0 0.852478 0.553585 -0.408064 -0.401587
0 0.629700 0.630628 0.099104 -0.053580
0 0.631049 0.628945 0.101862 -0.057568
0 0.629810 0.630245 0.098946 -0.053955
0 0.856165 0.555424 -0.467994 -0.392964
0 0.861861 0.555297 -0.459039 -0.392146
0 0.864481 0.555047 -0.454528 -0.392298
0 0.514235 0.564595 -0.780237 -0.661329
0 0.627709 0.592681 0.089952 -0.073689
0 0.629917 0.593621 0.093441 -0.075455
0 0.628212 0.592512 0.093420 -0.075442
0 0.846904 0.546589 -0.383275 -0.400189
0 0.846637 0.547172 -0.385941 -0.398990
0 0.847885 0.547285 -0.385036 -0.398806
0 1.153809 0.726470 0.257995 -0.744573
0 0.432850 0.812132 0.273195 -0.199984
0 0.462095 0.808198 0.288351 -0.204374
0 1.161803 0.726492 0.268638 -0.743687
0 1.148114 0.734055 0.250486 -0.693296
