0 0.594464 0.799733 -0.735598 -0.715678
0 0.593437 0.802026 -0.726864 -0.708962
0 0.593534 0.802032 -0.726746 -0.707201
0 0.594754 0.799547 -0.735678 -0.714621
0 0.594312 0.802793 -0.725805 -0.707442
0 0.595260 0.800699 -0.733634 -0.714092
0 0.709329 1.054027 -0.860844 -0.508096
0 0.709995 1.057173 -0.859272 -0.502338
0 0.710156 1.057967 -0.857660 -0.501697
0 0.591625 0.796275 -0.725332 -0.722063
0 0.696400 1.055813 -0.943037 -0.498942
0 0.696188 1.053813 -0.944753 -0.505191
0 0.328650 1.084914 0.108444 -0.326532
0 0.592756 0.795282 -0.735890 -0.726689
0 0.330793 1.080960 0.109015 -0.333700
0 0.591926 0.789742 -0.725151 -0.731994
0 0.327925 1.080040 0.107952 -0.340332
0 0.700282 1.042730 -0.935599 -0.503858
0 0.696249 1.055944 -0.938524 -0.501463
0 0.203264 1.174173 0.132817 0.201063
0 0.591055 0.790239 -0.727173 -0.725319
0 0.696007 1.057612 -0.949058 -0.480410
0 0.593209 0.789397 -0.735487 -0.736140
0 0.589170 0.794599 -0.741663 -0.727061
0 0.587439 0.796079 -0.732471 -0.721436
0 0.695837 1.056210 -0.949713 -0.487889
0 0.314148 1.084832 0.160540 -0.310637
0 0.698272 1.049188 -0.936364 -0.456196
0 0.209781 1.148509 0.138186 0.015641
0 0.696643 1.062537 -0.946640 -0.468873
0 0.591130 0.785370 -0.726978 -0.731572
0 0.315466 1.083487 0.161397 -0.310917
0 0.591565 0.790363 -0.744059 -0.722696
0 0.488453 0.720847 -0.659293 -0.659650
0 0.488138 0.720549 -0.660375 -0.656999
0 0.609739 1.263043 -0.016748 0.573509
0 0.611917 1.271588 -0.012512 0.588577
0 0.738286 1.050270 -0.675209 -0.514223
0 0.484553 0.723860 -0.658801 -0.635058
0 0.736299 1.054934 -0.675794 -0.505340
0 0.484483 0.719404 -0.658925 -0.640570
0 0.314475 1.080346 0.159552 -0.325264
0 0.734428 1.056481 -0.682463 -0.502424
0 0.486369 0.705062 -0.658719 -0.664088
0 0.591675 0.783722 -0.744134 -0.731206
0 0.342489 1.084744 0.069292 -0.324931
0 0.708052 1.039967 -0.877180 -0.501698
0 0.485786 0.705361 -0.659633 -0.664402
0 0.708147 1.050123 -0.877842 -0.446568
0 0.586456 0.789432 -0.735789 -0.724994
0 0.481756 0.699432 -0.667540 -0.666631
0 0.340628 1.080225 0.065251 -0.333191
0 0.588405 0.788519 -0.748909 -0.724461
0 0.712740 1.061983 -0.852771 -0.468417
0 0.486474 0.702214 -0.659206 -0.670713
0 0.713112 1.064297 -0.850297 -0.462376
0 0.483218 0.700225 -0.664676 -0.665134
0 0.342425 1.080163 0.070645 -0.337734
