0 0.950620 0.460911 -0.854705 -0.221171
0 0.949700 0.460205 -0.855974 -0.220899
0 0.948647 0.460733 -0.858073 -0.219509
0 0.948364 0.463249 -0.856689 -0.218025
0 0.947069 0.463818 -0.858978 -0.216747
0 0.947023 0.463444 -0.858645 -0.217963
0 0.539497 0.381004 -0.544193 -0.239405
0 0.541973 0.381946 -0.544313 -0.239426
0 0.540000 0.381660 -0.543355 -0.237555
0 0.543296 0.382767 -0.542151 -0.238126
0 0.542632 0.378677 -0.546121 -0.245631
0 0.542616 0.378761 -0.546064 -0.245277
0 0.542151 0.378418 -0.547008 -0.245448
0 0.372352 0.274477 -0.383835 -0.262540
0 0.538258 0.377891 -0.546571 -0.250350
0 0.373087 0.275214 -0.382478 -0.261001
0 0.948558 0.460919 -0.849506 -0.218460
0 0.545493 0.382109 -0.542034 -0.238925
0 0.538312 0.378245 -0.546336 -0.249709
0 0.538675 0.378085 -0.545819 -0.249200
0 0.372929 0.273551 -0.383157 -0.266575
0 0.373669 0.273492 -0.381856 -0.266526
0 0.934175 0.470236 -0.870048 -0.222727
0 0.948965 0.461112 -0.851056 -0.215837
0 0.948507 0.460685 -0.850909 -0.217347
0 0.542658 0.380843 -0.541530 -0.239414
0 0.370750 0.276423 -0.384856 -0.262346
0 0.370556 0.275957 -0.385339 -0.263221
0 0.371377 0.275997 -0.383433 -0.263082
0 0.936833 0.455373 -0.870538 -0.227003
0 0.936044 0.458690 -0.858995 -0.218227
0 0.372325 0.276135 -0.386884 -0.265726
0 0.415135 0.256950 -0.570096 -0.272062
0 0.393001 0.268490 -0.376585 -0.269117
0 0.372956 0.275825 -0.385729 -0.266219
0 0.372289 0.275527 -0.386671 -0.266403
0 0.394173 0.268009 -0.374277 -0.270091
0 0.371292 0.275928 -0.385651 -0.263596
0 0.372896 0.275827 -0.382933 -0.263591
0 0.371295 0.275824 -0.385725 -0.263493
0 0.412842 0.253494 -0.573711 -0.277029
0 0.935288 0.470151 -0.860951 -0.219829
0 0.942903 0.466854 -0.856429 -0.218660
0 0.942756 0.466729 -0.856737 -0.218881
0 0.376160 0.276171 -0.378859 -0.265081
0 0.942408 0.466995 -0.857394 -0.218570
0 0.413348 0.251826 -0.573055 -0.280102
0 0.413998 0.251845 -0.571912 -0.279947
0 0.415637 0.255729 -0.569775 -0.275594
0 0.937857 0.450460 -0.869929 -0.234279
0 0.416196 0.255084 -0.569134 -0.276473
0 0.415714 0.255046 -0.569772 -0.275788
0 0.416938 0.258574 -0.565126 -0.270118
0 0.415097 0.254886 -0.572092 -0.275050
0 0.534833 0.382033 -0.545516 -0.248942
0 0.936353 0.452572 -0.857020 -0.229006
0 0.534363 0.384044 -0.547021 -0.245919
0 0.415531 0.252289 -0.572443 -0.278421
0 0.534325 0.382460 -0.546072 -0.248331
0 0.415631 0.252521 -0.572505 -0.278603
0 0.416005 0.252028 -0.572094 -0.278700
0 0.538777 0.383730 -0.551375 -0.243968
0 0.934871 0.464069 -0.870120 -0.237518
0 0.569086 0.388700 -0.519850 -0.207392
0 0.539022 0.385993 -0.550927 -0.240594
0 0.418335 0.251846 -0.568049 -0.278898
0 0.539029 0.384001 -0.550217 -0.244107
0 0.568304 0.389197 -0.521124 -0.206478
0 0.569531 0.389107 -0.516775 -0.207331
0 0.418719 0.251882 -0.566659 -0.278922
0 0.539525 0.379163 -0.532857 -0.247739
0 0.540861 0.378219 -0.529329 -0.248047
