0 0.557096 0.561207 0.247132 -0.101930
0 0.558164 0.561236 0.248980 -0.102708
0 0.555461 0.560150 0.244407 -0.104149
0 0.558205 0.558587 0.251471 -0.099094
0 0.558385 0.558474 0.251723 -0.099334
0 0.547480 0.267638 -0.656911 -0.288906
0 0.547769 0.267673 -0.656565 -0.288803
0 0.557761 0.558985 0.252024 -0.098059
0 0.547806 0.269089 -0.660532 -0.290037
0 0.551849 0.267855 -0.647260 -0.288421
0 0.544088 0.266046 -0.660627 -0.294439
0 0.547299 0.269542 -0.658611 -0.285117
0 0.547040 0.267568 -0.657379 -0.289625
0 0.650768 0.239432 -0.957511 -0.277590
0 0.561589 0.563187 0.262048 -0.102123
0 0.560331 0.563377 0.259962 -0.100995
0 0.650824 0.239852 -0.957821 -0.276876
0 0.650167 0.240825 -0.958798 -0.279676
0 0.650826 0.239386 -0.957678 -0.277580
0 0.650671 0.239026 -0.958654 -0.276937
0 0.561306 0.562915 0.263346 -0.103330
0 0.544926 0.266972 -0.664427 -0.291584
0 0.649807 0.241035 -0.959063 -0.278492
0 0.544629 0.266442 -0.664984 -0.291645
0 0.649717 0.240848 -0.959301 -0.279562
0 0.652933 0.237787 -0.952244 -0.283214
0 0.545594 0.266617 -0.663251 -0.292198
0 0.650955 0.239089 -0.962637 -0.277332
0 0.652634 0.239364 -0.958115 -0.278997
0 0.545083 0.266020 -0.659886 -0.295225
0 0.545660 0.266553 -0.658800 -0.293577
0 0.545877 0.266660 -0.657871 -0.294306
0 0.650182 0.239140 -0.956720 -0.276702
0 0.842872 1.122966 0.009442 -0.010150
0 0.841987 1.121232 0.007756 -0.011569
0 0.649409 0.239126 -0.958744 -0.277163
0 0.649756 0.239358 -0.957917 -0.275986
0 0.842338 1.143683 0.006095 0.077526
0 0.104076 0.238213 -0.001963 -0.342075
0 0.104204 0.238905 -0.000639 -0.341682
0 0.833760 1.114482 0.009082 -0.030260
0 0.832413 1.112593 0.006043 -0.031110
0 0.835083 1.139514 0.007873 0.077349
0 0.544624 0.264844 -0.662021 -0.293288
0 0.831688 1.138302 0.002064 0.079373
0 0.544728 0.266977 -0.664959 -0.291516
0 0.656010 0.237023 -0.948529 -0.284297
0 0.393964 0.232894 -0.408406 -0.265801
0 0.393329 0.232753 -0.413290 -0.263105
0 0.389066 0.231200 -0.419792 -0.261169
0 0.648548 0.239025 -0.968016 -0.278188
0 0.104511 0.240085 0.001369 -0.341501
0 0.391604 0.231581 -0.415887 -0.260431
0 0.104283 0.237078 -0.006599 -0.343506
0 0.103858 0.237210 -0.007979 -0.343985
0 0.103229 0.238520 -0.001352 -0.342200
0 0.391946 0.231162 -0.414985 -0.261068
0 0.101789 0.237305 0.000209 -0.342574
0 0.102750 0.238088 -0.002062 -0.343151
0 0.391005 0.231006 -0.419032 -0.261469
0 0.101474 0.237653 0.000687 -0.341891
0 0.651628 0.236392 -0.941175 -0.284061
0 0.111026 0.238150 0.004868 -0.338215
0 0.107436 0.238605 -0.012357 -0.342107
0 0.103230 0.240015 0.000931 -0.335787
0 0.210991 0.231780 -0.198330 -0.310823
0 0.390354 0.233343 -0.427382 -0.260976
0 0.103530 0.236834 -0.000932 -0.341958
0 0.392831 0.233819 -0.421230 -0.260156
0 0.210565 0.231801 -0.199376 -0.310353
0 0.539702 0.264551 -0.652435 -0.299300
0 0.103128 0.236663 -0.001467 -0.342289
0 0.208825 0.230868 -0.201754 -0.308379
0 0.209096 0.230735 -0.200769 -0.308766
0 0.106295 0.238029 -0.013869 -0.343442
