0 0.639220 1.131436 -0.028960 -0.237136
0 0.645333 1.126049 -0.020227 -0.252182
0 0.638224 1.131866 -0.030560 -0.233963
0 0.645045 1.126580 -0.021372 -0.249183
0 0.602504 1.123999 -0.063724 -0.251242
0 0.603158 1.123005 -0.063207 -0.250608
0 0.640452 1.119614 -0.026695 -0.256906
0 0.645605 1.118296 -0.020334 -0.269260
0 0.602919 1.110976 -0.063496 -0.277246
0 0.213656 0.677130 0.143276 -0.038478
0 0.211994 0.669873 0.141071 -0.046749
0 0.213598 0.679018 0.143118 -0.037976
0 0.606765 1.123727 -0.066211 -0.243505
0 0.605868 1.124650 -0.066623 -0.242656
0 0.212631 0.673552 0.141869 -0.041965
0 0.213335 0.678212 0.142679 -0.035774
0 0.212804 0.671960 0.142415 -0.042394
0 0.210626 0.679683 0.140509 -0.037782
0 0.671323 0.866306 -0.757159 -1.087630
0 0.911839 0.797643 0.354910 0.527362
0 0.669472 0.868524 -0.762221 -1.100307
0 0.670393 0.876086 -0.760810 -1.075764
0 0.669671 0.867664 -0.758711 -1.087446
0 0.606551 1.112692 -0.065919 -0.261892
0 0.211018 0.679272 0.141296 -0.036587
0 0.211254 0.680736 0.140477 -0.033821
0 0.667967 0.868988 -0.763193 -1.102201
0 0.670354 0.875739 -0.761508 -1.075037
0 0.670938 0.869260 -0.759920 -1.095865
0 0.671896 0.868009 -0.756254 -1.085627
0 0.899317 1.281464 0.328649 0.906248
0 0.211646 0.674950 0.135024 -0.006828
