0 0.422346 1.108112 0.290656 -0.201553
0 0.421402 1.109290 0.287752 -0.201313
0 0.431671 1.098293 0.297144 -0.217013
0 0.430788 1.099661 0.295181 -0.212767
0 0.498842 0.537513 -0.708851 -0.578807
0 0.497243 0.537871 -0.712626 -0.575434
0 0.498981 0.536197 -0.709938 -0.580972
0 0.498217 0.537296 -0.711479 -0.575925
0 0.498869 0.536132 -0.709114 -0.581487
0 0.497375 0.536848 -0.712779 -0.576875
0 0.498718 0.538338 -0.709135 -0.577412
0 0.498336 0.538459 -0.709872 -0.577232
0 0.494955 0.540089 -0.715559 -0.570881
0 0.498040 0.538071 -0.710668 -0.577766
0 0.416389 1.107506 0.277850 -0.203652
0 0.418018 1.110702 0.280072 -0.194283
0 0.495179 0.539309 -0.713875 -0.571606
0 0.500406 0.541792 -0.709005 -0.575094
0 0.500908 0.541661 -0.706856 -0.573868
0 0.497753 0.541279 -0.709190 -0.578476
0 0.498114 0.540733 -0.709077 -0.577314
0 0.499855 0.527233 -0.705519 -0.591376
