0 0.481230 0.716545 -0.197650 -0.583001
0 0.481653 0.717415 -0.195960 -0.581996
0 0.481589 0.717113 -0.196105 -0.583842
0 0.481528 0.712441 -0.196101 -0.588045
0 0.480160 0.711454 -0.199291 -0.590660
0 0.479958 0.711879 -0.200031 -0.587198
0 0.487155 0.711494 -0.197612 -0.579019
0 0.480500 0.703165 -0.203531 -0.601872
0 0.480058 0.703570 -0.203349 -0.597669
0 0.486442 0.710061 -0.198206 -0.584251
0 0.477718 0.717954 -0.193065 -0.575446
0 0.477737 0.717353 -0.193752 -0.578714
0 0.474471 0.701047 -0.197877 -0.600965
0 0.474520 0.701130 -0.198696 -0.598054
0 0.483986 0.711801 -0.194189 -0.598243
0 0.485456 0.717995 -0.191228 -0.585946
0 0.485920 0.714189 -0.191240 -0.593592
0 0.478238 0.707805 -0.204764 -0.585033
0 0.478335 0.708032 -0.203708 -0.584690
