0 0.199372 0.698877 -0.153873 -0.811264
0 0.201990 0.699591 -0.150812 -0.809106
0 0.199278 0.697712 -0.154376 -0.813389
0 0.201535 0.698958 -0.152026 -0.810389
0 0.201629 0.700283 -0.151923 -0.809579
0 0.196645 0.696660 -0.157453 -0.830355
0 0.197006 0.696346 -0.157293 -0.830616
0 0.725691 0.675819 -0.760343 -0.359562
0 0.725791 0.676284 -0.759244 -0.358372
0 0.200393 0.701627 -0.156754 -0.784096
0 0.200742 0.701456 -0.156226 -0.785358
0 0.725841 0.677269 -0.761407 -0.354968
0 0.199330 0.692751 -0.152645 -0.855009
0 0.199339 0.691957 -0.152765 -0.856549
0 0.199460 0.693004 -0.152705 -0.854288
0 0.204903 0.699949 -0.150740 -0.800231
0 0.203636 0.700682 -0.152350 -0.799649
0 0.203997 0.700124 -0.151813 -0.801194
0 0.204238 0.713158 -0.147336 -0.752938
0 0.204388 0.714340 -0.148353 -0.750549
0 0.727072 0.690956 -0.754126 -0.280628
0 0.727564 0.690151 -0.751936 -0.283511
0 0.728637 0.691133 -0.754313 -0.280093
