0 0.452251 0.899498 -0.426304 0.151085
0 0.452056 0.898470 -0.426642 0.148794
0 0.285434 1.089015 0.147108 0.402681
0 0.755220 1.219718 -0.597330 0.483874
0 0.755351 1.230671 -0.597790 0.500937
0 0.451873 0.890014 -0.425086 0.142636
0 0.453838 0.888866 -0.421083 0.140432
0 0.360274 1.014339 -0.150233 0.217280
0 0.360059 1.016513 -0.151000 0.217550
0 0.452648 0.912812 -0.423048 0.161477
0 0.452292 0.917656 -0.422889 0.169921
0 0.452388 0.874503 -0.426220 0.117268
0 0.465043 0.888911 -0.402474 0.129736
0 0.352761 1.049263 -0.153578 0.163112
0 0.757228 1.211375 -0.589237 0.406658
0 0.352525 1.048546 -0.153667 0.155463
0 0.455084 0.869067 -0.418053 0.112723
0 0.757967 1.214984 -0.589642 0.411779
0 0.362095 0.996504 -0.167294 0.204774
0 0.361311 0.997896 -0.168056 0.199748
0 0.459276 0.879521 -0.412568 0.150255
0 0.728134 1.227498 -0.609337 0.478497
0 0.728085 1.229253 -0.611027 0.479007
0 0.464884 0.890030 -0.405857 0.134589
0 0.346259 0.994131 -0.164415 -0.116798
0 0.346323 0.988615 -0.164127 -0.131043
0 0.644381 1.143725 -0.685542 0.419827
0 0.255528 1.189946 0.143813 0.508739
