0 0.628204 0.685355 -0.467507 -0.579791
0 0.628490 0.685751 -0.467691 -0.579323
0 0.629474 0.687123 -0.474237 -0.575256
0 0.627917 0.685048 -0.465647 -0.581159
0 0.629424 0.688235 -0.473170 -0.572166
0 0.901792 0.479056 -1.121306 -0.295263
0 0.901819 0.479734 -1.121427 -0.294258
0 0.630495 0.687972 -0.473510 -0.573404
0 0.902793 0.479228 -1.119139 -0.294489
0 0.977994 0.456851 -1.001591 0.097180
0 0.977549 0.457457 -1.003035 0.099446
0 0.621348 0.680947 -0.466793 -0.587784
0 0.977558 0.457627 -1.000869 0.096649
0 0.930560 0.470625 -1.098079 -0.128116
0 0.929037 0.471129 -1.100678 -0.126585
0 0.757908 0.488495 -0.830009 -0.176988
0 0.892665 0.481126 -1.111717 -0.306241
0 0.892885 0.482572 -1.110347 -0.303323
0 0.729176 0.689113 -0.369270 -0.221551
0 0.982155 0.438128 -1.005701 0.081418
0 0.931169 0.470964 -1.098144 -0.128372
0 0.757942 0.487877 -0.829544 -0.178635
0 0.751412 0.692168 -0.365586 -0.123027
0 0.983814 0.438424 -1.001269 0.084235
0 0.727267 0.688154 -0.371571 -0.217870
0 0.751481 0.692916 -0.366626 -0.119949
0 0.980567 0.436121 -1.008074 0.077384
0 0.729478 0.686237 -0.368330 -0.232162
0 0.751170 0.689845 -0.364050 -0.128085
0 0.764101 0.489799 -0.809519 -0.175275
0 0.763758 0.491919 -0.810935 -0.172684
0 0.764350 0.490536 -0.808994 -0.174395
0 0.758888 0.488908 -0.826674 -0.175998
0 0.895566 0.480490 -1.109605 -0.306785
0 0.625611 0.667687 -0.465539 -0.576554
0 0.890597 0.477503 -1.124452 -0.309458
0 0.891288 0.478470 -1.122835 -0.306923
0 0.897591 0.466699 -1.129784 -0.304231
0 0.700710 0.673025 -0.404826 -0.323989
0 0.704589 0.673870 -0.395672 -0.322724
0 0.703978 0.672781 -0.396159 -0.324034
0 0.883239 0.474538 -1.120765 -0.296106
0 0.928624 0.458452 -1.112351 -0.139703
0 0.948894 0.470260 -1.056359 -0.092484
0 0.639695 0.693941 -0.440987 -0.545219
0 0.893367 0.479226 -1.120667 -0.304110
0 0.948907 0.472682 -1.055437 -0.088018
0 0.639253 0.693269 -0.441218 -0.546319
0 0.921744 0.454799 -1.138282 -0.137868
0 0.637565 0.693270 -0.440392 -0.546535
0 0.949076 0.470231 -1.057422 -0.092059
0 0.897777 0.465568 -1.129109 -0.307951
0 0.695852 0.672105 -0.390898 -0.294439
0 0.879302 0.472545 -1.127973 -0.298891
0 0.756140 0.498299 -0.828914 -0.180217
0 0.757447 0.498239 -0.826777 -0.180225
0 0.893332 0.464730 -1.137357 -0.307277
0 0.757967 0.498788 -0.823557 -0.177744
0 0.658296 0.699508 -0.450136 -0.524062
0 0.658943 0.698595 -0.447940 -0.525184
0 0.658721 0.698852 -0.448390 -0.525402
0 0.871653 0.477933 -1.120667 -0.321822
0 0.631721 0.678922 -0.469659 -0.586844
0 0.873094 0.478370 -1.120270 -0.320668
0 0.687002 0.671789 -0.400146 -0.322857
0 0.762219 0.479129 -0.810129 -0.180114
0 0.761715 0.476853 -0.811587 -0.183221
0 0.760577 0.476443 -0.812743 -0.184547
0 0.650521 0.665496 -0.451164 -0.569009
0 0.883851 0.472377 -1.119475 -0.301049
0 0.875765 0.487130 -1.124982 -0.304546
0 0.762328 0.481503 -0.825176 -0.170457
0 0.915890 0.451658 -1.153341 -0.143795
0 0.871991 0.486229 -1.130205 -0.307018
0 0.882812 0.482149 -1.139576 -0.308666
0 0.759901 0.672532 -0.389350 -0.129016
0 0.757967 0.494147 -0.853014 -0.173531
0 0.758986 0.673216 -0.390484 -0.127633
0 0.759948 0.672069 -0.389990 -0.130351
0 0.875463 0.482916 -1.124943 -0.314686
0 0.883571 0.482291 -1.136820 -0.310449
0 0.929106 0.473463 -1.086198 -0.127204
0 0.930282 0.473900 -1.084320 -0.126153
0 0.985597 0.472386 -0.982877 0.119020
0 0.985240 0.470804 -0.985156 0.117401
0 0.882486 0.479017 -1.139467 -0.318116
0 0.882394 0.478699 -1.112266 -0.318688
0 0.608095 0.687822 -0.485892 -0.599887
0 0.935142 0.443644 -1.089586 -0.142017
0 0.983565 0.471219 -0.987700 0.120126
0 0.928554 0.473838 -1.085669 -0.125510
0 0.982639 0.443401 -0.966670 0.095497
0 0.768072 0.441564 -0.809076 -0.199402
