0 0.457687 0.540741 -0.678936 -0.070185
0 0.403096 0.840392 0.080906 -0.661115
0 0.402283 0.841011 0.079388 -0.658871
0 0.459468 0.548254 -0.677846 -0.052490
0 0.457626 0.550852 -0.678045 -0.057859
0 0.458656 0.548551 -0.679299 -0.051503
0 0.457552 0.550240 -0.678219 -0.058812
0 0.458320 0.543602 -0.678448 -0.065179
0 0.402009 0.840469 0.079125 -0.657684
0 0.458588 0.538845 -0.677251 -0.068690
0 0.458530 0.540835 -0.677115 -0.066284
0 0.406327 0.838566 0.084640 -0.660202
0 0.405995 0.838784 0.083329 -0.660124
0 0.406231 0.838777 0.083952 -0.659197
0 0.404913 0.840691 0.085356 -0.658671
0 0.404291 0.840957 0.084841 -0.656426
0 0.404607 0.841142 0.085598 -0.656926
0 0.455510 0.549635 -0.681740 -0.060440
0 0.456427 0.549024 -0.680176 -0.059368
0 0.397572 0.849218 0.067585 -0.611945
0 0.455458 0.546632 -0.679347 -0.076759
0 0.455640 0.550146 -0.679729 -0.070509
0 0.395078 0.840367 0.065014 -0.629297
0 0.386311 0.843287 0.066913 -0.639488
0 0.463069 0.548230 -0.680674 -0.044954
0 0.463555 0.547357 -0.679562 -0.048324
0 0.388918 0.839119 0.071820 -0.624692
