0 0.791700 1.254019 -0.389469 0.607687
0 0.792549 1.289420 -0.384644 0.672439
0 0.783740 1.268361 -0.404173 0.700518
0 0.784639 1.278293 -0.403060 0.724221
0 0.777722 1.244051 -0.388052 0.549568
0 0.779129 1.270615 -0.386367 0.598108
0 0.811097 1.242429 -0.364891 0.393466
0 0.437452 0.977303 -0.272353 -0.929712
0 0.435884 0.983615 -0.284250 -0.919441
0 0.437259 0.978486 -0.272465 -0.927750
0 0.435356 0.985931 -0.286338 -0.913619
0 0.438027 0.977666 -0.270674 -0.928190
0 0.437210 0.977821 -0.298416 -0.946547
0 0.436384 0.976626 -0.282643 -0.947799
0 0.436582 0.984302 -0.283824 -0.919449
0 0.800730 1.225144 -0.390195 0.323705
0 0.437479 0.977903 -0.297250 -0.947187
0 0.436657 0.976376 -0.282552 -0.950267
0 0.788521 1.121264 -0.422166 -0.032226
0 0.430159 0.985779 -0.278601 -0.914290
0 0.438665 0.979084 -0.296174 -0.944095
0 0.437671 0.977277 -0.279145 -0.949006
0 0.770430 1.249530 -0.404177 0.674454
0 0.774282 1.265708 -0.397839 0.711399
0 0.804243 1.107159 -0.394028 -0.045950
0 0.434091 0.974791 -0.307806 -0.991892
0 0.762491 1.287886 -0.520941 0.658044
0 0.765736 1.257284 -0.513950 0.615949
0 0.429743 0.986102 -0.300585 -0.909917
0 0.428639 0.982361 -0.288530 -0.966001
