0 0.453886 0.767351 -0.340244 -0.615026
0 0.454625 0.767933 -0.338737 -0.614789
0 0.722709 0.833547 -0.776489 -0.393860
0 0.454656 0.767298 -0.338629 -0.613551
0 0.723896 0.832142 -0.772801 -0.396261
0 0.724346 0.833579 -0.771159 -0.395942
0 0.454024 0.765144 -0.343129 -0.617850
0 0.453106 0.764449 -0.345592 -0.618881
0 0.452931 0.764452 -0.345013 -0.618980
0 0.721761 0.836052 -0.782776 -0.380921
0 0.449927 0.769430 -0.347976 -0.618479
0 0.722077 0.835444 -0.781480 -0.381205
0 0.722803 0.834319 -0.779312 -0.382315
0 0.450037 0.762506 -0.347575 -0.634304
0 0.448841 0.771033 -0.348751 -0.615477
0 0.448735 0.769179 -0.349261 -0.619310
0 0.449286 0.769979 -0.347016 -0.618136
0 0.445132 0.754287 -0.348563 -0.632698
0 0.445477 0.747144 -0.348289 -0.640471
0 0.464449 0.776264 -0.338667 -0.614844
0 0.737194 0.862774 -0.742415 -0.364353
0 0.736437 0.863312 -0.742594 -0.362126
0 0.733472 0.864738 -0.746939 -0.360788
0 0.731413 0.828263 -0.755176 -0.364921
0 0.731159 0.831859 -0.754745 -0.358291
0 0.728658 0.832650 -0.758171 -0.357957
0 0.464501 0.765411 -0.339103 -0.638002
