0 0.683381 0.954360 -0.336275 -0.043033
0 0.684939 0.955016 -0.338948 -0.040213
0 0.684479 0.942359 -0.334129 -0.065060
0 0.394127 0.892134 0.072154 -0.145342
0 0.394402 0.889888 0.071787 -0.150694
0 0.394538 0.892428 0.070641 -0.144204
0 0.378330 0.891123 -0.039004 -0.135972
0 0.376671 0.890643 -0.043004 -0.135613
0 0.377049 0.888841 -0.041109 -0.141952
0 0.366745 0.884204 -0.089645 -0.145773
0 0.366233 0.887299 -0.090990 -0.138707
0 0.365573 0.880240 -0.091495 -0.157379
0 0.677545 0.930493 -0.375716 -0.044672
0 0.679023 0.933908 -0.379716 -0.034871
0 0.707272 0.954447 -0.258276 -0.063462
0 0.706961 0.954368 -0.262505 -0.061331
0 0.386365 0.900918 -0.059936 -0.107686
0 0.678481 0.925923 -0.373654 -0.060511
0 0.680746 0.935542 -0.393805 -0.055883
0 0.678353 0.936662 -0.403209 -0.053960
