0 0.486316 1.057762 -0.712728 -0.900122
0 0.486547 1.057965 -0.712552 -0.900768
0 0.487427 1.047147 -0.709399 -0.905785
0 0.488631 1.064396 -0.707746 -0.889277
0 0.488681 1.064578 -0.707278 -0.887370
0 0.488171 1.044602 -0.707725 -0.911760
0 0.091325 0.883933 0.063091 -1.127570
0 0.292175 0.755065 -0.333969 -0.984285
0 0.091628 0.883548 0.063751 -1.127711
0 0.091543 0.884004 0.063652 -1.127829
0 0.153935 0.829828 -0.003595 -1.129143
0 0.291564 0.754937 -0.335481 -0.984913
0 0.291619 0.755171 -0.335792 -0.983501
0 0.154164 0.829155 -0.003443 -1.129719
0 0.293932 0.757343 -0.331504 -0.982493
0 0.090109 0.882836 0.061311 -1.126023
0 0.151266 0.830187 -0.009022 -1.136045
0 0.290555 0.755788 -0.338602 -0.987593
0 0.292932 0.757164 -0.333754 -0.982889
0 0.090236 0.883287 0.061607 -1.125296
0 0.293160 0.756896 -0.333206 -0.982924
0 0.151375 0.830987 -0.008571 -1.134529
0 0.089490 0.880889 0.061576 -1.131427
0 0.151226 0.829758 -0.008874 -1.136559
0 0.290765 0.756153 -0.338235 -0.987969
0 0.089617 0.881392 0.061952 -1.129015
0 0.263367 0.771685 -0.232169 -1.113969
0 0.151466 0.832397 -0.006946 -1.127675
0 0.263553 0.772325 -0.231638 -1.112137
0 0.263377 0.773577 -0.227702 -1.111141
0 0.293366 0.758716 -0.333008 -0.975853
0 0.294314 0.758908 -0.332359 -0.977147
0 0.479509 1.055939 -0.717937 -1.234860
0 0.263119 0.772744 -0.228074 -1.111945
0 0.263413 0.771377 -0.231921 -1.113930
0 0.090967 0.884113 0.063035 -1.127977
0 0.090722 0.884113 0.062641 -1.127285
0 0.480295 1.054950 -0.716094 -1.237377
0 0.151932 0.833403 -0.006093 -1.126653
0 0.091021 0.884665 0.063228 -1.127212
0 0.151735 0.832475 -0.006426 -1.128603
0 0.476532 1.057133 -0.716419 -1.238579
0 0.484452 1.101422 -0.711646 -0.860904
0 0.476884 1.055997 -0.715900 -1.240406
0 0.261596 0.769459 -0.237979 -1.112598
0 0.092131 0.882529 0.064347 -1.127223
0 0.261036 0.768697 -0.240583 -1.114393
0 0.091546 0.882245 0.063870 -1.128171
0 0.315328 0.678634 -0.472941 -0.959368
0 0.261663 0.768201 -0.238232 -1.115239
0 0.092146 0.882654 0.064357 -1.127517
0 0.484812 1.099617 -0.711179 -0.863156
0 0.200342 0.816684 -0.116844 -1.068894
0 0.316637 0.679862 -0.472815 -0.956237
0 0.314388 0.683000 -0.476003 -0.951290
0 0.313670 0.681339 -0.475460 -0.951669
0 0.314422 0.683858 -0.475891 -0.949353
0 0.199834 0.816082 -0.117826 -1.069861
0 0.314337 0.683635 -0.475530 -0.950297
0 0.488250 1.043669 -0.707408 -0.914628
0 0.314462 0.682202 -0.474966 -0.951154
0 0.200975 0.814797 -0.118878 -1.073936
0 0.314455 0.680857 -0.475035 -0.952439
0 0.488009 1.044711 -0.708424 -0.914794
0 0.199998 0.817261 -0.117572 -1.068314
0 0.200957 0.816461 -0.119166 -1.071440
0 0.152440 0.833078 -0.008366 -1.127643
0 0.199388 0.818692 -0.113637 -1.069635
0 0.152664 0.832243 -0.007925 -1.128753
0 0.152784 0.833849 -0.007531 -1.127508
0 0.089242 0.882701 0.060284 -1.129392
0 0.199839 0.819600 -0.112913 -1.067900
0 0.199702 0.818688 -0.113027 -1.069278
0 0.089577 0.883132 0.060983 -1.127896
0 0.261382 0.779561 -0.224672 -1.102292
0 0.260830 0.780651 -0.225212 -1.100911
0 0.294013 0.751042 -0.330495 -0.989586
0 0.314090 0.680508 -0.477516 -0.949919
0 0.088088 0.885639 0.057976 -1.125194
0 0.150808 0.833429 -0.010599 -1.135766
0 0.489098 1.055443 -0.709423 -0.901540
0 0.314633 0.680589 -0.475788 -0.949928
0 0.521333 0.642919 -0.976144 -1.000705
0 0.150752 0.834814 -0.009754 -1.132705
0 0.316680 0.679707 -0.473174 -0.962102
0 0.204355 0.812373 -0.115915 -1.072409
0 0.521938 0.643599 -0.975414 -0.999595
0 0.489580 1.057616 -0.708385 -0.896857
0 0.204299 0.812560 -0.116300 -1.072568
0 0.266006 0.769715 -0.223882 -1.121279
0 0.201425 0.817129 -0.114522 -1.062863
0 0.266437 0.770442 -0.232233 -1.093451
0 0.265164 0.769338 -0.238021 -1.095756
0 0.521209 0.642116 -0.978202 -1.003150
0 0.201483 0.818148 -0.114700 -1.061758
0 0.201288 0.817290 -0.115024 -1.063769
0 0.478178 1.061304 -0.719331 -1.209516
0 0.200829 0.820625 -0.102605 -1.078231
0 0.200194 0.819735 -0.106681 -1.079330
0 0.315160 0.684620 -0.474106 -0.949414
0 0.521456 0.642406 -0.977425 -1.002817
0 0.521986 0.643897 -0.975874 -1.002406
0 0.315244 0.685323 -0.473795 -0.947538
0 0.475661 1.040415 -0.725567 -1.295466
0 0.164894 0.856318 0.056650 -1.125992
0 0.478349 1.061413 -0.719233 -1.211492
0 0.475161 1.041657 -0.726761 -1.293214
0 0.164677 0.857046 0.058157 -1.125253
0 0.314143 0.681899 -0.476463 -0.947271
0 0.478360 1.061050 -0.719038 -1.213993
0 0.521858 0.643001 -0.975337 -1.009367
0 0.259625 0.767182 -0.261698 -1.121992
0 0.154589 0.826572 0.000822 -1.132877
0 0.289104 0.754012 -0.340568 -0.983562
0 0.475683 1.042090 -0.725802 -1.292970
0 0.317588 0.679585 -0.468371 -0.958096
0 0.259744 0.773507 -0.227099 -1.112239
0 0.314770 0.684941 -0.475211 -0.948964
0 0.260687 0.774114 -0.224810 -1.111787
0 0.259578 0.774046 -0.227325 -1.112327
0 0.201807 0.817077 -0.100578 -1.069959
0 0.292406 0.757547 -0.324677 -0.981859
0 0.314492 0.680392 -0.475226 -0.950671
0 0.294206 0.759181 -0.325985 -0.973084
0 0.291989 0.758584 -0.325938 -0.980467
0 0.293942 0.761172 -0.326576 -0.972566
0 0.201301 0.817902 -0.100760 -1.068746
0 0.319232 0.682166 -0.467981 -0.951202
0 0.197774 0.822268 -0.114038 -1.061632
0 0.474272 1.040372 -0.724796 -1.302480
0 0.294377 0.759585 -0.325646 -0.973027
0 0.152300 0.828141 -0.008837 -1.133695
0 0.474546 1.041265 -0.724684 -1.301525
0 0.522823 0.645049 -0.974490 -1.000313
0 0.198586 0.822713 -0.112735 -1.062331
0 0.198880 0.823595 -0.112580 -1.059815
0 0.520479 0.640242 -0.977984 -1.026453
0 0.523075 0.644779 -0.973394 -1.005533
0 0.474297 1.042357 -0.724839 -1.301776
0 0.153489 0.829041 -0.012363 -1.132349
0 0.155310 0.829671 -0.002807 -1.123249
0 0.521699 0.640621 -0.975539 -1.003926
0 0.520193 0.641991 -0.976959 -1.024622
0 0.523030 0.644583 -0.974076 -1.001331
0 0.520601 0.642349 -0.976525 -1.024261
0 0.156448 0.831966 0.000711 -1.120194
0 0.088415 0.880486 0.059971 -1.121548
0 0.156211 0.830031 0.000016 -1.125661
0 0.155388 0.826864 -0.007736 -1.131504
0 0.520542 0.640215 -0.977186 -1.026299
0 0.479054 1.058785 -0.716003 -1.214862
0 0.523342 0.643367 -0.972958 -1.008982
0 0.093665 0.880067 0.062699 -1.127499
0 0.093914 0.879433 0.062896 -1.124992
0 0.093397 0.877697 0.062752 -1.127379
0 0.521416 0.641023 -0.978197 -1.005777
0 0.478835 1.058005 -0.716345 -1.218170
0 0.520624 0.639781 -0.977594 -1.027613
0 0.288866 0.754440 -0.342902 -0.981871
0 0.293471 0.750699 -0.333857 -0.990625
0 0.478710 1.060553 -0.716457 -1.218250
0 0.259227 0.772995 -0.259952 -1.112678
0 0.487291 1.081981 -0.706292 -0.889001
0 0.318876 0.680954 -0.469810 -0.957713
0 0.259934 0.772701 -0.257487 -1.112534
0 0.522529 0.644310 -0.978181 -1.002564
0 0.293914 0.754548 -0.333620 -0.987090
0 0.520516 0.641346 -0.976494 -1.026335
0 0.487668 1.090311 -0.705885 -0.871770
0 0.088908 0.884159 0.057578 -1.126054
0 0.289489 0.759979 -0.342408 -0.980558
