0 0.607283 0.234307 -0.312357 -0.091558
0 0.608198 0.234429 -0.309845 -0.091617
0 0.612074 0.235110 -0.307729 -0.089124
0 0.612007 0.235084 -0.306850 -0.089144
0 0.312614 0.288519 0.120527 -0.297681
0 0.312094 0.287204 0.119132 -0.299666
0 0.606559 0.234846 -0.313910 -0.089960
0 0.612712 0.235894 -0.306665 -0.087975
0 0.617239 0.235626 -0.296699 -0.089906
0 0.617131 0.234876 -0.298677 -0.091915
0 1.116356 0.843948 0.763281 0.072987
0 0.304723 0.286044 0.124326 -0.299869
0 0.304634 0.287141 0.124577 -0.298852
0 0.619809 0.235913 -0.295393 -0.082985
0 0.305461 0.291918 0.126391 -0.293163
0 0.619158 0.235527 -0.295928 -0.084076
0 0.306067 0.285636 0.111606 -0.303762
0 0.305652 0.292173 0.126345 -0.292313
0 0.310346 0.286040 0.130585 -0.297607
0 0.310627 0.285988 0.130663 -0.298300
0 0.305149 0.286115 0.110212 -0.302510
0 1.118913 0.682881 0.771132 -0.131357
0 1.110046 0.674716 0.752972 -0.141997
0 0.609979 0.236208 -0.301834 -0.085560
0 0.609471 0.236213 -0.305022 -0.084658
0 0.610379 0.236820 -0.305582 -0.084123
0 0.621789 0.236493 -0.297743 -0.093451
0 0.621177 0.238173 -0.297382 -0.090677
0 0.145550 0.598394 0.101511 -0.813065
