0 0.636528 0.680001 -1.077006 -1.100194
0 0.637919 0.680421 -1.074393 -1.099841
0 0.637643 0.680383 -1.078314 -1.101043
0 0.637483 0.680326 -1.078106 -1.101220
0 0.637324 0.681006 -1.078540 -1.099584
0 0.559033 1.160054 0.368355 0.131645
0 0.687095 0.907069 -1.000511 -1.398211
0 0.688331 0.906550 -0.988975 -1.393291
0 0.688510 0.906125 -0.994505 -1.399517
0 0.637684 0.681497 -1.078282 -1.099266
0 0.634629 0.678778 -1.080836 -1.099264
0 0.688431 0.906036 -0.987982 -1.394605
0 0.634962 0.678616 -1.079960 -1.099198
0 0.687083 0.905245 -0.997009 -1.400754
0 0.687142 0.906245 -1.000140 -1.399552
0 0.687461 0.906927 -0.996468 -1.397255
0 0.634775 0.679168 -1.080660 -1.099362
0 0.687453 0.907874 -0.999412 -1.396274
0 0.689812 0.907027 -0.992035 -1.391035
0 0.636301 0.679383 -1.079146 -1.099825
0 0.636317 0.680438 -1.079168 -1.097946
0 0.636171 0.679442 -1.079958 -1.099036
0 0.690064 0.906889 -0.991305 -1.392554
0 0.636852 0.683633 -1.077103 -1.093457
0 0.693556 0.904273 -0.992024 -1.397878
0 0.723185 1.036907 -0.396908 -0.610730
0 0.637308 0.681960 -1.075773 -1.102151
0 0.635732 0.681961 -1.079052 -1.101923
0 0.709347 1.037130 -0.421881 -0.615013
0 0.711675 1.038628 -0.421982 -0.609804
0 0.637004 0.681109 -1.078896 -1.097604
0 0.694147 1.039515 -0.387443 -0.599410
0 0.685997 1.040686 -0.402631 -0.599320
0 0.686500 1.040145 -0.396758 -0.604013
0 0.684946 0.907281 -1.006960 -1.394411
0 0.688885 0.903823 -0.990144 -1.401103
0 0.685671 0.906807 -1.006212 -1.395168
0 0.578744 0.956144 -0.268791 -1.122539
0 0.578768 0.956530 -0.270205 -1.121672
0 0.579624 0.955595 -0.269846 -1.122017
0 0.569957 0.925090 -0.284267 -1.287859
0 0.569521 0.924917 -0.284447 -1.288821
0 0.569665 0.928105 -0.283205 -1.266344
0 0.638125 0.686482 -1.073776 -1.088838
0 0.638548 0.686479 -1.076677 -1.089665
0 0.697032 0.906329 -0.955092 -1.394708
0 0.697367 0.906673 -0.952998 -1.394294
0 0.762937 1.036326 -0.379662 -0.618853
0 0.639328 0.677528 -1.079257 -1.103649
0 0.759818 1.037723 -0.386388 -0.614859
0 0.762583 1.037216 -0.381982 -0.616790
0 0.639619 0.678195 -1.078652 -1.102504
0 0.685677 0.905319 -1.008192 -1.401381
0 0.685730 0.908200 -1.008690 -1.395693
0 0.740564 1.039675 -0.370640 -0.600556
0 0.685393 0.907398 -1.009505 -1.397322
