0 0.591917 0.944674 0.013126 -0.344882
0 0.591963 0.937586 0.013241 -0.361046
0 0.590945 0.936437 0.010491 -0.364039
0 0.581919 0.967124 0.008219 -0.252113
0 0.583538 0.956987 0.010754 -0.272083
0 0.589966 0.915011 0.005366 -0.499343
0 0.583387 0.958207 0.010865 -0.271725
0 0.589051 0.915780 0.003004 -0.498688
0 0.589303 0.916745 0.001595 -0.498099
0 0.553789 0.967526 -0.021115 -0.133168
0 0.552033 0.965379 -0.024483 -0.140363
0 0.556116 0.965119 -0.015354 -0.140118
0 0.760266 0.795986 -0.563019 -0.692595
0 0.581101 0.929043 0.000889 -0.474107
0 0.761835 0.798560 -0.560209 -0.689575
0 0.760910 0.794629 -0.562387 -0.694393
0 0.579990 0.926264 -0.001086 -0.482145
0 0.581871 0.925935 -0.000040 -0.482906
0 0.583904 0.963607 0.001302 -0.162090
0 0.584705 0.967417 0.002000 -0.154026
0 0.588094 0.963924 0.011389 -0.161504
0 0.546579 0.390062 -0.777630 0.172038
0 0.546308 0.386641 -0.777689 0.169498
0 0.747478 0.792305 -0.569928 -0.683733
0 0.748108 0.792115 -0.567655 -0.684432
0 0.546123 0.385449 -0.778439 0.176083
0 0.750358 0.792785 -0.564296 -0.682512
0 0.764952 0.805137 -0.551030 -0.686775
0 0.766461 0.806644 -0.546376 -0.685890
0 0.764982 0.805832 -0.549242 -0.687376
0 0.545424 0.385730 -0.772927 0.166287
0 0.545554 0.387619 -0.772652 0.169794
