0 0.350686 0.478357 -0.060006 0.001254
0 0.350223 0.477789 -0.060447 0.000670
0 0.350460 0.478084 -0.060665 0.001046
0 0.350167 0.480730 -0.065297 -0.002930
0 0.350516 0.480139 -0.063314 -0.002603
0 0.350837 0.480524 -0.063448 -0.003327
0 0.549893 0.398405 -0.540831 0.266234
0 0.550083 0.398569 -0.540458 0.266221
0 0.550509 0.399042 -0.539146 0.268402
0 0.549052 0.399344 -0.551663 0.265111
0 0.549647 0.399749 -0.549412 0.264890
0 0.562995 0.402889 -0.514141 0.266579
0 0.563381 0.403095 -0.513207 0.267268
0 0.551454 0.400301 -0.546554 0.266419
0 0.562442 0.403752 -0.513723 0.268191
0 0.344656 0.462135 -0.057546 -0.031009
0 0.344730 0.454846 -0.057118 -0.046573
0 0.544887 0.414213 -0.556055 0.259478
