0 0.542757 1.118762 -0.348755 -1.701492
0 0.543711 1.116982 -0.346879 -1.704744
0 0.528433 1.116945 -0.372487 -1.704983
0 0.528798 1.118204 -0.372029 -1.702580
0 0.541042 1.118227 -0.351789 -1.706222
0 0.541639 1.117270 -0.350135 -1.707752
0 0.541692 1.118318 -0.353516 -1.706967
0 0.541866 1.118208 -0.353326 -1.708017
0 0.525628 1.118066 -0.358662 -1.705440
0 0.526500 1.119801 -0.358216 -1.702162
0 0.544181 1.116744 -0.374115 -1.700729
0 0.526784 1.111917 -0.380639 -1.723536
0 0.544235 1.115645 -0.374756 -1.702129
0 0.526869 1.111381 -0.380262 -1.723567
0 0.542928 1.124813 -0.348310 -1.690474
0 0.521525 1.117295 -0.355762 -1.718619
0 0.542251 1.126273 -0.349478 -1.687588
