0 0.602890 0.933098 -0.859110 -0.429420
0 0.602723 0.932252 -0.859008 -0.432259
0 0.598339 0.928528 -0.861101 -0.435077
0 0.598301 0.929832 -0.860830 -0.431657
0 0.598696 0.936299 -0.869094 -0.448628
0 0.585716 0.927653 -0.865569 -0.456011
0 0.586617 0.931804 -0.875156 -0.463047
0 0.539194 1.087203 -0.141673 0.588517
0 0.542400 1.090070 -0.136937 0.594303
0 0.590738 0.929903 -0.867554 -0.448828
0 0.211294 0.583983 -0.328978 -0.882884
0 0.211263 0.584765 -0.328703 -0.881955
0 0.614368 0.930840 -0.863626 -0.465645
0 0.614788 0.929563 -0.863155 -0.468040
0 0.584958 0.910428 -0.867634 -0.481168
0 0.211852 0.590724 -0.326457 -0.873831
0 0.211754 0.589934 -0.326061 -0.872966
0 0.525047 1.041997 -0.163402 0.595123
0 0.523190 1.039430 -0.165012 0.592588
0 0.211782 0.591115 -0.326756 -0.871660
