0 0.285307 0.450901 -0.094256 0.070864
0 0.285179 0.450681 -0.094489 0.070455
0 0.285132 0.451775 -0.095325 0.070575
0 0.284144 0.450052 -0.100388 0.060689
0 0.284325 0.449955 -0.100340 0.060065
0 0.283626 0.450107 -0.099242 0.060823
0 0.291390 0.454730 -0.096846 0.075192
0 0.286803 0.443210 -0.090215 0.061245
0 0.287279 0.442706 -0.088058 0.060428
0 0.287862 0.442199 -0.088384 0.059604
0 0.286747 0.454375 -0.101603 0.069453
0 0.518586 1.063587 0.032867 -0.507692
0 0.517126 1.060926 0.029092 -0.509469
0 0.517254 1.063014 0.030416 -0.506144
0 0.157832 0.411783 0.027121 0.017819
0 0.524361 1.061670 0.048902 -0.509756
0 0.522562 1.061426 0.044132 -0.509162
0 0.520778 1.059174 0.039660 -0.511172
0 0.513508 1.050445 0.027103 -0.517026
0 0.513039 1.049878 0.028095 -0.518776
0 0.512826 1.044748 0.027858 -0.530254
0 0.157636 0.425633 0.022481 0.023885
0 0.159639 0.407114 0.039020 0.011897
0 0.283921 0.458429 -0.108319 0.084981
0 0.282199 0.458935 -0.110251 0.077402
0 0.692866 1.240482 -0.631340 0.692086
0 0.692009 1.215885 -0.631907 0.642994
0 0.277008 0.452430 -0.100511 0.075803
0 0.159939 0.452950 0.031018 0.056941
0 0.675174 1.227906 -0.666619 0.876608
0 0.272298 0.453339 -0.105610 0.079333
