0 0.540012 1.241521 -0.355826 0.650582
0 0.538078 1.225667 -0.360220 0.623349
0 0.387610 1.204682 -0.035454 0.579037
0 0.389303 1.225520 -0.032101 0.615018
0 0.381715 1.223735 -0.033226 0.584478
0 0.380629 1.212298 -0.034188 0.563373
0 0.525548 1.224193 -0.352610 0.604886
0 0.526150 1.237367 -0.353585 0.628736
0 0.546073 1.250255 -0.347587 0.634644
0 0.544057 1.232264 -0.351434 0.598579
0 0.371072 1.202847 -0.031078 0.595983
0 0.372742 1.207399 -0.029926 0.602742
0 0.365873 1.204677 -0.030087 0.542305
0 0.367982 1.217055 -0.028261 0.570717
0 0.529309 1.241786 -0.348401 0.609621
0 0.528223 1.227517 -0.347643 0.580647
