0 0.289456 0.586804 0.127101 -0.516448
0 0.288951 0.586712 0.126569 -0.516591
0 0.289947 0.587102 0.130951 -0.513695
0 0.580733 0.366735 -1.013112 -0.444141
0 0.574790 1.285250 -0.177486 0.032367
0 0.580558 0.367760 -1.013118 -0.442622
0 0.576019 1.288754 -0.174841 0.040319
0 0.580742 0.368351 -1.013109 -0.441744
0 0.582202 0.367047 -1.011106 -0.444904
0 0.290780 0.583441 0.138272 -0.516476
0 0.581763 0.367645 -1.012092 -0.443878
0 0.582307 0.368301 -1.011230 -0.442946
0 0.290305 0.582515 0.136970 -0.518000
0 0.573122 1.273383 -0.177637 0.110852
0 0.580716 0.366676 -1.013933 -0.444375
0 0.581245 0.366909 -1.013405 -0.445225
0 0.574063 1.277733 -0.174868 0.120688
0 0.290032 0.583378 0.133281 -0.516174
0 0.580855 0.366353 -1.012751 -0.444934
0 0.581490 0.366699 -1.013261 -0.445506
0 0.275915 0.579905 0.055700 -0.523545
0 0.275382 0.579703 0.053264 -0.524081
0 0.287298 0.580000 0.082970 -0.524979
0 0.580451 0.367249 -1.015666 -0.447323
0 0.287232 0.580317 0.082067 -0.524968
0 0.275569 0.579994 0.057951 -0.524266
0 0.579339 0.369523 -1.012624 -0.443635
0 0.533988 1.271017 -0.205970 0.101894
0 0.533961 1.270205 -0.205974 0.105032
0 0.545714 1.284294 -0.194263 0.039257
0 0.321339 0.592994 0.224731 -0.497982
0 0.546085 1.284214 -0.194222 0.044177
0 0.580846 0.363663 -1.011603 -0.447451
0 0.318458 0.593609 0.218675 -0.497953
0 0.581343 0.366441 -1.008348 -0.446374
