0 0.330954 0.972573 -0.236949 -1.006161
0 0.328462 0.971054 -0.241363 -1.010350
0 0.331378 0.973068 -0.235653 -1.005294
0 0.328874 0.971133 -0.241039 -1.009908
0 0.332593 0.974573 -0.233710 -1.004126
0 0.332121 0.972509 -0.237485 -1.007868
0 0.335136 0.973472 -0.230851 -1.029334
0 0.700700 0.974001 -0.869910 -0.905626
0 0.700682 0.974311 -0.870991 -0.905487
0 0.700129 0.973381 -0.867446 -0.907727
0 0.327224 0.973461 -0.237663 -1.026686
0 0.321138 0.959572 -0.250245 -1.060882
0 0.325098 0.976716 -0.240209 -1.019928
0 0.327100 0.960951 -0.245681 -1.057761
0 0.333848 0.973067 -0.232414 -1.028741
0 0.319261 0.963154 -0.252723 -1.053870
0 0.334767 0.970707 -0.231877 -1.029624
0 0.321364 0.962632 -0.249879 -1.056190
0 0.327118 0.963576 -0.245454 -1.053136
0 0.777494 0.961638 -0.294406 -1.071900
0 0.699115 0.969179 -0.870228 -0.912959
0 0.327289 0.962436 -0.244264 -1.054645
0 0.698341 0.969729 -0.871468 -0.910588
0 0.738711 0.960126 -0.373473 -1.079957
0 0.702195 0.982885 -0.863358 -0.902146
0 0.697090 0.971568 -0.871945 -0.912541
0 0.702406 0.980769 -0.862800 -0.905919
0 0.690516 0.970572 -0.873194 -0.914367
0 0.700714 0.981517 -0.865716 -0.903345
0 0.580325 0.965350 -0.577830 -1.034843
0 0.326624 0.971742 -0.238594 -1.027369
0 0.581470 0.967112 -0.573054 -1.031596
0 0.729148 0.959170 -0.392891 -1.082283
0 0.331105 0.973634 -0.218445 -1.007528
0 0.591188 0.965494 -0.560107 -1.036773
0 0.588086 0.950607 -0.916160 -0.931791
0 0.330966 0.972801 -0.220739 -1.008751
0 0.496305 0.969732 -0.667379 -1.006319
0 0.341434 0.972079 -0.224147 -1.010841
0 0.496157 0.969343 -0.669367 -1.008156
0 0.341780 0.971306 -0.223431 -1.012743
0 0.589704 0.951057 -0.913330 -0.933156
0 0.689182 0.940641 -0.875005 -0.935889
0 0.330990 0.973839 -0.222098 -1.005947
0 0.342442 0.971867 -0.223114 -1.010973
0 0.518179 0.947185 -0.665576 -1.006466
0 0.517138 0.946633 -0.666906 -1.007757
0 0.591173 0.943655 -0.810382 -0.977283
0 0.763776 0.973586 -0.422340 -0.995103
0 0.591347 0.941667 -0.807922 -0.979337
0 0.488277 0.942998 -0.665213 -1.008992
0 0.552264 0.946799 -0.783152 -1.011628
0 0.488225 0.943453 -0.664644 -1.008437
0 0.805942 0.973980 -0.343244 -0.994701
0 0.551952 0.944858 -0.783152 -1.012901
0 0.594585 0.947044 -0.914456 -0.956978
0 0.777828 0.973204 -0.392474 -0.994434
0 0.688830 0.927629 -0.877055 -0.950134
0 0.595870 0.952858 -0.911763 -0.946869
0 0.599903 0.927014 -0.892437 -0.956716
0 0.535468 0.968946 -0.585408 -1.012636
