0 0.676044 0.537218 0.443670 -0.380773
0 0.676729 0.535025 0.445240 -0.384473
0 0.675835 0.537147 0.443438 -0.381935
0 0.988738 0.779701 -0.698076 -0.343183
0 0.991041 0.779681 -0.697091 -0.342254
0 0.988481 0.783756 -0.697704 -0.340793
0 0.646470 0.533812 0.423618 -0.383997
0 0.645036 0.531574 0.422264 -0.388080
0 0.648925 0.533375 0.426969 -0.385086
0 0.961587 0.776099 -0.822369 -0.363701
0 0.960073 0.776003 -0.825229 -0.363462
0 0.960298 0.778163 -0.825562 -0.362945
0 0.971575 0.785472 -0.830371 -0.346523
0 0.972269 0.786274 -0.828439 -0.344547
0 0.972482 0.787030 -0.829300 -0.342884
0 1.065345 0.798417 -0.447746 -0.282693
0 1.063541 0.798041 -0.448955 -0.282468
0 0.967150 0.792243 -0.767382 -0.326655
0 0.967757 0.791723 -0.766707 -0.327602
0 0.682386 0.630536 -0.740308 -0.342687
0 1.061329 0.795800 -0.454492 -0.294527
0 0.681789 0.630616 -0.742627 -0.343089
0 0.969494 0.791028 -0.765270 -0.329529
0 0.684264 0.631492 -0.735785 -0.340029
0 0.677019 0.521946 0.439234 -0.392872
0 0.678489 0.523199 0.441697 -0.390207
0 0.679616 0.522581 0.443988 -0.391788
0 0.930706 0.371782 -0.895361 -0.464655
0 0.930382 0.372476 -0.896088 -0.462827
0 0.955331 0.375341 -0.836811 -0.461418
0 0.954521 0.370776 -0.848811 -0.467521
0 0.679319 0.790665 0.449022 -0.195560
0 0.953898 0.374994 -0.839052 -0.461858
0 0.683164 0.682198 -0.728580 -0.319632
0 0.952971 0.369732 -0.850573 -0.466864
0 0.683464 0.686565 -0.726501 -0.314714
0 0.676156 0.790953 0.440813 -0.195982
0 1.031281 0.754282 -0.482375 -0.265299
