0 0.292575 0.275015 -0.204868 -0.102321
0 0.292820 0.275947 -0.204508 -0.100059
0 0.292080 0.274452 -0.204006 -0.108802
0 0.291979 0.274913 -0.203693 -0.107696
0 0.291683 0.274462 -0.204065 -0.108811
0 0.293712 0.277820 -0.205133 -0.103041
0 0.293735 0.278555 -0.205280 -0.101421
0 0.292919 0.272042 -0.205191 -0.105952
0 0.292311 0.271693 -0.205385 -0.106272
0 0.292120 0.275250 -0.205202 -0.108874
0 0.292353 0.275390 -0.205531 -0.108308
0 0.292205 0.274703 -0.205147 -0.108891
0 0.290960 0.273318 -0.204978 -0.109307
0 0.290294 0.272974 -0.206385 -0.109636
0 0.290442 0.273227 -0.206232 -0.108831
0 0.294396 0.274582 -0.198770 -0.108576
0 0.191464 0.229124 -0.116747 -0.133895
0 0.191070 0.229112 -0.116396 -0.132741
0 0.067909 0.504340 0.045003 -0.084315
0 0.191693 0.229624 -0.115035 -0.133640
0 0.666224 1.114405 -0.152821 -0.228383
0 0.191597 0.229261 -0.114877 -0.132804
0 0.665637 1.111548 -0.155524 -0.237337
0 0.669779 1.161769 -0.125495 0.028186
0 0.640172 0.233797 -0.953299 -0.242266
0 0.640616 0.234211 -0.951530 -0.241830
0 0.668350 1.157175 -0.126508 0.017803
0 0.638268 0.235279 -0.957858 -0.234108
0 0.640838 0.234486 -0.951471 -0.238031
0 0.639196 0.230426 -0.957025 -0.250409
0 0.081464 0.471456 0.055318 -0.017969
0 0.586317 1.049755 -0.061270 0.072372
0 0.640338 0.231026 -0.953879 -0.249438
0 0.081355 0.464960 0.056184 -0.022532
0 0.586224 1.051451 -0.061184 0.077249
0 0.056524 0.499790 0.037553 -0.127685
0 0.638712 0.235884 -0.956400 -0.239469
0 0.057139 0.501137 0.038402 -0.127131
0 0.191071 0.226330 -0.116291 -0.136163
0 0.640621 0.231219 -0.953404 -0.248460
0 0.192005 0.225895 -0.115080 -0.136021
0 0.191266 0.226314 -0.116207 -0.135878
0 0.068896 0.509996 0.044733 -0.077007
0 0.056484 0.492136 0.037646 -0.145977
0 0.085876 0.400934 0.058356 -0.084189
0 0.086301 0.399784 0.059104 -0.088108
0 0.639185 0.238677 -0.955551 -0.204825
0 0.083741 0.387487 0.057085 -0.065632
0 0.083461 0.389541 0.057522 -0.061413
0 0.656711 1.073291 -0.185061 -0.446534
0 0.058616 0.511783 0.039232 -0.135938
0 0.657035 1.073548 -0.186062 -0.444334
0 0.071653 0.508092 0.047457 -0.068367
0 0.658309 1.069785 -0.182462 -0.458772
0 0.085873 0.396219 0.058254 -0.095141
0 0.191213 0.232477 -0.114983 -0.129125
0 0.070169 0.512863 0.045807 -0.069097
0 0.191666 0.232237 -0.114340 -0.129285
0 0.086732 0.432774 0.058158 -0.048567
0 0.191267 0.232436 -0.115157 -0.127760
0 0.086627 0.430325 0.057742 -0.051591
0 0.658105 0.174329 -1.161012 -0.189799
0 0.191978 0.225567 -0.120305 -0.135342
0 0.668709 1.182245 -0.023756 0.213479
0 0.193508 0.225928 -0.118407 -0.132831
0 0.639228 0.241445 -0.954177 -0.191189
0 0.638344 0.241564 -0.956051 -0.191260
0 0.192678 0.225009 -0.120108 -0.134648
0 0.052899 0.496904 0.035363 -0.145693
0 0.668513 1.177173 -0.021210 0.207706
0 0.672324 1.186120 -0.098028 0.187386
0 0.674695 1.188747 -0.096428 0.196529
0 0.192232 0.225027 -0.119847 -0.135120
0 0.053087 0.496393 0.035528 -0.146332
0 0.658908 0.174052 -1.158761 -0.190014
0 0.657341 0.275487 -1.159809 -0.326152
0 0.639547 0.242627 -0.954311 -0.188907
0 0.077383 0.184200 0.051708 -0.138385
0 0.638825 0.229894 -0.960340 -0.250576
0 0.611932 1.087279 -0.061798 0.121414
0 0.086167 0.392852 0.059223 -0.067691
0 0.086135 0.397472 0.059135 -0.058308
0 0.296271 0.280121 -0.200825 -0.098539
0 0.611148 1.082457 -0.061460 0.111878
0 0.658031 0.175552 -1.160348 -0.190512
0 0.636566 0.234285 -0.959403 -0.248602
0 0.088735 0.400681 0.062594 -0.085058
0 0.658279 0.274879 -1.157303 -0.326844
0 0.052914 0.490680 0.035256 -0.158803
0 0.658298 0.175585 -1.160126 -0.190810
0 0.668589 1.170320 -0.074328 0.052938
0 0.665069 1.174930 -0.081849 0.059663
0 0.597064 1.165180 -0.054231 0.211123
0 0.085890 0.388600 0.058794 -0.076163
0 0.658397 0.175311 -1.161359 -0.189950
0 0.078372 0.183813 0.052008 -0.139099
0 0.087863 0.402490 0.061171 -0.081338
0 0.598228 1.162724 -0.053278 0.209995
0 0.087816 0.396919 0.061187 -0.093794
0 0.192360 0.233722 -0.117903 -0.128545
0 0.088621 0.384515 0.059534 -0.051607
0 0.191532 0.225035 -0.127954 -0.135681
0 0.637968 0.237901 -0.954884 -0.230612
0 0.658377 0.174969 -1.162341 -0.190373
0 0.657921 0.177727 -1.162710 -0.184747
0 0.667910 1.090297 -0.149309 -0.333522
0 0.077123 0.183600 0.049964 -0.142832
0 0.190731 0.224934 -0.111449 -0.135917
0 0.294378 0.277469 -0.198700 -0.117234
0 0.088568 0.386753 0.059333 -0.047272
