0 0.933693 0.698038 -0.981956 -0.005914
0 0.933474 0.697043 -0.981741 -0.007015
0 1.275074 0.859256 0.831942 0.079519
0 0.931411 0.690100 -0.984609 -0.015305
0 0.919069 0.686759 -1.083533 -0.033107
0 1.267792 0.834607 0.810865 -0.033397
0 1.258633 0.833381 0.795899 -0.037244
0 1.343389 0.837583 0.894694 -0.029717
0 0.915744 0.687332 -1.082820 -0.032261
0 0.914361 0.701170 -1.062133 -0.007845
0 0.912853 0.700694 -1.069855 -0.009989
0 0.910328 0.690379 -1.111719 -0.039445
0 0.916757 0.679826 -1.093609 -0.041114
0 1.324587 0.836492 0.849275 -0.030467
0 0.995173 0.704772 -0.623976 0.017298
0 0.911212 0.692149 -1.103195 -0.036490
0 0.909464 0.690579 -1.078762 -0.032985
0 0.995394 0.705647 -0.621800 0.020512
0 0.910163 0.685180 -1.113967 -0.049607
