0 0.214375 0.173855 -0.021466 -0.030099
0 0.213973 0.174263 -0.021763 -0.029388
0 0.214277 0.174133 -0.021528 -0.028594
0 0.213372 0.173272 -0.023416 -0.030688
0 0.213654 0.173081 -0.023020 -0.030259
0 0.213717 0.173101 -0.022833 -0.030828
0 0.214141 0.173501 -0.018798 -0.032087
0 0.212984 0.171946 -0.025374 -0.032384
0 0.213828 0.173170 -0.024312 -0.027946
0 0.214096 0.174909 -0.018467 -0.030698
0 0.741168 1.020125 0.490779 -0.242911
0 0.745537 1.011544 0.493470 -0.262431
0 0.788888 1.059075 0.545383 -0.051468
0 0.788564 1.065443 0.541514 -0.033906
0 0.211452 0.170977 -0.027769 -0.027921
0 0.733685 0.941696 0.483773 -1.194262
0 0.717279 0.999281 0.469923 -0.463560
0 0.738604 0.941706 0.490501 -1.193918
0 0.729291 1.000861 0.483194 -0.456794
0 0.749377 1.076109 0.493725 -0.037830
0 0.748771 1.085700 0.497578 -0.013236
0 0.786347 1.048435 0.542719 -0.138875
0 0.776564 1.052626 0.522507 -0.129581
0 0.211461 0.170765 -0.021004 -0.031085
0 0.221665 0.173238 -0.016702 -0.020760
0 0.221720 0.171308 -0.016774 -0.024986
