0 0.682030 0.564463 -0.391461 0.184248
0 0.678324 0.564971 -0.397871 0.185253
0 0.679686 0.564496 -0.394821 0.183229
0 0.648322 0.575554 -0.411213 0.191307
0 0.650039 0.576331 -0.409271 0.194939
0 0.650119 0.575373 -0.406647 0.192946
0 0.674184 0.553685 -0.406275 0.172119
0 0.673234 0.555272 -0.407949 0.179641
0 0.678367 0.556024 -0.395855 0.181848
0 0.637026 0.545142 -0.423591 0.167448
0 0.636616 0.544599 -0.423917 0.171290
0 0.639645 0.544636 -0.418152 0.172135
0 0.843058 0.823474 0.019646 0.220547
0 0.840163 0.827022 0.006618 0.166136
0 0.842693 0.840011 -0.015409 0.244968
0 0.845204 0.841507 -0.009138 0.245862
0 0.640612 0.548145 -0.443545 0.155932
0 0.625235 0.525574 -0.466718 0.132363
0 0.614808 0.564324 -0.460129 0.174699
0 0.847697 0.827068 -0.006609 0.165820
0 0.850978 0.828218 0.000324 0.169612
0 0.616655 0.492398 -0.482773 0.113961
