0 0.701976 1.315282 -0.164307 0.164923
0 0.701017 1.319131 -0.168014 0.170662
0 0.701415 1.298295 -0.171482 0.111754
0 0.702016 1.302722 -0.173973 0.120170
0 0.699735 1.308685 -0.148441 0.150411
0 0.486552 1.046497 -0.418994 0.218484
0 0.698173 1.309273 -0.151022 0.151235
0 0.486402 1.045245 -0.420049 0.216411
0 0.489200 1.104435 -0.407377 0.223337
0 0.490367 1.106904 -0.405433 0.226566
0 0.483094 1.052551 -0.441179 0.231021
0 0.699831 1.293869 -0.141414 0.069573
0 0.484340 1.052448 -0.437927 0.231279
0 0.698361 1.296793 -0.143416 0.075311
0 0.485629 1.107189 -0.429537 0.212687
0 0.486677 1.104437 -0.427275 0.206387
0 0.484685 1.018449 -0.429469 0.231667
