0 0.836086 0.762640 -0.922415 -0.550452
0 0.836591 0.763339 -0.921979 -0.549017
0 0.441293 0.682459 -0.383897 -0.217931
0 0.441370 0.684168 -0.385040 -0.216204
0 0.838517 0.762470 -0.918114 -0.552319
0 0.842903 0.765127 -0.918706 -0.546989
0 0.149035 0.619807 0.096542 -0.186427
0 0.841770 0.763121 -0.921051 -0.552697
0 0.149230 0.619514 0.096555 -0.186347
0 0.840583 0.762938 -0.923165 -0.555636
0 0.146703 0.608818 0.094121 -0.193395
0 0.146564 0.610431 0.093889 -0.191194
0 0.142981 0.602710 0.092264 -0.221777
0 0.833571 0.766002 -0.934701 -0.551054
0 0.833952 0.768272 -0.934986 -0.548275
0 0.838411 0.757548 -0.924772 -0.572438
0 0.835903 0.766243 -0.931754 -0.549889
0 1.199543 0.582081 0.737820 0.346707
0 0.441700 0.674449 -0.384487 -0.269897
0 0.444477 0.685667 -0.371968 -0.212693
0 0.141095 0.598220 0.090659 -0.211860
0 0.449400 0.680095 -0.369024 -0.227558
0 0.448451 0.682243 -0.371227 -0.223020
0 0.441550 0.684285 -0.383931 -0.252509
0 0.144761 0.606419 0.093132 -0.223513
0 0.441813 0.687392 -0.383572 -0.246713
0 0.150041 0.624329 0.098773 -0.192528
0 0.438326 0.669136 -0.392999 -0.280375
0 0.149096 0.624068 0.097362 -0.190931
0 0.440304 0.663884 -0.386896 -0.248362
0 0.448452 0.683841 -0.371039 -0.219017
0 0.829976 0.751695 -0.941964 -0.557845
0 0.445289 0.669793 -0.381557 -0.243520
0 0.826804 0.761424 -0.932515 -0.563261
0 0.444752 0.689862 -0.372191 -0.241857
0 0.144306 0.589756 0.094061 -0.247457
0 0.141455 0.581825 0.091183 -0.242163
0 0.445491 0.674362 -0.380076 -0.311399
0 0.442647 0.674475 -0.379136 -0.227107
0 0.845099 0.756126 -0.910581 -0.584992
0 0.445270 0.671391 -0.388991 -0.316877
0 0.442105 0.674067 -0.380617 -0.230743
0 0.846367 0.762344 -0.930534 -0.566763
0 0.146307 0.606538 0.098221 -0.168893
