0 0.488165 0.427572 -0.463407 -0.013874
0 0.488278 0.428143 -0.463186 -0.012577
0 0.488119 0.429719 -0.462868 -0.012655
0 0.489011 0.436895 -0.462611 0.006378
0 0.489861 0.435740 -0.461339 0.001445
0 0.488958 0.433233 -0.463885 0.005183
0 0.488970 0.434410 -0.464639 0.007282
0 0.488982 0.434221 -0.463397 0.005844
0 0.488962 0.422424 -0.463865 -0.011322
0 0.488321 0.424670 -0.465115 -0.010934
0 0.490486 0.429850 -0.463114 -0.012458
0 0.491455 0.430326 -0.461173 -0.011782
0 0.489389 0.431944 -0.464822 -0.011827
0 0.686884 1.088903 -0.463706 -0.280787
0 0.686446 1.087590 -0.466266 -0.280174
0 0.686833 1.090061 -0.409795 -0.258543
0 0.681154 1.068376 -0.425455 -0.239298
0 0.676188 1.066433 -0.477599 -0.247516
0 0.681655 1.069128 -0.426149 -0.238259
0 0.674796 1.065081 -0.480844 -0.250358
0 0.688041 1.089366 -0.409137 -0.256407
0 0.684630 1.071454 -0.467193 -0.309947
0 0.436774 1.233051 0.285280 0.543821
0 0.489141 0.431842 -0.465002 -0.045887
0 0.452998 1.166602 0.299487 0.194272
0 0.673819 1.033761 -0.479967 -0.297173
0 0.488337 0.434356 -0.466531 -0.040665
0 0.678601 1.045258 -0.429284 -0.280945
