0 0.226460 0.912986 -0.239750 -0.529006
0 0.224976 0.914035 -0.242457 -0.521596
0 0.224857 0.912329 -0.241134 -0.526251
0 0.226493 0.913483 -0.239486 -0.528230
0 0.177478 0.871952 -0.141206 -0.711482
0 0.222969 0.902684 -0.244023 -0.559037
0 0.178115 0.871660 -0.139839 -0.712319
0 0.174190 0.863207 -0.148080 -0.725478
0 0.223740 0.902263 -0.243147 -0.559513
0 0.173031 0.860087 -0.149807 -0.731282
0 0.173293 0.858878 -0.149186 -0.736039
0 0.177962 0.865259 -0.145996 -0.718865
0 0.176104 0.868019 -0.140995 -0.724073
0 0.222470 0.901917 -0.248578 -0.552651
0 0.177381 0.863631 -0.147660 -0.720605
0 0.176622 0.870431 -0.139133 -0.718952
0 0.223187 0.903067 -0.246849 -0.552026
0 0.177339 0.858702 -0.147663 -0.733875
0 0.240943 0.884474 -0.102022 -0.654323
0 0.239871 0.885219 -0.102928 -0.653974
0 0.221937 0.895694 -0.247084 -0.608372
0 0.221351 0.893165 -0.247695 -0.611730
0 0.175718 0.861844 -0.145893 -0.757548
0 0.175246 0.859484 -0.146884 -0.762331
0 0.175357 0.856065 -0.146574 -0.769205
0 0.174088 0.856420 -0.145550 -0.718158
0 0.173095 0.856801 -0.147007 -0.719262
0 0.173049 0.848361 -0.146980 -0.730196
0 0.746006 0.558912 -0.667636 -0.541124
0 0.224363 0.904470 -0.242256 -0.519520
0 0.223721 0.906847 -0.242745 -0.519954
0 0.741523 0.546896 -0.663653 -0.561043
0 0.743942 0.557671 -0.671769 -0.542590
0 0.741848 0.546594 -0.663741 -0.560120
0 0.464975 0.581784 -0.427434 -0.735964
0 0.464597 0.581160 -0.426180 -0.737493
