0 0.534958 0.765888 -0.395745 -0.735516
0 0.534095 0.765575 -0.397204 -0.737753
0 0.535256 0.767054 -0.393284 -0.734890
0 0.665250 0.771139 -0.756038 -0.672472
0 0.664668 0.768634 -0.756809 -0.677725
0 0.918579 0.953681 0.472735 -1.080567
0 0.953595 0.958648 0.442410 -1.051942
0 0.665158 0.777026 -0.754066 -0.669737
0 0.535983 0.786990 -0.378192 -0.700271
0 0.905956 0.948813 0.555089 -1.112411
0 0.145448 0.979116 0.101381 -0.953195
0 0.536268 0.780797 -0.376750 -0.715959
0 0.144438 0.978183 0.099687 -0.955029
0 0.901502 0.954579 0.436610 -1.079792
0 0.534167 0.774680 -0.395732 -0.723478
0 0.535532 0.775334 -0.392993 -0.723409
0 0.535534 0.776717 -0.392802 -0.720361
0 0.939136 0.960569 0.412254 -1.048748
0 0.146467 0.975653 0.099361 -0.965156
0 0.146507 0.976324 0.099459 -0.964418
0 0.664691 0.755608 -0.752685 -0.681843
0 0.543613 0.787820 -0.381435 -0.691494
0 0.659754 0.767900 -0.760780 -0.672017
0 0.664811 0.751080 -0.752342 -0.688945
0 0.530377 0.774693 -0.400391 -0.725366
0 0.660496 0.768182 -0.759794 -0.671723
0 0.661711 0.769242 -0.757945 -0.670952
0 0.529272 0.774702 -0.403297 -0.724519
0 0.528123 0.775718 -0.405298 -0.723970
0 0.143868 0.977165 0.098281 -0.970104
0 0.145604 0.975387 0.099392 -0.975671
0 0.145679 0.970713 0.098907 -0.983281
0 0.141749 0.980648 0.095633 -0.966435
0 0.151769 0.980054 0.105191 -0.950633
0 0.890725 0.949959 0.530941 -1.110787
0 0.544738 0.781680 -0.380039 -0.707853
0 0.155404 0.977395 0.107723 -0.962121
0 0.667415 0.773133 -0.758542 -0.663645
0 0.917129 0.961858 0.297404 -1.036765
0 0.924668 0.961059 0.322142 -1.037226
0 0.143050 0.976455 0.102651 -0.967168
0 0.134088 0.985164 0.090943 -0.942189
0 0.174158 0.974243 0.115751 -0.969807
0 0.660449 0.754082 -0.758713 -0.681084
0 0.660976 0.754209 -0.756777 -0.678852
0 0.946077 0.967565 0.414220 -1.005029
0 0.528651 0.777151 -0.387071 -0.730539
