0 0.569185 1.001211 -0.763095 -0.835324
0 0.466202 1.119605 -0.522087 -0.979429
0 0.570126 0.999714 -0.762359 -0.837679
0 0.466223 1.118249 -0.520513 -0.980565
0 0.463770 1.118651 -0.529034 -0.978404
0 0.467552 1.119303 -0.516112 -0.975358
0 0.464014 1.119043 -0.528107 -0.978327
0 0.570015 1.006200 -0.768152 -0.823189
0 0.570178 1.004996 -0.766378 -0.826522
0 0.465027 1.121855 -0.519608 -0.972686
0 0.464533 1.129647 -0.516326 -0.941545
0 0.569873 1.009630 -0.756658 -0.823997
0 0.465075 1.125814 -0.515680 -0.949538
0 0.570512 1.004968 -0.756078 -0.833666
0 0.471987 1.120562 -0.513387 -0.968711
0 0.565781 0.994050 -0.760811 -0.842051
0 0.565209 0.988899 -0.762445 -0.851484
0 0.468131 1.120441 -0.522680 -0.975474
0 0.625033 1.114920 -0.380427 -0.811570
0 0.622292 1.117931 -0.383871 -0.804590
0 0.573706 1.000999 -0.747524 -0.834667
0 0.623793 1.117684 -0.382100 -0.809390
0 0.621146 1.138113 -0.399985 -0.869956
0 0.621299 1.138378 -0.398918 -0.872940
0 0.464961 1.123340 -0.520529 -1.007910
0 0.618687 1.142807 -0.402740 -0.864805
0 0.571997 1.006191 -0.742726 -0.829854
0 0.462401 1.122703 -0.525253 -1.011690
0 0.473904 1.121605 -0.517130 -0.971611
0 0.467313 1.125747 -0.507431 -0.948530
0 0.573367 1.005598 -0.747979 -0.827164
0 0.565806 0.962836 -0.777394 -0.845955
0 0.565819 0.965916 -0.776963 -0.843225
0 0.470872 1.125463 -0.506114 -0.931959
0 0.480057 1.141383 -0.484685 -0.739467
0 0.466727 1.121680 -0.529346 -0.972834
0 0.480427 1.141698 -0.484087 -0.741102
0 0.568632 0.997996 -0.776762 -0.852192
0 0.485171 1.143648 -0.478761 -0.739771
0 0.566189 0.991070 -0.784223 -0.863527
0 0.449960 1.013866 -0.508129 -0.792518
0 0.450102 1.009619 -0.507006 -0.796511
0 0.633065 1.088455 -0.376345 -0.831120
0 0.634088 1.087320 -0.378622 -0.833506
0 0.562040 1.030318 -0.766279 -0.830599
0 0.465901 1.120067 -0.514960 -0.938059
0 0.634046 1.084216 -0.379057 -0.837425
0 0.564608 0.944648 -0.779597 -0.872331
0 0.432307 0.977989 -0.524722 -0.813314
0 0.433480 0.970782 -0.523850 -0.827341
0 0.561502 1.024989 -0.768581 -0.838966
0 0.564262 0.963247 -0.798827 -0.855064
