0 0.494605 0.841305 -0.574289 -1.306710
0 0.494003 0.839371 -0.578502 -1.305436
0 0.494870 0.839410 -0.576977 -1.305870
0 0.494391 0.840777 -0.574252 -1.306851
0 0.493244 0.841431 -0.575995 -1.308558
0 0.493342 0.840024 -0.575930 -1.310397
0 0.494108 0.840687 -0.574184 -1.309792
0 0.415294 0.832707 -0.316920 -1.307994
0 0.415198 0.834461 -0.318552 -1.305481
0 0.415266 0.834814 -0.318171 -1.305538
0 0.494233 0.840130 -0.573285 -1.306794
0 0.493850 0.841162 -0.574204 -1.305658
0 0.415422 0.833081 -0.316139 -1.307664
0 0.493888 0.840911 -0.574349 -1.306031
0 0.594635 0.849554 -0.727160 -1.249962
0 0.594770 0.850211 -0.727291 -1.248821
0 0.596227 0.850897 -0.725548 -1.245622
0 0.410951 0.833629 -0.326170 -1.302903
0 0.596197 0.850960 -0.725976 -1.245875
0 0.410255 0.834528 -0.327581 -1.302158
0 0.593758 0.849281 -0.729214 -1.251317
0 0.593582 0.849506 -0.729522 -1.251636
0 0.594772 0.850622 -0.725248 -1.245357
0 0.594506 0.850528 -0.725644 -1.245634
0 0.411516 0.834116 -0.325515 -1.304842
0 0.411036 0.835182 -0.325966 -1.302489
0 0.591694 0.849280 -0.732638 -1.251820
0 0.492890 0.838850 -0.574656 -1.308846
0 0.492910 0.839308 -0.574301 -1.309991
0 0.413837 0.835143 -0.339806 -1.308297
0 0.592005 0.850284 -0.733047 -1.246514
0 0.595497 0.852549 -0.725930 -1.245634
0 0.595363 0.850098 -0.718102 -1.246904
0 0.595520 0.851035 -0.717417 -1.245375
0 0.596658 0.852900 -0.724804 -1.241417
0 0.413187 0.834647 -0.325485 -1.309014
0 0.412475 0.835309 -0.326177 -1.308626
0 0.493018 0.845213 -0.579495 -1.304839
0 0.493219 0.845498 -0.579199 -1.303819
0 0.494632 0.840039 -0.574431 -1.298344
0 0.494169 0.840122 -0.575158 -1.298437
0 0.412876 0.834521 -0.308838 -1.302277
0 0.412709 0.834158 -0.309614 -1.301871
0 0.410586 0.834491 -0.322554 -1.305814
0 0.410349 0.835094 -0.323664 -1.305596
0 0.589828 0.850001 -0.730376 -1.256469
0 0.591370 0.851117 -0.729071 -1.253300
0 0.591212 0.851628 -0.729043 -1.252674
0 0.409695 0.836337 -0.331108 -1.307274
0 0.594753 0.849873 -0.739045 -1.255449
0 0.596625 0.845693 -0.736786 -1.248349
0 0.493912 0.840967 -0.575378 -1.307283
0 0.596203 0.853058 -0.717982 -1.242019
0 0.600677 0.850466 -0.725681 -1.240103
0 0.416735 0.833976 -0.324921 -1.304200
0 0.417163 0.833124 -0.323866 -1.305169
0 0.589720 0.845061 -0.730747 -1.253224
0 0.401044 0.834040 -0.377750 -1.309441
