0 0.742691 0.681842 -0.655515 -0.401232
0 0.742686 0.684391 -0.655176 -0.396168
0 0.742338 0.687244 -0.655107 -0.393889
0 0.790618 1.028761 0.483354 -0.265032
0 0.791940 1.027786 0.486259 -0.270618
0 0.784592 0.988847 0.444193 -0.220803
0 0.786829 0.990765 0.445736 -0.219487
0 0.745741 0.661166 -0.650946 -0.415547
0 0.746802 0.659443 -0.649387 -0.418324
0 0.745914 0.663962 -0.650715 -0.411596
0 0.746347 0.681431 -0.648042 -0.407653
0 0.745764 0.684602 -0.649130 -0.401801
0 0.745828 0.686760 -0.649415 -0.397649
