0 0.690903 1.288320 -0.368885 -0.037101
0 0.690065 1.286732 -0.369209 -0.043358
0 0.697773 1.302558 -0.359348 -0.032390
0 0.699304 1.302406 -0.358755 -0.032387
0 0.475936 1.347211 0.016657 0.340882
0 0.677992 1.296462 -0.345401 -0.009132
0 0.675069 1.294283 -0.351471 -0.015511
0 0.619174 1.051348 -1.095283 -1.312660
0 0.618853 1.052129 -1.096015 -1.311927
0 0.618718 1.052089 -1.096024 -1.312328
0 0.616630 0.962554 -1.095048 -1.379524
0 0.616545 0.964261 -1.095063 -1.375863
0 0.614230 0.741818 -0.957247 -0.586558
0 0.614469 0.741055 -0.957515 -0.588170
0 0.691203 1.267952 -0.364416 -0.088575
0 0.620276 0.744738 -0.937373 -0.583988
0 0.616611 0.963159 -1.094876 -1.380307
0 0.620118 1.034479 -1.087019 -1.321032
0 0.620099 0.744670 -0.937549 -0.586611
0 0.619501 0.741185 -0.939629 -0.592671
0 0.689924 1.265475 -0.368198 -0.094841
0 0.614144 0.737670 -0.957953 -0.594703
0 0.675445 1.299120 -0.390142 0.028805
