0 0.479069 0.594911 -0.450509 0.154652
0 0.478848 0.593015 -0.450279 0.153262
0 0.480103 0.608506 -0.453528 0.178910
0 0.480381 0.592255 -0.445707 0.151411
0 0.480067 0.606297 -0.452567 0.173634
0 0.481773 0.604460 -0.448973 0.172470
0 0.126003 0.611194 -0.063250 -0.208552
0 0.127223 0.600381 -0.059563 -0.208720
0 0.127943 0.601993 -0.057492 -0.205887
0 0.127092 0.610115 -0.059500 -0.212356
0 0.474508 0.602790 -0.461340 0.148159
0 0.478162 0.588357 -0.458155 0.150343
0 0.480487 0.591836 -0.453993 0.158674
0 0.479602 0.588661 -0.455100 0.154085
0 0.143184 0.823186 0.096779 -0.329531
0 0.124404 0.588400 -0.065305 -0.223045
0 0.143448 0.822470 0.096710 -0.331199
0 0.124871 0.590157 -0.064470 -0.216890
0 0.126874 0.582316 -0.058636 -0.226311
0 0.127259 0.584854 -0.056878 -0.219915
0 0.142687 0.827194 0.095552 -0.309021
0 0.472486 0.637733 -0.460621 0.177539
0 0.143030 0.822560 0.095583 -0.315110
0 0.125109 0.615243 -0.066257 -0.208123
0 0.125041 0.610763 -0.066215 -0.215685
0 0.124307 0.580352 -0.065722 -0.226944
0 0.475596 0.590744 -0.456899 0.133338
0 0.124376 0.584841 -0.064747 -0.222909
0 0.125205 0.585316 -0.062686 -0.221451
0 0.784374 1.271688 0.410409 0.436975
0 0.478995 0.581326 -0.465577 0.153637
