0 0.774897 0.357036 -0.768383 -0.422892
0 0.776191 0.357262 -0.765734 -0.422637
0 0.778660 0.357270 -0.757861 -0.416716
0 0.778139 0.357187 -0.759135 -0.415689
0 0.777934 0.354884 -0.759475 -0.422616
0 0.777845 0.355217 -0.759162 -0.422798
0 0.867241 0.315384 -1.477142 -0.515343
0 0.867976 0.316562 -1.475845 -0.514419
0 0.867814 0.315122 -1.475599 -0.515717
0 0.867156 0.316708 -1.477098 -0.514206
0 0.774768 0.360594 -0.761388 -0.407726
0 0.775447 0.360975 -0.761048 -0.407908
0 0.780733 0.356770 -0.760764 -0.416744
0 0.780834 0.356724 -0.759835 -0.416178
0 0.867986 0.315823 -1.476341 -0.512166
0 0.865592 0.316330 -1.483345 -0.517764
0 0.865474 0.316335 -1.482600 -0.517729
0 0.866954 0.315278 -1.479249 -0.519732
0 0.865941 0.315914 -1.480463 -0.518357
0 0.870865 0.314846 -1.471439 -0.510995
0 0.781914 0.289350 -1.395992 -0.511634
0 0.774573 0.354028 -0.774797 -0.431343
0 0.782274 0.289534 -1.395705 -0.511315
0 0.774786 0.353500 -0.775915 -0.432499
0 0.781846 0.291014 -1.395630 -0.505870
0 0.781773 0.290691 -1.395518 -0.506469
0 0.784609 0.291356 -1.390280 -0.506338
0 0.868596 0.314702 -1.481290 -0.517860
0 0.783987 0.291244 -1.392446 -0.506458
0 0.871052 0.314803 -1.475975 -0.517525
0 0.782157 0.289097 -1.396190 -0.511957
0 0.785545 0.291442 -1.388361 -0.505402
0 0.868763 0.318487 -1.474088 -0.509770
0 0.867330 0.317718 -1.469841 -0.509470
0 0.781283 0.291195 -1.397393 -0.505929
0 0.867771 0.317570 -1.468965 -0.509656
0 0.785562 0.291933 -1.391011 -0.504814
0 0.879367 0.315399 -1.461333 -0.509821
0 0.783776 0.291706 -1.393751 -0.512014
