0 0.166399 0.827936 -0.056652 -0.828635
0 0.166300 0.828496 -0.056518 -0.827221
0 0.167048 0.832392 -0.056321 -0.816478
0 0.167031 0.832080 -0.056423 -0.818180
0 0.351490 0.825735 -0.425746 -0.782477
0 0.302336 0.852199 -0.204456 -0.737120
0 0.302447 0.852859 -0.204621 -0.736306
0 0.351037 0.825285 -0.426624 -0.782223
0 0.590215 0.980315 -0.783232 -0.438867
0 0.349288 0.823453 -0.429932 -0.788698
0 0.590428 0.981654 -0.783514 -0.436155
0 0.349433 0.823496 -0.428919 -0.788408
0 0.351261 0.824050 -0.426723 -0.786251
0 0.588174 0.969308 -0.787510 -0.437010
0 0.588344 0.969703 -0.787811 -0.433328
0 0.353309 0.823716 -0.425123 -0.785128
0 0.353208 0.823547 -0.424712 -0.785862
0 0.350541 0.822693 -0.424168 -0.790155
0 0.350931 0.824109 -0.422774 -0.787088
0 0.302709 0.855412 -0.206920 -0.731506
0 0.302881 0.857285 -0.206348 -0.727368
0 0.298356 0.851378 -0.204425 -0.736415
0 0.166565 0.830722 -0.059950 -0.817833
0 0.166427 0.830936 -0.060502 -0.816811
0 0.298328 0.851388 -0.205505 -0.737774
0 0.166545 0.829352 -0.060548 -0.821364
0 0.297418 0.854174 -0.209453 -0.733958
0 0.297400 0.853095 -0.208975 -0.736362
0 0.297478 0.852159 -0.209693 -0.741066
0 0.166543 0.833117 -0.060174 -0.817002
0 0.166263 0.832472 -0.060963 -0.818069
0 0.166492 0.831609 -0.061029 -0.819396
0 0.305888 0.853297 -0.200459 -0.734547
0 0.305929 0.856317 -0.202520 -0.728915
0 0.587404 0.975037 -0.787426 -0.454097
0 0.589518 0.971319 -0.780741 -0.434589
0 0.592559 0.981022 -0.777126 -0.435916
0 0.450406 0.824748 -0.729678 -0.783395
0 0.353998 0.825971 -0.426490 -0.783169
0 0.353292 0.825576 -0.427836 -0.782562
0 0.572144 0.842828 -0.826981 -0.222777
0 0.572066 0.837282 -0.826126 -0.232532
0 0.166025 0.825076 -0.058736 -0.824556
0 0.302404 0.851230 -0.200278 -0.735459
0 0.353374 0.824938 -0.427780 -0.785038
0 0.166702 0.825620 -0.057595 -0.823973
0 0.166560 0.825062 -0.057791 -0.827773
0 0.165569 0.831493 -0.057725 -0.824910
0 0.166254 0.830119 -0.056569 -0.826324
0 0.166273 0.831387 -0.056550 -0.826381
0 0.450678 0.823794 -0.729720 -0.796627
0 0.450762 0.828363 -0.734176 -0.775839
0 0.449743 0.833577 -0.730571 -0.769732
0 0.449897 0.830586 -0.735777 -0.774610
0 0.449975 0.824679 -0.735624 -0.782991
0 0.338506 0.825961 -0.430154 -0.785864
0 0.306613 0.847655 -0.206696 -0.740491
0 0.306455 0.847550 -0.207092 -0.744705
0 0.452190 0.826511 -0.726081 -0.782751
0 0.304209 0.848464 -0.212556 -0.740449
0 0.338353 0.825672 -0.430447 -0.785666
0 0.588962 0.981392 -0.781197 -0.414782
0 0.338321 0.824841 -0.430760 -0.788715
0 0.586321 0.959026 -0.790049 -0.495504
0 0.586629 0.973820 -0.783544 -0.377210
0 0.587119 0.975637 -0.804106 -0.458340
0 0.587596 0.972796 -0.782852 -0.381063
0 0.451656 0.826490 -0.727360 -0.792774
0 0.281976 0.854460 -0.216739 -0.726210
0 0.354218 0.823623 -0.419810 -0.771470
0 0.451552 0.833555 -0.726585 -0.769244
0 0.354338 0.824222 -0.419460 -0.769916
0 0.283533 0.855390 -0.215088 -0.724614
0 0.168345 0.834230 -0.058541 -0.826828
0 0.354158 0.821042 -0.420013 -0.776889
0 0.168809 0.834757 -0.057805 -0.825830
0 0.283328 0.852182 -0.215480 -0.733594
0 0.169431 0.830407 -0.056056 -0.807672
0 0.168940 0.827618 -0.056273 -0.812941
0 0.345500 0.824864 -0.431128 -0.801230
0 0.301796 0.855592 -0.205260 -0.704786
0 0.344574 0.823771 -0.432843 -0.803002
0 0.344522 0.822793 -0.433136 -0.804946
0 0.589730 0.977459 -0.785126 -0.457957
0 0.300917 0.853391 -0.207085 -0.709314
0 0.590164 0.975374 -0.784695 -0.465799
0 0.585936 0.962701 -0.791665 -0.166580
0 0.586869 0.957789 -0.790953 -0.166173
0 0.295103 0.866736 -0.206713 -0.718617
0 0.450603 0.827044 -0.733817 -0.809082
0 0.571277 0.816975 -0.818837 -0.248332
0 0.571795 0.819105 -0.818003 -0.245007
0 0.450019 0.827700 -0.735096 -0.807746
0 0.294827 0.866154 -0.207569 -0.720009
0 0.586496 0.956307 -0.805572 -0.509149
0 0.295163 0.861289 -0.207267 -0.729791
0 0.300631 0.849760 -0.207712 -0.715400
0 0.450000 0.823885 -0.735119 -0.815215
0 0.589511 0.971899 -0.782180 -0.382128
