0 0.575478 0.668149 -0.693803 -0.453285
0 0.575631 0.669055 -0.693565 -0.452031
0 0.575370 0.668850 -0.692644 -0.451520
0 0.443142 0.612040 -0.427235 -0.425878
0 0.443184 0.617055 -0.430247 -0.426894
0 0.443127 0.616711 -0.430072 -0.427657
0 0.443677 0.609828 -0.426497 -0.432000
0 0.473729 0.832118 -0.797543 -0.953612
0 0.474415 0.831762 -0.796300 -0.955659
0 0.443163 0.617865 -0.430193 -0.425780
0 0.474672 0.831732 -0.795877 -0.954000
0 0.442577 0.612928 -0.429250 -0.426775
0 0.441213 0.613492 -0.431181 -0.426716
0 0.441571 0.612456 -0.431019 -0.428592
0 0.576328 0.769331 -1.035120 -0.897265
0 0.576388 0.769925 -1.034823 -0.894491
0 0.443034 0.616763 -0.438262 -0.427585
0 0.442762 0.617319 -0.439309 -0.427005
0 0.576405 0.768381 -1.034967 -0.896204
0 0.442419 0.615904 -0.437644 -0.428127
0 0.475384 0.822002 -0.800484 -0.963819
0 0.259019 0.498449 -0.144801 -0.232256
0 0.475026 0.837197 -0.795088 -0.941647
0 0.286482 0.597045 -0.178231 -0.429262
0 0.286984 0.597081 -0.176856 -0.430498
0 0.259023 0.498560 -0.144865 -0.233119
0 0.257758 0.503463 -0.148027 -0.229583
0 0.474095 0.838277 -0.799754 -0.942743
0 0.257948 0.502038 -0.148088 -0.230839
0 0.287039 0.592968 -0.183091 -0.436456
0 0.257005 0.502871 -0.149411 -0.230387
0 0.287051 0.593572 -0.183441 -0.434766
0 0.576165 0.664685 -0.689265 -0.458104
0 0.575043 0.664734 -0.690639 -0.459782
0 0.389844 1.088597 0.229283 -0.189680
0 0.575210 0.664472 -0.691069 -0.459043
0 0.387873 1.088784 0.226126 -0.188948
0 0.575835 0.663049 -0.689626 -0.460970
0 0.576167 0.662654 -0.689015 -0.461737
0 0.576275 0.657698 -0.688778 -0.469597
0 0.577802 0.774840 -1.035157 -0.888618
0 0.471966 0.833248 -0.800127 -0.956828
0 0.472756 0.833030 -0.798822 -0.956328
0 0.577857 0.773941 -1.035180 -0.891780
0 0.472553 0.831331 -0.799233 -0.960996
0 0.576634 0.658265 -0.688158 -0.470370
0 0.283198 0.597529 -0.183606 -0.426533
0 0.441255 0.611431 -0.429659 -0.428204
0 0.577835 0.772982 -1.034773 -0.891357
0 0.474070 0.826389 -0.802601 -0.958254
0 0.282504 0.597130 -0.184372 -0.428840
0 0.283292 0.596337 -0.183499 -0.430351
0 0.474219 0.826457 -0.802675 -0.959175
0 0.576942 0.752279 -1.032429 -0.905271
0 0.576882 0.752341 -1.032657 -0.905061
0 0.473942 0.828308 -0.803220 -0.954679
0 0.291835 0.599237 -0.170380 -0.427517
0 0.535232 0.439021 -0.875726 -0.285076
0 0.534874 0.438185 -0.876948 -0.286409
0 0.535288 0.438204 -0.875781 -0.286258
0 0.577110 0.751154 -1.032375 -0.907311
0 0.257993 0.485913 -0.146911 -0.234764
0 0.283075 0.587520 -0.186909 -0.431106
0 0.438150 0.093531 -0.427964 0.063893
0 0.668523 0.853798 -1.112057 -0.384297
0 0.258241 0.481697 -0.146850 -0.242822
0 0.258150 0.484183 -0.146715 -0.238146
0 0.283532 0.585252 -0.186065 -0.436006
0 0.294429 0.595174 -0.174027 -0.433676
0 0.668728 0.859457 -1.111763 -0.372935
0 0.282412 0.586748 -0.187201 -0.432442
0 0.257781 0.491559 -0.147159 -0.232286
0 0.536080 0.439096 -0.875065 -0.285534
0 0.573562 0.661153 -0.691867 -0.454668
0 0.438156 0.094840 -0.427841 0.065540
0 0.578913 0.777119 -1.029900 -0.878035
0 0.258150 0.492234 -0.146051 -0.231682
0 0.259812 0.511316 -0.141801 -0.223061
0 0.537335 0.445086 -0.874152 -0.282204
0 0.577636 0.762475 -1.032274 -0.882928
0 0.573801 0.660790 -0.691055 -0.455300
0 0.574380 0.663706 -0.690801 -0.449892
0 0.260024 0.510489 -0.141457 -0.225386
0 0.536566 0.439314 -0.874129 -0.284080
0 0.575675 0.780201 -1.043381 -0.894515
0 0.537827 0.446084 -0.872798 -0.280716
0 0.443931 0.615517 -0.423849 -0.418367
0 0.444156 0.606148 -0.423568 -0.435078
0 0.576141 0.778856 -1.043118 -0.896212
0 0.440223 0.096093 -0.417364 0.062141
0 0.576118 0.778929 -1.043201 -0.897823
0 0.433248 0.093971 -0.437419 0.063295
0 0.669073 0.872659 -1.104822 -0.373499
0 0.538001 0.458090 -0.871259 -0.275023
0 0.440088 0.097670 -0.422405 0.065410
0 0.579938 0.776196 -1.023848 -0.873725
0 0.798660 1.038325 0.043293 -0.617833
0 0.362012 1.086597 0.235404 -0.193425
0 0.669504 0.877285 -1.105029 -0.365890
0 0.576774 0.670556 -0.693134 -0.458050
0 0.537972 0.458125 -0.871727 -0.274973
0 0.538086 0.457787 -0.871131 -0.274956
0 0.669567 0.815033 -1.106136 -0.398941
0 0.806735 1.041073 0.051821 -0.610057
0 0.362427 1.085389 0.234817 -0.196672
0 0.534800 0.434914 -0.876435 -0.288489
0 0.669401 0.815382 -1.106952 -0.398873
0 0.573823 0.660822 -0.692134 -0.464756
0 0.535764 0.435706 -0.874314 -0.286208
0 0.573890 0.662598 -0.692308 -0.462507
0 0.419088 1.097978 0.251987 -0.191493
0 0.417963 1.099250 0.250036 -0.188642
0 0.575463 0.686741 -0.691243 -0.436510
0 0.478498 0.824119 -0.794020 -0.960212
0 0.575301 0.688874 -0.691707 -0.432278
0 0.446143 0.613927 -0.431695 -0.427006
0 0.575326 0.686846 -0.691156 -0.436443
0 0.288346 0.582091 -0.182757 -0.437844
0 0.577315 0.665928 -0.692105 -0.465497
0 0.337525 0.558144 -0.567453 -0.775712
0 0.445569 0.614925 -0.432657 -0.423826
0 0.346055 1.070060 0.195280 -0.221670
0 0.576626 0.663968 -0.693705 -0.454717
0 0.288170 0.583088 -0.183158 -0.434942
0 0.261156 0.560241 -0.142861 -0.182500
0 0.337749 0.558994 -0.564544 -0.772438
0 0.337377 0.558090 -0.567533 -0.776126
0 0.260613 0.557551 -0.144023 -0.186448
0 0.287818 0.582372 -0.182397 -0.436377
0 0.338088 0.559355 -0.564681 -0.767267
0 0.802491 1.042741 0.128264 -0.595085
0 0.337554 0.558823 -0.564559 -0.773321
0 0.668857 0.805386 -1.108237 -0.396125
0 0.796026 1.044073 0.026592 -0.598977
0 0.440153 0.612181 -0.430128 -0.424359
0 0.806713 1.044569 0.137426 -0.592998
0 0.266902 0.506797 -0.132794 -0.227156
0 0.337851 0.558740 -0.564470 -0.774260
0 0.577082 0.658400 -0.692810 -0.460773
0 0.436574 0.099812 -0.435034 0.068340
0 0.258687 0.497574 -0.143176 -0.237513
0 0.338031 0.557755 -0.564322 -0.770165
0 0.290779 0.596270 -0.181736 -0.437420
0 0.338014 0.557789 -0.564878 -0.770271
0 0.258419 0.499932 -0.143241 -0.233280
0 0.577772 0.748361 -1.032122 -0.909491
0 0.258573 0.500345 -0.143514 -0.231588
0 0.290773 0.597372 -0.181895 -0.434993
0 0.738415 1.040430 0.091098 -0.577883
0 0.740005 1.039006 0.095794 -0.581230
0 0.740216 1.041187 0.096772 -0.576578
0 0.436665 0.096130 -0.415610 0.067311
0 0.293586 1.002383 0.179805 -0.817427
0 0.293580 1.003317 0.181795 -0.816691
0 0.442178 0.615035 -0.438875 -0.424344
0 0.338060 0.555710 -0.565382 -0.767308
0 0.436640 0.095882 -0.415352 0.066533
0 0.575248 0.670012 -0.693916 -0.458733
0 0.446572 0.631681 -0.423840 -0.413395
0 0.668828 0.797166 -1.107818 -0.406083
0 0.292771 1.003519 0.182108 -0.816266
0 0.671073 0.803909 -1.097197 -0.405923
0 0.337934 0.555505 -0.565139 -0.767761
0 0.446519 0.629415 -0.423912 -0.417858
0 0.290487 0.596122 -0.179869 -0.438006
0 0.671032 0.801466 -1.098470 -0.409592
0 0.284386 0.607663 -0.174405 -0.428326
0 0.774061 1.039819 0.074546 -0.601124
0 0.347700 1.098775 0.221207 -0.189134
0 0.348780 1.098301 0.223825 -0.189623
0 0.669149 0.846874 -1.109078 -0.386808
0 0.284812 0.609096 -0.173896 -0.425316
0 0.574622 0.662083 -0.695303 -0.455951
0 0.339797 0.562715 -0.559368 -0.770840
0 0.532996 0.434827 -0.877192 -0.287685
0 0.532852 0.431827 -0.877232 -0.291408
0 0.265574 0.520087 -0.130822 -0.217647
0 0.339674 0.563065 -0.559806 -0.771963
0 0.340295 0.562413 -0.558675 -0.772252
0 0.440690 0.105315 -0.420244 0.072524
0 0.479806 0.839212 -0.789670 -0.938886
0 0.436235 0.088834 -0.433854 0.061800
0 0.429567 0.094513 -0.438331 0.063131
0 0.533382 0.433084 -0.876552 -0.290402
0 0.287327 0.607933 -0.155995 -0.352082
0 0.253382 0.998043 0.155433 -0.826224
0 0.255868 1.000549 0.161065 -0.821458
0 0.436011 0.089506 -0.434343 0.062928
0 0.475045 0.823977 -0.797114 -0.941081
0 0.429797 0.096152 -0.428214 0.066249
0 0.474889 0.822775 -0.797030 -0.943258
0 0.286698 0.607596 -0.154782 -0.352337
0 0.337001 0.557257 -0.569360 -0.776806
0 0.260517 0.544169 -0.143855 -0.204644
0 0.253263 1.001431 0.160697 -0.820361
0 0.432906 0.112651 -0.441712 0.080289
0 0.577680 0.735048 -1.030838 -0.915972
0 0.474735 0.824395 -0.797371 -0.940440
0 0.433454 0.112647 -0.440651 0.081130
0 0.478286 0.841059 -0.792881 -0.935724
0 0.535235 0.424019 -0.872849 -0.301753
