0 0.489598 0.630544 -0.267924 -0.507018
0 0.488958 0.631791 -0.267906 -0.504616
0 0.488914 0.631155 -0.268479 -0.506021
0 0.489658 0.633200 -0.273627 -0.499581
0 0.493513 0.627729 -0.255901 -0.509548
0 0.491176 0.633210 -0.270896 -0.499411
0 0.490577 0.633668 -0.273200 -0.499571
0 0.493017 0.628470 -0.257105 -0.505038
0 0.485230 0.632823 -0.273745 -0.500381
0 0.486591 0.633430 -0.270802 -0.499624
0 0.485976 0.631993 -0.271154 -0.502269
0 0.484721 0.628312 -0.262250 -0.508729
0 0.485525 0.629434 -0.261526 -0.504056
0 0.512849 0.626674 -0.239291 -0.508250
0 0.486718 0.636618 -0.267773 -0.495860
0 0.512043 0.628307 -0.240137 -0.502591
0 0.486265 0.636841 -0.268659 -0.495764
