0 0.721358 0.273951 -0.793288 0.018841
0 0.721197 0.273306 -0.794023 0.017339
0 0.719819 0.273136 -0.797381 0.016638
0 0.719891 0.272920 -0.797172 0.016562
0 0.720459 0.274056 -0.796364 0.017451
0 0.719237 0.272717 -0.799520 0.015367
0 0.298376 0.151593 -0.005599 -0.017814
0 0.300396 0.155800 -0.002041 -0.011479
0 1.007258 1.178735 0.673593 0.398642
0 0.718801 0.276283 -0.810100 0.015700
0 0.718815 0.276252 -0.809659 0.015974
0 0.205100 0.413015 0.135203 0.187163
0 0.301797 0.153458 0.004750 -0.014651
0 0.301879 0.149195 -0.005238 -0.019436
0 0.720348 0.276489 -0.798238 0.020835
0 0.301486 0.152517 0.004401 -0.014421
0 0.301209 0.156666 -0.001100 -0.011345
0 0.720933 0.276692 -0.798169 0.020273
0 0.719137 0.274490 -0.820412 0.020668
0 0.300025 0.158030 -0.005870 -0.015166
0 0.299207 0.153138 -0.004573 -0.014382
0 0.719483 0.274881 -0.819851 0.022753
0 0.299616 0.157807 -0.006440 -0.015295
0 0.720333 0.265901 -0.795583 0.014772
0 0.721724 0.266177 -0.794097 0.016373
0 0.301857 0.151410 -0.004250 -0.014062
0 0.296460 0.147592 -0.032271 -0.026021
0 0.720713 0.274820 -0.810724 0.010314
0 0.720799 0.275626 -0.811654 0.012749
0 0.295854 0.147597 -0.032829 -0.024900
0 0.721194 0.275730 -0.807586 0.009715
0 0.723455 0.270678 -0.781833 0.014382
0 0.723217 0.270846 -0.781673 0.013871
0 0.723165 0.270374 -0.782312 0.014051
0 0.298882 0.156492 0.006898 -0.005517
0 0.299730 0.155036 0.007811 -0.006237
