0 0.771150 1.057851 0.085178 -0.536572
0 0.769931 1.056481 0.085975 -0.538852
0 0.777403 1.060426 0.097214 -0.533581
0 0.782988 1.062448 0.163356 -0.537509
0 0.787397 1.064048 0.164533 -0.534744
0 0.782239 1.064873 0.154907 -0.533995
0 0.776472 1.039737 0.087949 -0.607600
0 0.775289 1.091846 0.106532 -0.351164
0 0.772434 1.041197 0.079948 -0.605964
0 0.772318 1.041632 0.079424 -0.605007
0 0.774151 1.094159 0.104460 -0.346006
0 0.130002 0.332442 -0.168294 -0.328300
0 0.788007 1.109838 0.193676 -0.276563
0 0.786217 1.111618 0.190062 -0.272057
0 0.129893 0.332888 -0.168416 -0.328019
