0 0.704706 1.011951 -0.891569 -0.776340
0 0.733871 1.140517 0.128652 -0.014552
0 0.705646 1.011287 -0.891416 -0.779106
0 0.783090 1.135379 0.376946 -0.023180
0 0.704400 1.012485 -0.889996 -0.774812
0 0.729038 1.142930 0.114192 -0.012643
0 0.773483 1.137013 0.336221 -0.022610
0 0.395814 1.147431 0.132199 0.151319
0 0.703433 1.012052 -0.900603 -0.777036
0 0.703674 1.011760 -0.899992 -0.778543
0 0.682595 1.134619 -0.117200 -0.014218
0 0.702995 1.012054 -0.904203 -0.776129
0 0.660170 1.136677 -0.156532 -0.012695
0 0.549226 1.158240 0.257659 0.113087
0 0.709036 1.138032 -0.184631 -0.003167
0 0.710370 1.135663 -0.174978 -0.005114
0 0.751737 1.129966 -0.382486 0.003147
0 0.750321 1.132532 0.363970 -0.017291
0 0.755517 1.131808 -0.372196 0.003712
0 0.752714 1.132839 0.372316 -0.019055
0 0.711812 1.019793 -0.862300 -0.701291
0 0.711097 1.020958 -0.862243 -0.700418
