0 0.682260 0.796602 -0.669107 -0.275246
0 0.683023 0.795651 -0.667430 -0.273280
0 0.682865 0.797351 -0.668342 -0.273765
0 0.825040 1.063249 -0.004829 -0.817387
0 0.684221 0.783953 -0.668390 -0.284672
0 0.683707 0.785318 -0.668971 -0.282969
0 0.823553 1.062974 -0.011490 -0.815995
0 0.765756 1.043140 -0.794180 -0.939256
0 0.827025 1.064936 0.054510 -0.803285
0 0.684265 0.787044 -0.667202 -0.280513
0 0.769604 1.029133 -0.782839 -1.014494
0 0.823409 1.064501 0.044618 -0.803014
0 0.824189 1.064908 -0.012066 -0.813143
0 0.765109 1.040657 -0.795396 -0.944426
0 0.821171 1.065755 0.039356 -0.801043
0 0.768836 1.029420 -0.784492 -1.015231
0 0.361991 1.077539 0.149948 -0.737601
0 0.765319 1.041606 -0.798124 -0.945012
0 0.769527 1.030841 -0.786477 -1.014377
0 0.362748 1.077148 0.151141 -0.739286
0 0.362647 1.078384 0.149723 -0.738440
0 0.354735 1.083363 0.142296 -0.688585
0 0.354829 1.081117 0.142505 -0.694961
0 0.354510 1.082669 0.140268 -0.694603
0 0.695234 0.848727 -0.665563 -0.243926
0 0.324136 1.087889 0.122141 -0.669657
0 0.692342 0.806370 -0.669912 -0.266460
0 0.777409 1.026224 -0.755425 -1.028519
0 0.325525 1.083454 0.122732 -0.680121
0 0.324239 1.083953 0.121769 -0.681726
0 0.777001 1.025857 -0.757348 -1.029550
0 0.189300 0.649630 0.022887 -0.800439
0 0.189462 0.649818 0.022908 -0.801212
0 0.187985 0.649739 0.019613 -0.801437
0 0.834701 1.085512 0.082193 -0.710789
0 0.602520 0.687224 -0.729577 -0.883654
0 0.777502 1.026357 -0.755136 -1.029498
0 0.832439 1.084193 0.077672 -0.711709
0 0.832451 1.085933 0.078247 -0.708213
0 0.602546 0.687281 -0.729763 -0.886109
0 0.832811 1.076765 0.002273 -0.757645
0 0.831795 1.075907 0.001579 -0.757364
0 0.757998 1.083947 -0.835042 -0.651409
0 0.757484 1.085342 -0.836412 -0.648193
0 0.757481 1.084877 -0.839051 -0.651863
0 0.830543 1.077041 -0.000659 -0.754880
0 0.599882 0.686515 -0.735881 -0.887110
0 0.329433 1.076520 0.127536 -0.740403
0 0.330922 1.076124 0.129327 -0.741582
0 0.329288 1.076957 0.128099 -0.742049
0 0.609310 0.700509 -0.722898 -0.874673
0 0.188049 0.640692 0.018975 -0.809736
0 0.611002 0.701192 -0.719849 -0.872834
0 0.769933 1.038408 -0.772164 -1.004551
0 0.774692 1.045830 -0.767374 -0.906758
0 0.768917 1.032319 -0.838203 -1.008845
0 0.188271 0.639897 0.018713 -0.811046
0 0.759720 1.043703 -0.867847 -0.932174
0 0.774227 1.045857 -0.769519 -0.906945
0 0.188071 0.639802 0.018626 -0.811136
0 0.188413 0.658087 0.019924 -0.805954
0 0.462720 1.091351 0.231138 -0.659307
