0 0.551995 0.672710 -0.679971 -0.204135
0 0.552221 0.672032 -0.679963 -0.206359
0 0.556848 0.674804 -0.675958 -0.204045
0 0.556966 0.674832 -0.675491 -0.204867
0 0.554084 0.672886 -0.680966 -0.203869
0 0.557013 0.675698 -0.675101 -0.203965
0 0.735269 1.003757 -0.707972 -0.365503
0 0.737484 1.013749 -0.698709 -0.341790
0 0.737359 1.001581 -0.703029 -0.374837
0 0.735128 1.004864 -0.709805 -0.363492
0 0.737039 1.014490 -0.698638 -0.340912
0 0.737887 1.011079 -0.696099 -0.354200
0 0.553839 0.695460 -0.671080 -0.195420
0 0.548108 0.682523 -0.679974 -0.195781
0 0.547969 0.680050 -0.680027 -0.199459
0 0.739185 1.025838 -0.686784 -0.332654
0 0.739013 1.018429 -0.685692 -0.346841
0 0.738197 1.026669 -0.688374 -0.332077
0 0.549584 0.679807 -0.680114 -0.200371
0 0.551068 0.695221 -0.675656 -0.194684
0 0.735138 1.009015 -0.706627 -0.365397
0 0.734477 1.015009 -0.708481 -0.354601
0 0.734345 1.016109 -0.711588 -0.353298
0 0.557843 0.696467 -0.675824 -0.195758
0 0.571840 0.965626 -0.242138 -1.048474
0 0.571635 0.966430 -0.242555 -1.046279
0 0.573059 0.964953 -0.239768 -1.049462
0 0.737356 1.011798 -0.702257 -0.333220
0 0.743365 1.010776 -0.685728 -0.341540
0 0.386050 1.097792 -0.023762 -0.127778
0 0.387026 1.098258 -0.017774 -0.127769
0 0.571853 0.962779 -0.270907 -1.056425
0 0.570975 0.963576 -0.272578 -1.053733
0 0.461280 0.786921 -0.147948 -0.092432
0 0.460975 0.787807 -0.147830 -0.087176
0 0.572252 0.962480 -0.270903 -1.057335
0 0.461656 0.785650 -0.147375 -0.098074
0 0.555006 0.692858 -0.680026 -0.200216
0 0.549102 0.675224 -0.677004 -0.193842
0 0.387642 0.352957 -0.397396 -0.366051
0 0.558614 0.678362 -0.677458 -0.200595
0 0.388459 0.353642 -0.395780 -0.365552
0 0.388559 0.351933 -0.395147 -0.367879
0 0.462348 0.875876 -0.151574 -0.040171
0 0.387329 1.079673 0.027483 -0.145272
0 0.558751 0.675697 -0.676709 -0.205128
0 0.547808 0.668724 -0.679354 -0.202415
0 0.462664 0.880203 -0.149565 -0.029744
0 0.387412 1.082534 0.027264 -0.135948
0 0.558647 0.676137 -0.676354 -0.204905
0 0.391894 0.357027 -0.389301 -0.358811
0 0.391076 0.359023 -0.391326 -0.356200
0 0.557652 0.685099 -0.665739 -0.233557
0 0.741600 1.037035 -0.686022 -0.338215
0 0.464011 0.955977 -0.145538 -0.018580
0 0.463154 0.952088 -0.147418 -0.019097
0 0.389473 0.357164 -0.392173 -0.362406
0 0.748157 0.989105 -0.672982 -0.321649
0 0.566574 0.693444 -0.669738 -0.225702
