0 0.186823 0.727687 0.021882 -1.061628
0 0.186647 0.728038 0.021324 -1.060411
0 0.184949 0.729771 0.020024 -1.063521
0 0.184460 0.730252 0.018998 -1.062755
0 0.660625 1.244205 -0.146147 0.493594
0 0.187336 0.729221 0.020014 -1.064532
0 0.187341 0.728847 0.020001 -1.065188
0 0.186647 0.729081 0.019337 -1.065412
0 0.180873 0.731245 0.024053 -1.064357
0 0.187864 0.730058 0.020940 -1.066391
0 0.186707 0.729666 0.018742 -1.065950
0 0.656025 1.265815 -0.163043 0.535718
0 0.187965 0.730146 0.020825 -1.065176
0 0.184943 0.732444 0.018533 -1.054602
0 0.185568 0.732396 0.019180 -1.054557
0 0.068749 0.876905 0.026786 -0.893147
0 0.068596 0.879608 0.026551 -0.889836
0 0.069628 0.878624 0.028927 -0.890201
0 0.070081 0.880835 0.033542 -0.913443
0 0.071205 0.877970 0.032411 -0.909226
0 0.650764 1.099786 -0.197762 -0.273450
0 0.652764 1.102279 -0.192283 -0.270330
0 0.177672 0.730571 -0.223821 -0.958931
0 0.177835 0.730353 -0.222851 -0.959105
0 0.177686 0.730864 -0.223867 -0.958493
0 0.187667 0.730770 0.024482 -1.063728
0 0.682522 1.276148 -0.067113 0.546466
0 0.177474 0.722767 -0.224070 -0.970411
0 0.681978 1.274915 -0.064601 0.552702
0 0.656521 1.250707 -0.203121 0.534041
0 0.073736 0.855344 0.036270 -0.928253
0 0.651555 1.255455 -0.215217 0.530980
0 0.181325 0.731242 0.024661 -1.059247
0 0.070431 0.877115 0.028410 -0.893583
0 0.069722 0.876936 0.026874 -0.894844
0 0.181537 0.731100 0.025118 -1.059460
0 0.176942 0.731979 -0.224369 -0.959740
0 0.069719 0.876351 0.026799 -0.895112
0 0.178508 0.726468 -0.226101 -0.954529
0 0.074935 0.859834 0.037905 -0.923500
0 0.178341 0.726815 -0.226010 -0.953775
0 0.176571 0.731914 -0.224789 -0.959954
0 0.178691 0.728152 -0.225769 -0.951507
0 0.176789 0.730669 -0.224697 -0.959398
0 0.181607 0.731514 0.023886 -1.059443
0 0.073462 0.880701 0.034702 -0.901361
0 0.176986 0.732309 -0.224295 -0.958373
0 0.177193 0.729241 -0.224190 -0.963886
0 0.072996 0.882868 0.037052 -0.909345
0 0.648583 0.724333 -1.235079 -1.033652
0 0.648503 0.724307 -1.235198 -1.033964
0 0.646845 0.724768 -1.237380 -1.031674
0 0.067394 0.874974 0.026662 -0.945846
0 0.646736 0.726240 -1.236806 -1.028878
0 0.067999 0.876493 0.028063 -0.943049
0 0.067312 0.876332 0.026410 -0.943643
0 0.647053 0.729828 -1.238710 -1.024402
0 0.176750 0.726227 -0.225962 -0.945387
0 0.178022 0.725333 -0.220458 -0.975521
0 0.661065 1.273230 -0.141010 0.617410
0 0.608815 1.283391 -0.261842 0.384775
0 0.660098 1.283486 -0.142058 0.635616
0 0.177059 0.728923 -0.226905 -0.965357
0 0.176020 0.725524 -0.227515 -0.946015
0 0.176956 0.725822 -0.225627 -0.945233
0 0.069960 0.892402 0.025640 -0.910271
0 0.646790 0.732392 -1.238344 -1.029789
0 0.180271 0.719703 -0.222867 -0.976091
0 0.072889 0.859245 0.036202 -0.882415
