0 0.785927 0.924421 -0.033262 -0.350603
0 0.784770 0.922390 -0.034998 -0.352187
0 0.788438 0.923510 -0.027606 -0.351821
0 0.783154 0.932407 -0.056504 -0.353712
0 0.783924 0.931426 -0.052161 -0.357992
0 0.779407 0.931615 -0.063843 -0.352984
0 0.786414 0.920443 -0.033835 -0.387612
0 0.788069 0.921474 -0.032059 -0.385700
0 0.787643 0.922111 -0.030911 -0.383840
0 0.784084 0.924869 -0.033939 -0.346115
0 0.784208 0.925115 -0.034807 -0.344333
0 0.784212 0.925020 -0.034058 -0.344986
0 0.796244 0.919300 0.005512 -0.357491
0 0.799814 0.920238 0.012388 -0.353255
