0 0.733668 0.780364 0.149729 0.156573
0 0.355819 0.641130 -0.406020 -0.314965
0 0.356334 0.640514 -0.404666 -0.315006
0 0.356139 0.633857 -0.407543 -0.307827
0 0.357283 0.628577 -0.404370 -0.321144
0 0.269360 0.644017 -0.274599 -0.371125
0 0.269179 0.642882 -0.274722 -0.373680
0 0.353414 0.623208 -0.509426 -0.611117
0 0.269333 0.641323 -0.275747 -0.382863
0 0.269566 0.639483 -0.273906 -0.389034
0 0.269743 0.643060 -0.276058 -0.380610
0 0.270103 0.640638 -0.273340 -0.387073
0 0.354126 0.623846 -0.507597 -0.608866
0 0.361695 0.633072 -0.399030 -0.335446
0 0.361401 0.631840 -0.399446 -0.334111
0 0.352014 0.614229 -0.507160 -0.617119
0 0.352370 0.613622 -0.505983 -0.615239
0 0.269170 0.638651 -0.276188 -0.389555
0 0.269085 0.638105 -0.267420 -0.373037
0 0.269148 0.638556 -0.267127 -0.372601
0 0.265299 0.641743 -0.290513 -0.375803
0 0.264533 0.639196 -0.292073 -0.378322
0 0.356366 0.639653 -0.401568 -0.314192
0 0.354982 0.637953 -0.402935 -0.316463
0 0.264698 0.637422 -0.291505 -0.386165
0 0.361001 0.621669 -0.400213 -0.344679
0 0.351173 0.615049 -0.513910 -0.605570
0 0.351163 0.615557 -0.513684 -0.605234
0 0.351072 0.615258 -0.514169 -0.605390
0 0.360409 0.655375 -0.399441 -0.306529
0 0.360679 0.657628 -0.399184 -0.300097
0 0.352814 0.613648 -0.513924 -0.613679
0 0.352728 0.613679 -0.514016 -0.613559
0 0.357381 0.605079 -0.406711 -0.332459
0 0.357175 0.602783 -0.406619 -0.333719
0 0.352746 0.612799 -0.513565 -0.614738
0 0.357712 0.632780 -0.448594 -0.496577
