0 0.620283 0.475292 -1.081758 -0.732271
0 0.620023 0.477112 -1.081743 -0.729988
0 0.620672 0.478437 -1.078866 -0.722619
0 0.621492 0.477123 -1.077169 -0.724585
0 0.621294 0.477861 -1.078041 -0.724203
0 0.725288 0.558068 -0.751271 -0.166683
0 0.621612 0.476039 -1.078335 -0.730331
0 0.621189 0.478143 -1.077330 -0.722610
0 0.724757 0.557856 -0.753011 -0.166375
0 0.621445 0.477594 -1.077825 -0.724817
0 0.621380 0.475761 -1.078663 -0.731671
0 0.621870 0.478347 -1.077527 -0.722145
0 0.726664 0.558193 -0.750779 -0.164558
0 0.624461 0.475003 -1.077287 -0.724539
0 0.620898 0.475954 -1.079587 -0.729804
0 0.622216 0.476712 -1.077136 -0.725090
0 0.622262 0.477195 -1.077217 -0.723604
0 0.728982 0.551614 -0.724017 -0.183522
0 0.729091 0.551613 -0.724379 -0.184576
0 0.729040 0.551942 -0.726522 -0.183879
0 0.730646 0.551667 -0.743284 -0.212092
0 0.760743 0.624083 0.566942 0.147263
0 0.729691 0.546483 -0.746380 -0.225965
