0 0.482710 0.768054 -0.362096 -0.148986
0 0.482461 0.766538 -0.362362 -0.149535
0 0.482329 0.766927 -0.363210 -0.149375
0 0.482157 0.776065 -0.360604 -0.139776
0 0.483096 0.775867 -0.358595 -0.141914
0 0.483368 0.775797 -0.358003 -0.141231
0 0.484026 0.766735 -0.354648 -0.150518
0 0.482984 0.765709 -0.356849 -0.151702
0 0.481265 0.766792 -0.359900 -0.150451
0 0.494690 0.771039 -0.337023 -0.173004
0 0.492985 0.755864 -0.337733 -0.175156
0 0.485676 0.793098 -0.349437 -0.131007
0 0.484777 0.794001 -0.351021 -0.131336
