0 0.296989 0.849032 0.199445 -0.128975
0 0.277196 0.845200 0.181479 -0.131963
0 0.275963 0.849347 0.178503 -0.123484
0 0.296554 0.853333 0.198774 -0.121264
0 0.275024 0.850133 0.178703 -0.125253
0 0.298308 0.854991 0.199820 -0.120178
0 0.300846 0.907576 0.192794 -0.080085
0 0.301394 0.905803 0.193718 -0.085140
0 0.300266 0.908604 0.190815 -0.077538
0 0.269150 0.902219 0.172391 -0.089997
0 0.269184 0.903753 0.172618 -0.088269
0 0.267678 0.903302 0.171286 -0.089488
0 0.569955 0.256374 -0.881853 -0.077352
0 0.570280 0.256875 -0.880795 -0.077374
0 0.570091 0.252428 -0.879840 -0.080565
0 0.569739 0.252294 -0.880582 -0.081087
0 0.735919 1.238933 0.107458 0.846150
0 0.616724 0.220031 -1.022681 -0.138188
0 0.568287 0.255893 -0.884767 -0.077906
0 0.617459 0.222329 -1.022517 -0.130790
0 0.620459 0.225839 -1.023091 -0.124059
0 0.617527 0.222154 -1.022473 -0.131614
0 0.568919 0.255065 -0.883873 -0.079318
0 0.617308 0.225691 -1.029386 -0.125146
0 0.616343 0.219894 -1.023507 -0.138990
0 0.568228 0.254628 -0.884974 -0.080596
0 0.617384 0.222117 -1.022735 -0.131351
0 0.570158 0.255603 -0.880731 -0.080937
0 0.569695 0.255410 -0.881386 -0.080965
0 0.569740 0.255451 -0.881551 -0.081547
0 0.621013 0.226339 -1.021611 -0.123336
0 0.617248 0.225476 -1.026700 -0.131964
0 0.567393 0.251778 -0.884219 -0.084984
0 0.079079 0.977471 0.051863 -1.006999
0 0.618533 0.226183 -1.027764 -0.125713
0 0.078536 0.977613 0.051655 -1.003973
0 0.617147 0.222351 -1.021389 -0.135428
0 0.617347 0.222518 -1.020957 -0.135712
0 0.567292 0.251364 -0.884143 -0.084650
0 0.617231 0.222727 -1.020835 -0.134263
0 0.618579 0.226195 -1.024103 -0.128738
0 0.614453 0.223595 -1.028976 -0.127756
0 0.298407 0.874737 0.192335 -0.161053
0 0.614688 0.222586 -1.028723 -0.129811
0 0.800968 1.230749 0.132170 0.847715
