0 0.140178 0.632064 0.094363 -0.383458
0 0.140089 0.630885 0.094106 -0.386939
0 0.610726 1.117453 0.220345 -0.190169
0 0.610200 1.116485 0.218472 -0.192447
0 0.628624 0.681279 -0.606303 -0.408892
0 0.629176 0.682449 -0.604551 -0.408082
0 0.628411 0.682843 -0.607073 -0.406074
0 0.626794 0.679901 -0.613946 -0.407374
0 0.627103 0.679998 -0.613192 -0.407958
0 0.627566 0.680130 -0.612022 -0.408020
0 0.611437 1.113342 0.222267 -0.202591
0 0.140681 0.626426 0.095803 -0.406163
0 0.140894 0.627610 0.096252 -0.402351
0 0.140551 0.628250 0.094555 -0.402098
0 0.599561 1.122230 0.198518 -0.167392
0 0.599067 1.121208 0.198080 -0.169235
0 0.630846 0.680125 -0.596544 -0.407651
0 0.630464 0.680996 -0.596798 -0.402543
0 0.140716 0.624804 0.097121 -0.403465
0 0.140784 0.623316 0.096637 -0.406039
0 0.140484 0.631060 0.095637 -0.393418
0 0.600405 1.113751 0.199986 -0.188391
0 0.140813 0.624063 0.096828 -0.404713
0 0.140192 0.630186 0.094841 -0.395346
0 0.628841 0.673185 -0.606523 -0.419379
0 0.629493 0.679714 -0.614268 -0.407468
0 0.628374 0.679884 -0.616065 -0.406671
0 0.629937 0.680606 -0.612949 -0.406536
0 0.629255 0.674790 -0.606590 -0.413748
0 0.139108 0.636566 0.094254 -0.378287
0 0.139892 0.635432 0.095173 -0.381887
0 0.143026 0.632243 0.095738 -0.382207
0 0.608328 1.110553 0.225878 -0.233071
0 0.609769 1.112635 0.228221 -0.230075
0 0.613445 1.106608 0.236804 -0.242766
0 0.138792 0.630517 0.092718 -0.392308
0 0.140304 0.630152 0.096137 -0.393616
0 0.139918 0.628134 0.095694 -0.397956
0 0.144258 0.630737 0.096763 -0.394285
0 0.633173 0.666021 -0.606959 -0.420678
0 0.633390 0.670023 -0.605950 -0.414497
0 0.074702 0.368120 -0.025161 -0.052339
0 0.075082 0.369201 -0.024481 -0.050953
0 0.075179 0.367700 -0.024072 -0.051926
0 0.073133 0.344947 -0.027933 -0.067160
0 0.436030 0.455128 -0.297146 -0.507310
0 0.142679 0.620035 0.095809 -0.403246
0 0.142260 0.620297 0.094845 -0.402741
0 0.073411 0.345042 -0.027644 -0.066913
0 0.141994 0.619008 0.094178 -0.407914
0 0.596918 1.138668 0.199127 -0.074686
0 0.436007 0.456447 -0.296695 -0.505884
0 0.073470 0.344808 -0.027373 -0.067597
0 0.620834 0.662788 -0.613986 -0.427463
0 0.597768 1.136725 0.200593 -0.079825
0 0.621938 0.664875 -0.612841 -0.422826
0 0.438127 0.456182 -0.299510 -0.510699
0 0.632072 0.684107 -0.577720 -0.402994
