0 0.445255 0.655502 -0.377442 -0.498388
0 0.444852 0.654365 -0.377763 -0.500774
0 0.445418 0.652274 -0.379362 -0.502968
0 0.444612 0.654872 -0.378515 -0.499726
0 0.445192 0.651150 -0.379663 -0.506195
0 0.443932 0.652026 -0.380724 -0.504145
0 0.442051 0.649273 -0.384574 -0.511693
0 0.440877 0.649223 -0.386562 -0.510639
0 0.109369 1.100832 0.060204 -1.106697
0 0.108700 1.094859 0.059388 -1.114370
0 0.110285 1.100220 0.062867 -1.102179
0 0.110338 1.100359 0.063097 -1.102398
0 0.165651 1.092118 -0.075255 -1.129560
0 0.166039 1.092996 -0.075037 -1.127422
0 0.109668 1.100022 0.062034 -1.098447
0 0.109997 1.100196 0.062681 -1.097913
0 0.165075 1.099548 -0.076124 -1.123292
0 0.164090 1.094462 -0.077791 -1.130406
0 0.166434 1.092554 -0.074336 -1.132204
0 0.111833 1.099842 0.067067 -1.106114
0 0.111858 1.099758 0.067369 -1.105819
0 0.166603 1.092618 -0.074053 -1.132364
0 0.167269 1.092541 -0.070962 -1.126195
0 0.166725 1.091136 -0.071363 -1.128418
0 0.445430 0.653290 -0.376319 -0.500312
0 0.442237 0.655810 -0.381073 -0.500126
0 0.445840 0.651502 -0.375882 -0.503402
0 0.445530 0.650822 -0.376801 -0.504285
0 0.441718 0.648086 -0.382610 -0.509197
0 0.441129 0.655967 -0.383223 -0.501520
0 0.440634 0.647117 -0.384180 -0.508279
0 0.162639 1.100577 -0.077606 -1.124426
0 0.161916 1.095473 -0.079137 -1.132501
0 0.163906 1.090695 -0.078335 -1.139995
0 0.108537 1.099690 0.048879 -1.114017
0 0.163273 1.090756 -0.079225 -1.152945
0 0.107606 1.097080 0.047097 -1.115621
0 0.162784 1.085944 -0.079636 -1.161996
0 0.110548 1.103346 0.061783 -1.090075
0 0.105269 1.098464 0.063499 -1.121776
0 0.110715 1.100832 0.062272 -1.096432
0 0.161993 1.091929 -0.079160 -1.143022
0 0.107945 1.089370 0.057809 -1.129340
0 0.163288 1.084475 -0.079103 -1.165634
0 0.105854 1.097116 0.064564 -1.121567
0 0.576275 0.311242 -1.082803 -0.362752
0 0.107715 1.090665 0.059998 -1.152396
0 0.576396 0.311253 -1.082504 -0.362608
0 0.107754 1.087622 0.060816 -1.158361
0 0.108031 1.083390 0.061040 -1.167723
0 0.576567 0.308826 -1.082813 -0.370971
0 0.576048 0.311688 -1.083035 -0.361881
0 0.576103 0.309389 -1.084602 -0.371671
0 0.441689 0.656944 -0.386603 -0.504672
0 0.578292 0.309440 -1.080783 -0.366031
0 0.105980 1.089074 0.064905 -1.145859
0 0.167653 1.093153 -0.071474 -1.113573
