0 0.238140 0.848388 -0.306686 -0.669245
0 0.238987 0.853785 -0.305137 -0.661072
0 0.238307 0.857278 -0.305747 -0.647065
0 0.212360 0.847637 -0.167436 -0.702969
0 0.212553 0.847847 -0.168057 -0.701710
0 0.238265 0.848147 -0.308613 -0.656724
0 0.210261 0.840972 -0.167702 -0.739507
0 0.209805 0.840661 -0.169239 -0.741232
0 0.209964 0.837848 -0.169413 -0.746203
0 0.212788 0.844548 -0.167639 -0.705568
0 0.238240 0.849620 -0.306623 -0.670231
0 0.212171 0.842479 -0.169196 -0.708239
0 0.212127 0.841389 -0.169474 -0.711722
0 0.239777 0.858969 -0.301807 -0.645199
0 0.235191 0.850215 -0.313440 -0.660812
0 0.209575 0.836585 -0.170518 -0.758219
0 0.235176 0.853158 -0.313693 -0.655120
0 0.209973 0.839356 -0.169187 -0.751934
0 0.209547 0.838466 -0.170405 -0.754993
0 0.235535 0.847749 -0.313361 -0.667975
0 0.240482 0.849516 -0.306564 -0.686226
0 0.240452 0.851903 -0.302551 -0.650318
0 0.240597 0.852873 -0.306347 -0.680254
0 0.214438 0.850922 -0.168575 -0.686676
0 0.258738 0.852410 -0.145434 -0.683229
0 0.214018 0.851507 -0.169080 -0.684379
0 0.240698 0.847226 -0.306374 -0.691373
0 0.261161 0.852069 -0.145201 -0.681963
0 0.209812 0.837678 -0.167448 -0.712419
0 0.209478 0.833599 -0.168746 -0.719886
0 0.209349 0.838596 -0.168839 -0.712944
0 0.210888 0.844688 -0.166839 -0.741749
0 0.210638 0.847314 -0.166405 -0.736582
0 0.323506 0.582994 -0.393450 -0.836092
0 0.329515 0.578473 -0.389309 -0.846731
0 0.325023 0.582885 -0.392675 -0.833938
0 0.236919 0.834855 -0.305797 -0.662184
0 0.323916 0.582361 -0.393368 -0.832361
0 0.235753 0.835416 -0.307868 -0.663301
