0 0.630193 0.701537 -1.034868 -0.962145
0 0.630672 0.702834 -1.036235 -0.958441
0 0.630711 0.706363 -1.036824 -0.959153
0 0.630855 0.704703 -1.033760 -0.958969
0 0.629975 0.704029 -1.037891 -0.962555
0 0.630671 0.700422 -1.033945 -0.963522
0 0.630815 0.702563 -1.035363 -0.959381
0 0.630682 0.702380 -1.036303 -0.959778
0 0.630864 0.703565 -1.033710 -0.961263
0 0.631248 0.704068 -1.033908 -0.960448
0 0.558848 0.710988 -0.920750 -0.993914
0 0.555885 0.703125 -0.917530 -1.009936
0 0.558922 0.709641 -0.920547 -0.997001
0 0.559892 0.710495 -0.919090 -0.994987
0 0.557000 0.702492 -0.913877 -1.010563
0 0.514988 0.704852 -0.845931 -1.031304
0 0.558175 0.705604 -0.918781 -1.001064
0 0.558558 0.705930 -0.917838 -1.000805
0 0.512525 0.706385 -0.850116 -1.031478
0 0.630383 0.701325 -1.039303 -0.964885
0 0.630508 0.695007 -1.036939 -0.964782
0 0.514927 0.706680 -0.845795 -1.029648
0 0.513861 0.699810 -0.851190 -1.038504
0 0.556953 0.705662 -0.905737 -1.007966
0 0.514867 0.706113 -0.845891 -1.029461
0 0.557823 0.707670 -0.919707 -0.999219
0 0.557980 0.710076 -0.919862 -0.996184
0 0.466361 0.721570 -0.724048 -0.972584
0 0.557784 0.710288 -0.919935 -0.994618
0 0.629748 0.694654 -1.037837 -0.965335
0 0.557997 0.708405 -0.920193 -0.998604
0 0.630380 0.701320 -1.038841 -0.965012
0 0.559358 0.706088 -0.898394 -1.007405
0 0.512580 0.705651 -0.851701 -1.027651
0 0.631293 0.708500 -1.032609 -0.946745
0 0.557860 0.709171 -0.919513 -0.997148
0 0.514546 0.709134 -0.846507 -1.024446
0 0.632850 0.709414 -1.030375 -0.945535
0 0.512719 0.705477 -0.851524 -1.029602
0 0.557732 0.709818 -0.919413 -0.995088
0 0.466741 0.720231 -0.722455 -0.976113
0 0.462939 0.728731 -0.728654 -0.955969
0 0.515365 0.703584 -0.845972 -1.038492
0 0.515754 0.703525 -0.845108 -1.038447
0 0.559388 0.703420 -0.915966 -1.001004
0 0.512785 0.705332 -0.851810 -1.028874
0 0.559891 0.703634 -0.914947 -1.000812
0 0.628780 0.704270 -1.035814 -0.964586
0 0.628834 0.704792 -1.035487 -0.965088
0 0.632773 0.701138 -1.036262 -0.968602
0 0.629141 0.704566 -1.035254 -0.965085
0 0.555189 0.721233 -0.915912 -0.986515
0 0.464138 0.727035 -0.725609 -0.959682
0 0.630960 0.701582 -1.039430 -0.967882
0 0.514189 0.705413 -0.847448 -1.038931
0 0.633964 0.693256 -1.035257 -0.969482
0 0.514285 0.704507 -0.846877 -1.040205
0 0.515816 0.704553 -0.847715 -1.034832
0 0.464418 0.724920 -0.724305 -0.964743
0 0.464322 0.725566 -0.724610 -0.965595
0 0.465003 0.724495 -0.723866 -0.966898
0 0.515880 0.706755 -0.842877 -1.024017
0 0.631761 0.693737 -1.039400 -0.968568
