0 0.338933 1.861427 0.230286 0.617972
0 1.124960 1.819136 -1.205854 0.267010
0 1.125493 1.817503 -1.206264 0.266969
0 0.858557 1.832121 -0.810723 0.258658
0 0.857727 1.826505 -0.812925 0.249935
0 1.130688 1.816512 -1.190045 0.272564
0 1.131293 1.813420 -1.190071 0.268747
0 0.462146 1.831908 -0.150611 0.406574
0 0.661580 1.860357 -0.366222 0.485122
0 0.661049 1.859115 -0.367906 0.476552
0 0.467409 1.837488 -0.137967 0.406511
0 0.864604 1.836887 -0.796047 0.274102
0 0.662700 1.866306 -0.394464 0.570641
0 0.664456 1.878652 -0.392015 0.587229
0 0.865959 1.834367 -0.794582 0.269349
0 1.124672 1.791441 -1.195203 0.171655
0 1.135363 1.817886 -1.181747 0.253169
0 1.134479 1.814562 -1.186828 0.245521
0 0.861442 1.795838 -0.816528 0.188842
0 0.460438 1.809523 -0.163521 0.421166
0 0.859400 1.811033 -0.823062 0.237097
0 0.858303 1.807391 -0.820305 0.230486
0 0.463086 1.819115 -0.156824 0.433450
0 1.112435 1.790159 -1.175081 0.185077
0 0.853143 1.800250 -0.771648 0.203156
0 0.453571 1.833782 -0.141461 0.410121
0 0.453082 1.837518 -0.140668 0.414247
0 0.839194 1.831416 -0.773626 0.280190
0 0.845591 1.829773 -0.764940 0.279178
0 1.136040 1.793867 -1.217945 0.171255
