0 0.792264 1.218250 -0.315416 0.402766
0 0.791648 1.226470 -0.316977 0.419040
0 0.419193 1.190744 -0.241866 0.351564
0 0.418390 1.199508 -0.244038 0.367831
0 0.339929 1.246558 0.224504 0.558879
0 0.803596 1.206743 -0.284928 0.381919
0 0.802013 1.210083 -0.287902 0.386934
0 0.781998 1.211641 -0.362145 0.391563
0 0.782767 1.208032 -0.362381 0.382404
0 0.432207 1.200960 -0.221526 0.374756
0 0.433279 1.194767 -0.223866 0.360618
0 0.781523 1.225983 -0.244295 0.424040
0 0.784321 1.234834 -0.238479 0.440274
0 0.407498 1.090973 -0.265730 0.344100
0 0.407172 1.090781 -0.264877 0.344535
