0 0.500210 0.723863 -0.369899 -0.381017
0 0.500164 0.723795 -0.370339 -0.380842
0 0.499823 0.723258 -0.370177 -0.381111
0 0.501641 0.723738 -0.366551 -0.379374
0 0.500217 0.724449 -0.368774 -0.377907
0 0.500994 0.725035 -0.368276 -0.378199
0 0.503134 0.711989 -0.357857 -0.413487
0 0.503544 0.711251 -0.352821 -0.402177
0 0.503169 0.708935 -0.357624 -0.420086
0 0.503271 0.705835 -0.353503 -0.410174
0 0.499368 0.718002 -0.370657 -0.374620
0 0.499264 0.716965 -0.371384 -0.376856
0 0.499846 0.716753 -0.371350 -0.376838
0 0.499692 0.726884 -0.373313 -0.390169
0 0.499696 0.726566 -0.374189 -0.391949
0 0.500015 0.726690 -0.373268 -0.391188
0 0.338567 1.036483 -0.420890 -1.480867
0 0.338230 1.036548 -0.422777 -1.481823
0 0.494439 0.710603 -0.368619 -0.399988
0 0.496059 0.707078 -0.371774 -0.434469
0 0.497076 0.710248 -0.370320 -0.426804
0 0.493103 0.704878 -0.370385 -0.411130
0 0.339512 1.036857 -0.424922 -1.485783
0 0.339639 1.036886 -0.424262 -1.484646
0 0.339481 1.037397 -0.425009 -1.482980
